0.0015 0.0053 0.0071 0.0014 0.0000 0.0002 0.0000 0.0000 0.0000 0.0000 0.0000 0.0000 0.0000 0.0000 0.0000 0.0000 0.0000 0.0000 0.0000 0.0000 0.0000 0.0000 0.0000 0.0000 0.0000 0.0000 0.0000 0.0000 0.0000 0.0000 0.0000 0.0000 0.0025 0.0066 0.0050 0.0271 0.0209 0.0114 0.0000 0.0000 0.0000 0.0000 0.0000 0.0000 0.0000 0.0131 0.0553 0.0368 0.0645 0.0561 0.0375 0.0321 0.0113 0.0741 0.0650 0.0360 0.0833 0.2155 0.1464 0.1579 0.1207 0.0945 0.0478 0.0568
0.0000 0.0000 0.0000 0.0000 0.0000 0.0011 0.0000 0.0000 0.0002 0.0000 0.0000 0.0000 0.0000 0.0000 0.0000 0.0052 0.0000 0.0003 0.0002 0.0001 0.0054 0.0000 0.0000 0.0000 0.0006 0.0001 0.0599 0.0742 0.0914 0.1829 0.3748 0.2657 0.0876 0.1333 0.0000 0.0774 0.0000 0.0000 0.0000 0.5842 0.5187 0.4857 0.2011 0.2705 0.4839 0.3092 0.0000 0.0001 0.0031 0.0082 0.2001 0.0509 0.0000 0.0000 0.0000 0.0000 0.0001 0.0001 0.0000 0.0000 0.0000 0.0000 0.2826 0.2637
0.0000 0.0000 0.0000 0.0000 0.0001 0.0000 0.0000 0.0000 0.0000 0.0000 0.0000 0.0002 0.0000 0.0108 0.0000 0.0000 0.0000 0.0000 0.0000 0.0032 0.0000 0.0000 0.0034 0.0000 0.0146 0.0048 0.0000 0.0000 0.0000 0.0000 0.0003 0.0011 0.0000 0.0000 0.0000 0.0000 0.0000 0.0000 0.0037 0.0049 0.0045 0.0006 0.0047 0.0008 0.0000 0.0001 0.0012 0.0027 0.0005 0.0002 0.0000 0.0001 0.0000 0.0000 0.0249 0.0117 0.0483 0.0242 0.0000 0.0000 0.0000 0.0000 0.0000 0.0000
0.0000 0.0000 0.0000 0.0000 0.0000 0.0000 0.0000 0.0000 0.0000 0.0000 0.0000 0.0000 0.0000 0.0000 0.0000 0.0000 0.0000 0.0000 0.0000 0.0000 0.0000 0.0000 0.0000 0.0000 0.0000 0.0000 0.0000 0.0000 0.0000 0.0000 0.0000 0.0000 0.0000 0.0000 0.0000 0.0000 0.0000 0.0000 0.0000 0.0000 0.0000 0.0000 0.0000 0.0000 0.0000 0.0000 0.0000 0.0000 0.0000 0.0000 0.0000 0.0000 0.0000 0.0000 0.0000 0.0000 0.0000 0.0000 0.0000 0.0000 0.0000 0.0000 0.0000 0.0000
0.0003 0.0238 0.0014 0.0032 0.0032 0.0006 0.0010 0.0030 0.0094 0.0090 0.0271 0.0496 0.0019 0.0009 0.0230 0.0025 0.0004 0.3780 0.0000 0.0180 0.0280 0.0000 0.0000 0.0000 0.0000 0.0000 0.0000 0.0000 0.0000 0.0000 0.0000 0.0056 0.0000 0.0000 0.0057 0.0058 0.0033 0.0066 0.0149 0.0081 0.0098 0.0056 0.0223 0.0000 0.0000 0.0000 0.0001 0.0000 0.0127 0.0003 0.0006 0.0314 0.0000 0.0000 0.0353 0.0121 0.0000 0.0000 0.0212 0.0000 0.0000 0.0000 0.0000 0.0000
0.7411 0.7310 0.5127 0.4764 0.5600 0.4773 0.3529 0.4549 0.4100 0.4242 0.3648 0.4002 0.5476 0.1919 0.2057 0.0031 0.6554 0.4767 0.4696 0.5552 0.4164 0.1015 0.0000 0.5996 0.5719 0.4129 0.4089 0.3981 0.0011 0.0000 0.0003 0.0389 0.3880 0.3378 0.0795 0.3524 0.2187 0.1740 0.0998 0.0015 0.0000 0.0000 0.0000 0.0000 0.0000 0.0000 0.0000 0.0000 0.0000 0.0000 0.0000 0.0000 0.0000 0.0000 0.0000 0.0000 0.0000 0.0000 0.0000 0.0000 0.0000 0.0000 0.0006 0.0001
0.0000 0.0000 0.0000 0.0000 0.0111 0.0021 0.0032 0.0010 0.0096 0.0000 0.0000 0.0024 0.0095 0.0017 0.0000 0.0000 0.1043 0.0000 0.0000 0.0000 0.0000 0.2874 0.3268 0.0000 0.0000 0.1651 0.0891 0.0000 0.0000 0.0000 0.0001 0.0003 0.0000 0.0000 0.0002 0.0003 0.0000 0.0000 0.0000 0.0010 0.0006 0.0003 0.0000 0.0000 0.0000 0.0118 0.0130 0.0296 0.0013 0.0003 0.0000 0.0013 0.0007 0.0013 0.0012 0.0005 0.0026 0.0021 0.0006 0.0001 0.0006 0.0005 0.0001 0.0001
0.0020 0.0017 0.0002 0.0000 0.0000 0.0000 0.0000 0.0000 0.0000 0.0000 0.0000 0.0010 0.0000 0.0000 0.0000 0.0000 0.0000 0.0000 0.0009 0.0001 0.0140 0.0001 0.0029 0.0011 0.0042 0.0008 0.0065 0.0061 0.0037 0.0154 0.0325 0.0302 0.0142 0.0000 0.0000 0.0000 0.0000 0.0073 0.0000 0.0000 0.0000 0.0001 0.0000 0.0058 0.0000 0.0000 0.0000 0.0000 0.0000 0.0096 0.0005 0.0000 0.0029 0.0039 0.0012 0.0006 0.0012 0.0000 0.0000 0.0000 0.0000 0.0000 0.0000 0.0000
0.0000 0.0027 0.0000 0.0068 0.0128 0.0241 0.0294 0.0266 0.0181 0.0181 0.0000 0.0000 0.0000 0.0000 0.0026 0.0031 0.0000 0.0000 0.0000 0.0000 0.0000 0.0000 0.0000 0.0000 0.0000 0.0000 0.0000 0.0000 0.0000 0.0000 0.0000 0.0000 0.0000 0.0000 0.0000 0.0000 0.0000 0.0001 0.0001 0.0000 0.0001 0.0000 0.0061 0.0000 0.0000 0.0000 0.0000 0.0000 0.0000 0.0000 0.0092 0.0000 0.0000 0.0000 0.0000 0.0000 0.0000 0.0000 0.0000 0.0000 0.0000 0.0000 0.0000 0.0000
0.0000 0.0000 0.0004 0.0000 0.0005 0.0002 0.0000 0.0000 0.0000 0.0000 0.0000 0.0000 0.0000 0.0000 0.0000 0.0000 0.0091 0.0000 0.0000 0.0000 0.0042 0.0000 0.0000 0.0007 0.0000 0.0007 0.0033 0.0048 0.0843 0.0694 0.0373 0.0332 0.0016 0.0009 0.0043 0.0004 0.0003 0.0004 0.1267 0.0001 0.0000 0.2417 0.0057 0.2802 0.0580 0.3702 0.5634 0.5214 0.5945 0.6684 0.4099 0.5009 0.3980 0.5814 0.6982 0.8704 0.6797 0.5676 0.5970 0.6699 0.6979 0.7494 0.2115 0.4071
0.0000 0.0000 0.0000 0.0000 0.0000 0.0000 0.0000 0.0000 0.0000 0.0000 0.0000 0.0000 0.0000 0.0000 0.0000 0.0000 0.0000 0.0000 0.0000 0.0000 0.0000 0.0000 0.0000 0.0000 0.0000 0.0000 0.0000 0.0000 0.0000 0.0000 0.0000 0.0000 0.0000 0.0000 0.0000 0.0000 0.0000 0.0000 0.0000 0.0000 0.0000 0.0000 0.0000 0.0000 0.0000 0.0000 0.0000 0.0000 0.0000 0.0000 0.0000 0.0000 0.0000 0.0000 0.0000 0.0000 0.0000 0.0000 0.0000 0.0000 0.0000 0.0000 0.0000 0.0000
0.0000 0.0000 0.2336 0.2764 0.2125 0.2539 0.3305 0.2435 0.2974 0.2997 0.3583 0.3502 0.2270 0.0144 0.1337 0.0019 0.0347 0.0670 0.3705 0.2558 0.0123 0.1048 0.0001 0.1555 0.0192 0.0043 0.0111 0.0028 0.4120 0.3093 0.2412 0.3059 0.0012 0.0000 0.4384 0.1692 0.1609 0.1517 0.1267 0.0011 0.0017 0.0003 0.0188 0.0213 0.0025 0.0000 0.0000 0.0000 0.0139 0.0000 0.0000 0.0000 0.0000 0.0000 0.0000 0.0000 0.0000 0.0000 0.0000 0.0011 0.0045 0.0000 0.0000 0.0000
0.0000 0.0000 0.0000 0.0000 0.0000 0.0000 0.0000 0.0000 0.0000 0.0000 0.0002 0.0000 0.0000 0.0000 0.0000 0.0000 0.0000 0.0000 0.0000 0.0000 0.0000 0.0000 0.0000 0.0000 0.0000 0.0000 0.0000 0.0000 0.0000 0.0000 0.0000 0.0000 0.0000 0.0000 0.0120 0.0000 0.0000 0.0000 0.0000 0.0000 0.0000 0.0000 0.0000 0.0000 0.0000 0.0000 0.0000 0.0000 0.0000 0.0007 0.0000 0.0014 0.0001 0.0010 0.0000 0.0000 0.0001 0.0000 0.0000 0.0000 0.0000 0.0000 0.0000 0.0000
0.0000 0.0005 0.0059 0.0000 0.0000 0.0000 0.0000 0.0000 0.0000 0.0000 0.0023 0.0003 0.0000 0.0000 0.0000 0.0000 0.0000 0.0000 0.0027 0.0023 0.0006 0.0000 0.0002 0.0000 0.0013 0.0004 0.0000 0.0000 0.0000 0.0000 0.0000 0.0000 0.0000 0.0000 0.0000 0.0000 0.0000 0.0000 0.0000 0.0000 0.0000 0.0000 0.0000 0.0000 0.0000 0.0000 0.0000 0.0000 0.0000 0.0000 0.0000 0.0000 0.0000 0.0000 0.0000 0.0001 0.0000 0.0000 0.0001 0.0001 0.0000 0.0000 0.0000 0.0003
0.0000 0.0000 0.0002 0.0007 0.0006 0.0000 0.0027 0.0017 0.0000 0.0002 0.0020 0.0001 0.0000 0.0000 0.0000 0.0000 0.0000 0.0000 0.0000 0.0055 0.0000 0.0000 0.0019 0.0000 0.0002 0.0000 0.0000 0.0000 0.0000 0.0002 0.0000 0.0000 0.0000 0.0000 0.0000 0.0000 0.0000 0.0000 0.0000 0.0000 0.0000 0.0000 0.0000 0.0000 0.0000 0.0000 0.0000 0.0002 0.0075 0.0081 0.0000 0.0000 0.0017 0.0016 0.0030 0.0035 0.0001 0.0000 0.0000 0.0001 0.0000 0.0000 0.0000 0.0000
0.0080 0.0070 0.0065 0.0076 0.0051 0.0166 0.0136 0.0091 0.0069 0.0010 0.0002 0.0005 0.0000 0.0000 0.0015 0.0034 0.0030 0.0000 0.0000 0.0001 0.0000 0.0000 0.0003 0.0000 0.0000 0.0000 0.0000 0.0001 0.0000 0.0000 0.0000 0.0003 0.0000 0.0000 0.0000 0.0000 0.0000 0.0000 0.0000 0.0000 0.0018 0.0008 0.0195 0.0179 0.0604 0.0161 0.0315 0.0000 0.0044 0.0000 0.0000 0.0000 0.0000 0.0000 0.0000 0.0050 0.0518 0.0415 0.0881 0.0627 0.0934 0.1160 0.0616 0.0345
0.0000 0.0000 0.0000 0.0000 0.0000 0.0000 0.0000 0.0000 0.0000 0.0000 0.0000 0.0074 0.0000 0.0000 0.0000 0.0000 0.0000 0.0000 0.0000 0.0000 0.0001 0.0000 0.0000 0.0000 0.0000 0.0000 0.0000 0.0000 0.0000 0.0000 0.0000 0.0000 0.0001 0.0000 0.0027 0.0001 0.0000 0.0000 0.0001 0.0000 0.0001 0.0000 0.0000 0.0000 0.0057 0.0007 0.0001 0.0641 0.0190 0.0013 0.0267 0.0395 0.0000 0.0000 0.0003 0.0054 0.0000 0.0000 0.0000 0.0000 0.0000 0.0000 0.0000 0.0000
0.0000 0.0154 0.0694 0.1316 0.0001 0.0024 0.1067 0.1070 0.1275 0.0919 0.0879 0.0807 0.0100 0.3595 0.5180 0.3379 0.0000 0.0000 0.0709 0.0455 0.1159 0.0000 0.0000 0.0000 0.0000 0.0000 0.0000 0.0002 0.0015 0.0094 0.0218 0.0083 0.0000 0.0000 0.0000 0.0003 0.0001 0.0000 0.0152 0.0000 0.0000 0.0041 0.0097 0.0000 0.0000 0.0000 0.0000 0.0000 0.0000 0.0000 0.0000 0.0002 0.0000 0.0000 0.0000 0.0000 0.0000 0.0000 0.0000 0.0000 0.0000 0.0000 0.0000 0.0000
0.0000 0.0000 0.0715 0.0465 0.0818 0.1104 0.0371 0.0779 0.0359 0.0250 0.0546 0.0007 0.0030 0.0004 0.0094 0.0012 0.0004 0.0002 0.0048 0.0144 0.0000 0.0013 0.0001 0.0001 0.0055 0.0000 0.0000 0.0000 0.0000 0.0000 0.0000 0.0169 0.0000 0.0000 0.0000 0.0000 0.0000 0.0000 0.0017 0.0000 0.0017 0.0003 0.0167 0.0000 0.0000 0.0000 0.0000 0.0000 0.0000 0.0000 0.0000 0.0005 0.0007 0.0000 0.0000 0.0002 0.0000 0.0004 0.0000 0.0000 0.0000 0.0000 0.0000 0.0000
0.0000 0.0000 0.0000 0.0000 0.0000 0.0000 0.0000 0.0000 0.0000 0.0000 0.0016 0.0038 0.0000 0.0000 0.0000 0.0051 0.0000 0.0000 0.0000 0.0016 0.0014 0.0001 0.2009 0.0000 0.0000 0.0000 0.0000 0.0000 0.0001 0.0010 0.0000 0.0000 0.0000 0.0000 0.0394 0.0003 0.0001 0.0001 0.0028 0.0020 0.0004 0.0002 0.0000 0.0005 0.0002 0.0010 0.0000 0.0000 0.0000 0.0000 0.0000 0.0003 0.0000 0.0000 0.0000 0.0001 0.0000 0.0001 0.0001 0.0002 0.0003 0.0001 0.0000 0.0000
0.0000 0.0000 0.0003 0.0003 0.0018 0.0000 0.0064 0.0065 0.0104 0.0044 0.0138 0.0140 0.0224 0.0054 0.0109 0.0127 0.0072 0.0083 0.0031 0.0000 0.0000 0.1046 0.0001 0.0000 0.0000 0.0000 0.0000 0.0000 0.0001 0.0006 0.0016 0.0100 0.0000 0.0000 0.0000 0.0000 0.0000 0.0000 0.0000 0.0000 0.0000 0.0000 0.0000 0.0000 0.0000 0.0000 0.0000 0.0000 0.0000 0.0000 0.0000 0.0000 0.0000 0.0000 0.0000 0.0000 0.0000 0.0004 0.0001 0.0000 0.0000 0.0000 0.2164 0.0000
0.0000 0.0000 0.0000 0.0000 0.0000 0.0000 0.0000 0.0000 0.0000 0.0000 0.0045 0.0000 0.0000 0.0003 0.0145 0.0000 0.0000 0.0000 0.0000 0.0000 0.0000 0.0000 0.0016 0.0010 0.0000 0.0000 0.0007 0.0000 0.0000 0.0000 0.0000 0.0000 0.0189 0.0000 0.0000 0.0000 0.0000 0.0000 0.0000 0.0000 0.0805 0.0330 0.0363 0.0272 0.0000 0.0000 0.0000 0.0000 0.0000 0.0000 0.0000 0.0000 0.0000 0.0000 0.0000 0.0000 0.0000 0.0000 0.0000 0.0000 0.0000 0.0000 0.0000 0.0000
0.0000 0.0000 0.0000 0.0000 0.0000 0.0000 0.0000 0.0000 0.0000 0.0000 0.0000 0.0000 0.0000 0.0000 0.0000 0.0000 0.0000 0.0000 0.0000 0.0000 0.0000 0.0000 0.0000 0.0012 0.0000 0.0000 0.0000 0.0003 0.0000 0.0015 0.0000 0.0007 0.0000 0.0000 0.0000 0.0000 0.0000 0.0000 0.0000 0.0000 0.0000 0.0000 0.0000 0.0000 0.0000 0.0000 0.0000 0.0000 0.0000 0.0000 0.0000 0.0000 0.0000 0.0000 0.0000 0.0000 0.0000 0.0001 0.0000 0.0000 0.0000 0.0000 0.0000 0.0000
0.0000 0.0000 0.0000 0.0000 0.0000 0.0000 0.0000 0.0000 0.0000 0.0000 0.0000 0.0000 0.0000 0.0000 0.0025 0.0000 0.0000 0.0000 0.0000 0.0000 0.0000 0.0000 0.0000 0.0000 0.0000 0.0000 0.0000 0.0000 0.0000 0.0000 0.0000 0.0000 0.0000 0.0000 0.0000 0.0000 0.0000 0.0000 0.0000 0.0000 0.0000 0.0000 0.0000 0.0000 0.0000 0.0000 0.0000 0.0000 0.0000 0.0004 0.0000 0.0006 0.0000 0.0000 0.0000 0.0000 0.0000 0.0000 0.0000 0.0000 0.0000 0.0000 0.0000 0.0000
0.0000 0.0000 0.0022 0.0021 0.0051 0.0027 0.0009 0.0016 0.0020 0.0014 0.0018 0.0013 0.0015 0.0006 0.0004 0.0016 0.0010 0.0006 0.0012 0.0009 0.0004 0.0031 0.0000 0.0000 0.0000 0.0000 0.0011 0.0017 0.0020 0.0032 0.0015 0.0010 0.0000 0.0000 0.0000 0.0000 0.0000 0.0000 0.0000 0.0000 0.0000 0.0000 0.0000 0.0000 0.0000 0.0000 0.0000 0.0000 0.0004 0.0000 0.0000 0.0000 0.0000 0.0000 0.0000 0.0000 0.0000 0.0000 0.0000 0.0000 0.0000 0.0000 0.0000 0.0000
0.0000 0.0000 0.0000 0.0000 0.0000 0.0000 0.0000 0.0000 0.0000 0.0000 0.0000 0.0000 0.0000 0.0000 0.0000 0.0000 0.0000 0.0000 0.0000 0.0000 0.0000 0.0000 0.0000 0.0000 0.0000 0.0000 0.0002 0.0000 0.0000 0.0000 0.0000 0.0000 0.0000 0.0000 0.0000 0.0000 0.0000 0.0000 0.0000 0.0000 0.0000 0.0001 0.0000 0.0000 0.0000 0.0000 0.0000 0.0000 0.0000 0.0000 0.0000 0.0009 0.0000 0.0000 0.0000 0.0000 0.0000 0.0000 0.0000 0.0000 0.0000 0.0000 0.0000 0.0000
0.0000 0.0000 0.0000 0.0000 0.0000 0.0000 0.0000 0.0005 0.0000 0.0000 0.0000 0.0000 0.0000 0.0000 0.0000 0.0000 0.0000 0.0024 0.0010 0.0047 0.0001 0.0000 0.0000 0.0000 0.0000 0.0000 0.0000 0.0001 0.0000 0.0000 0.0000 0.0148 0.0000 0.0000 0.0000 0.0000 0.0000 0.0000 0.0014 0.0006 0.0036 0.0002 0.0190 0.0054 0.0009 0.0004 0.0000 0.0000 0.0000 0.0000 0.0000 0.0006 0.0006 0.0225 0.0000 0.0000 0.0000 0.0000 0.0000 0.0000 0.0000 0.0000 0.0000 0.0001
0.0000 0.0000 0.0000 0.0000 0.0000 0.0016 0.0070 0.0039 0.0156 0.0000 0.0000 0.0000 0.0000 0.0000 0.0000 0.0000 0.0026 0.0000 0.0000 0.0001 0.0005 0.0000 0.0000 0.0000 0.0000 0.0000 0.0000 0.0000 0.0000 0.0000 0.0001 0.0000 0.0000 0.0000 0.0003 0.0000 0.0013 0.0311 0.0308 0.0093 0.0000 0.0369 0.0152 0.0383 0.0781 0.0106 0.0372 0.0188 0.0174 0.0001 0.0000 0.0069 0.0000 0.0000 0.0000 0.0000 0.0000 0.0000 0.0000 0.0000 0.0000 0.0000 0.0000 0.0000
0.0000 0.0000 0.0000 0.0000 0.0000 0.0000 0.0000 0.0000 0.0000 0.0000 0.0000 0.0000 0.0000 0.0000 0.0000 0.0000 0.0000 0.0000 0.0000 0.0000 0.0000 0.0000 0.0000 0.0000 0.0000 0.0000 0.0000 0.0000 0.0000 0.0000 0.0000 0.0000 0.0000 0.0000 0.0000 0.0000 0.0000 0.0000 0.0000 0.0000 0.0000 0.0000 0.0000 0.0000 0.0000 0.0000 0.0000 0.0000 0.0000 0.0000 0.0000 0.0008 0.0000 0.0286 0.0000 0.0000 0.0000 0.0000 0.0000 0.0000 0.0000 0.0000 0.0000 0.0000
0.0000 0.0024 0.0000 0.0002 0.0002 0.0003 0.0084 0.0095 0.0087 0.0012 0.0013 0.0009 0.0009 0.0002 0.0002 0.0004 0.0000 0.0000 0.0000 0.0000 0.0000 0.0000 0.0019 0.0000 0.0004 0.0001 0.0000 0.0000 0.0023 0.0036 0.0000 0.0000 0.0000 0.0000 0.0000 0.0000 0.0000 0.0000 0.0000 0.0000 0.0000 0.0139 0.0402 0.0346 0.1858 0.0184 0.0441 0.0843 0.0626 0.0001 0.0023 0.0131 0.0011 0.0000 0.0000 0.0000 0.0000 0.0000 0.0000 0.0000 0.0001 0.0005 0.0240 0.0253
0.0000 0.0000 0.0000 0.0000 0.0000 0.0000 0.0000 0.0000 0.0000 0.0000 0.0000 0.0000 0.0000 0.0000 0.0000 0.0000 0.0000 0.0000 0.0000 0.0000 0.0000 0.0000 0.0000 0.0000 0.0000 0.0000 0.0000 0.0000 0.0000 0.0000 0.0000 0.0000 0.0112 0.0130 0.0000 0.0013 0.0000 0.0000 0.0000 0.0000 0.0000 0.0000 0.0000 0.0000 0.0000 0.0000 0.0000 0.0000 0.0000 0.0000 0.0000 0.0000 0.0000 0.0000 0.0000 0.0000 0.0000 0.0000 0.0000 0.0000 0.0000 0.0000 0.0000 0.0000
0.0000 0.0000 0.0000 0.0000 0.0015 0.0063 0.0000 0.0000 0.0000 0.0000 0.0000 0.0000 0.0000 0.0000 0.0000 0.0017 0.0000 0.0000 0.0000 0.0000 0.0000 0.0000 0.0000 0.0000 0.0000 0.0000 0.0000 0.0000 0.0000 0.0000 0.0000 0.0000 0.0000 0.0000 0.0000 0.0012 0.0008 0.0000 0.0003 0.0000 0.0000 0.0000 0.0000 0.0207 0.0000 0.0000 0.0009 0.0042 0.0000 0.0002 0.0000 0.0010 0.0000 0.0123 0.0000 0.0000 0.0000 0.0000 0.0000 0.0000 0.0000 0.0000 0.0000 0.0000
0.0000 0.0000 0.0000 0.0000 0.0000 0.0000 0.0000 0.0000 0.0000 0.0000 0.0000 0.0000 0.0001 0.0000 0.0000 0.0000 0.0000 0.0000 0.0032 0.0027 0.0009 0.0005 0.0001 0.0102 0.0000 0.0107 0.0000 0.0000 0.0000 0.0000 0.0024 0.0000 0.0000 0.0111 0.0000 0.0000 0.0000 0.0000 0.0000 0.0000 0.0000 0.0001 0.0000 0.0000 0.0000 0.0000 0.0000 0.0000 0.0000 0.0000 0.0000 0.0004 0.0001 0.0004 0.0002 0.0007 0.0002 0.0001 0.0000 0.0000 0.0000 0.0000 0.0001 0.0000
0.0004 0.0001 0.0000 0.0000 0.0000 0.0000 0.0000 0.0000 0.0000 0.0000 0.0000 0.0000 0.0027 0.0000 0.0000 0.0000 0.0000 0.0000 0.0000 0.0000 0.0000 0.0000 0.0000 0.0000 0.0000 0.0000 0.0000 0.0000 0.0000 0.0000 0.0000 0.0000 0.0000 0.0000 0.0000 0.0000 0.0000 0.0000 0.0000 0.0001 0.0000 0.0000 0.0000 0.0031 0.1128 0.0000 0.0256 0.0389 0.0275 0.0495 0.0227 0.0294 0.3722 0.0326 0.0312 0.0062 0.0724 0.0738 0.0660 0.0583 0.0491 0.0000 0.0000 0.0001
0.0002 0.0017 0.0008 0.0000 0.0004 0.0002 0.0062 0.0000 0.0034 0.0000 0.0001 0.0009 0.0538 0.0186 0.0213 0.0172 0.0082 0.0001 0.0000 0.0000 0.0000 0.0000 0.0000 0.0000 0.0000 0.0000 0.0000 0.0000 0.0000 0.0001 0.0002 0.0000 0.0000 0.0000 0.0000 0.0000 0.0000 0.0000 0.0000 0.0000 0.0000 0.0000 0.0000 0.0000 0.0000 0.0000 0.0000 0.0000 0.0000 0.0000 0.0000 0.0000 0.0162 0.0000 0.0005 0.0000 0.0000 0.0000 0.0000 0.0000 0.0000 0.0000 0.0000 0.0000
0.0306 0.0102 0.0402 0.0360 0.0200 0.0089 0.0385 0.0400 0.0436 0.0641 0.0413 0.0509 0.0692 0.3472 0.0057 0.4535 0.0022 0.0052 0.0153 0.0195 0.3048 0.2463 0.4368 0.1498 0.1842 0.1298 0.1096 0.1527 0.2073 0.2222 0.1134 0.0000 0.0000 0.0000 0.0024 0.0000 0.1136 0.1217 0.1281 0.0000 0.0000 0.0003 0.0001 0.0001 0.0002 0.0001 0.0003 0.0067 0.0389 0.0049 0.0004 0.0000 0.0063 0.0000 0.0008 0.0001 0.0006 0.0001 0.0000 0.0005 0.0002 0.0000 0.0000 0.0000
0.0000 0.0000 0.0000 0.0000 0.0000 0.0000 0.0000 0.0000 0.0004 0.0590 0.0012 0.0186 0.0405 0.0309 0.0000 0.0000 0.0000 0.0000 0.0000 0.0000 0.0000 0.0000 0.0000 0.0000 0.0019 0.0000 0.0000 0.0000 0.0000 0.0000 0.0000 0.0000 0.0174 0.0135 0.0206 0.0166 0.0104 0.0405 0.0056 0.0000 0.0000 0.0001 0.0005 0.0000 0.0000 0.0000 0.0000 0.0000 0.0000 0.0344 0.0421 0.0180 0.0024 0.0197 0.0372 0.0177 0.0296 0.0099 0.0465 0.0020 0.0000 0.0000 0.0000 0.0000
0.0000 0.0000 0.0008 0.0000 0.0000 0.0000 0.0000 0.0000 0.0000 0.0000 0.0000 0.0000 0.0000 0.0000 0.0000 0.0000 0.0000 0.0000 0.0000 0.0013 0.0000 0.0000 0.0000 0.0000 0.0000 0.0000 0.0000 0.0000 0.0000 0.0007 0.0000 0.0000 0.0000 0.0000 0.0000 0.0000 0.0000 0.0000 0.0000 0.0000 0.0000 0.0464 0.0054 0.0468 0.0000 0.0001 0.0000 0.0375 0.0265 0.0128 0.0164 0.0198 0.0080 0.0593 0.0125 0.0048 0.0069 0.0094 0.0076 0.0000 0.0000 0.0000 0.0000 0.0000
0.0000 0.0000 0.0000 0.0000 0.0033 0.0011 0.0000 0.0000 0.0000 0.0000 0.0000 0.0004 0.0000 0.0007 0.0000 0.0000 0.0000 0.0000 0.0000 0.0001 0.0001 0.0000 0.0000 0.0000 0.0001 0.0003 0.0000 0.0000 0.0000 0.0004 0.0000 0.0000 0.0000 0.0000 0.0000 0.0000 0.0001 0.0000 0.0000 0.0000 0.0000 0.0001 0.0435 0.0055 0.0000 0.0000 0.0000 0.0000 0.0000 0.0000 0.0000 0.0000 0.0000 0.0000 0.0005 0.0000 0.0000 0.0000 0.0000 0.0000 0.0000 0.0000 0.0000 0.0000
0.0000 0.0000 0.0000 0.0000 0.0000 0.0000 0.0001 0.0000 0.0000 0.0000 0.0000 0.0000 0.0000 0.0002 0.0002 0.0003 0.0001 0.0001 0.0000 0.0000 0.0006 0.0000 0.0050 0.0000 0.0000 0.0029 0.0000 0.0000 0.0000 0.0000 0.0000 0.0001 0.0000 0.0000 0.0008 0.0000 0.0006 0.0000 0.0078 0.0090 0.0001 0.0001 0.0017 0.0006 0.0000 0.0001 0.0014 0.0007 0.0005 0.0000 0.0015 0.0012 0.0000 0.0228 0.0048 0.0003 0.0001 0.0001 0.0001 0.0001 0.0000 0.0009 0.0000 0.1992
0.0268 0.0677 0.0040 0.0078 0.0501 0.0723 0.0550 0.0029 0.0000 0.0000 0.0000 0.0008 0.0014 0.0000 0.0002 0.0005 0.0000 0.0000 0.0000 0.0000 0.0000 0.0000 0.0000 0.0000 0.0000 0.0062 0.0000 0.0000 0.0000 0.0000 0.0000 0.0000 0.0000 0.0000 0.0000 0.0000 0.0000 0.0000 0.0000 0.0000 0.0000 0.0000 0.0000 0.0369 0.0113 0.0093 0.0000 0.0000 0.0000 0.0002 0.0001 0.0005 0.0000 0.0000 0.0000 0.0000 0.0000 0.0000 0.0000 0.0000 0.0000 0.0000 0.0000 0.0000
0.0000 0.0000 0.0000 0.0000 0.0000 0.0000 0.0002 0.0008 0.0006 0.0006 0.0014 0.0000 0.0000 0.0000 0.0000 0.0038 0.0000 0.0000 0.0000 0.0000 0.0000 0.0144 0.0006 0.0000 0.0713 0.1788 0.2277 0.2698 0.0012 0.0000 0.0000 0.0000 0.1260 0.2111 0.0000 0.0000 0.0610 0.0005 0.0006 0.0012 0.0000 0.0002 0.0000 0.0000 0.0000 0.0000 0.0000 0.0011 0.0000 0.0000 0.0003 0.0017 0.0000 0.0084 0.0000 0.0000 0.0000 0.0000 0.0000 0.0000 0.0000 0.0000 0.0000 0.0000
0.0000 0.0000 0.0000 0.0000 0.0000 0.0000 0.0000 0.0000 0.0000 0.0000 0.0000 0.0000 0.0000 0.0000 0.0000 0.0000 0.0000 0.0000 0.0000 0.0000 0.0000 0.0000 0.0001 0.0000 0.0000 0.0000 0.0000 0.0000 0.0000 0.0000 0.0000 0.0000 0.0000 0.0000 0.0004 0.0000 0.0000 0.0000 0.0001 0.0000 0.0000 0.0000 0.0000 0.0000 0.0000 0.0000 0.0000 0.0003 0.0000 0.0000 0.0000 0.0006 0.0000 0.0000 0.0000 0.0000 0.0000 0.0000 0.0000 0.0000 0.0000 0.0000 0.0000 0.0000
0.0000 0.0000 0.0000 0.0000 0.0000 0.0000 0.0000 0.0000 0.0000 0.0000 0.0000 0.0000 0.0006 0.0162 0.0319 0.0282 0.0000 0.0033 0.0000 0.0001 0.0006 0.0000 0.0000 0.0001 0.0001 0.0000 0.0000 0.0000 0.0000 0.0000 0.0000 0.0000 0.0000 0.0051 0.0000 0.0000 0.0000 0.0000 0.0000 0.0000 0.0000 0.0000 0.0000 0.0002 0.0000 0.0000 0.0000 0.0000 0.0090 0.0104 0.0068 0.0098 0.0117 0.0135 0.0000 0.0000 0.0001 0.0002 0.0076 0.0092 0.0000 0.0000 0.0000 0.0000
0.0000 0.0000 0.0000 0.0000 0.0000 0.0000 0.0000 0.0000 0.0000 0.0000 0.0000 0.0000 0.0000 0.0000 0.0012 0.0003 0.0002 0.0001 0.0178 0.0384 0.0007 0.0000 0.0000 0.0007 0.0054 0.0040 0.0000 0.0000 0.0013 0.0002 0.0007 0.0479 0.0000 0.0074 0.0000 0.0000 0.0000 0.0000 0.0000 0.0000 0.0000 0.0651 0.0012 0.1267 0.0000 0.1437 0.1764 0.0247 0.0019 0.0007 0.0016 0.0012 0.0002 0.0006 0.0006 0.0006 0.0007 0.0004 0.0002 0.0004 0.0008 0.0004 0.0001 0.0001
0.0000 0.0000 0.0000 0.0000 0.0005 0.0000 0.0000 0.0000 0.0000 0.0000 0.0000 0.0000 0.0000 0.0000 0.0000 0.0000 0.0000 0.0000 0.0000 0.0000 0.0000 0.0000 0.0000 0.0000 0.0000 0.0000 0.0000 0.0000 0.0000 0.0000 0.0000 0.0006 0.0058 0.0000 0.0000 0.0000 0.0000 0.0000 0.0000 0.0000 0.0000 0.0000 0.0000 0.0000 0.0000 0.0000 0.0000 0.0000 0.0000 0.0000 0.0000 0.0000 0.0000 0.0000 0.0000 0.0000 0.0000 0.0000 0.0000 0.0000 0.0000 0.0000 0.0000 0.0000
0.0000 0.0000 0.0000 0.0000 0.0000 0.0000 0.0000 0.0000 0.0000 0.0000 0.0000 0.0140 0.0000 0.0000 0.0000 0.0000 0.0070 0.0049 0.0004 0.0149 0.0000 0.0000 0.0000 0.0000 0.0000 0.0000 0.0000 0.0000 0.0000 0.0000 0.0000 0.0000 0.0000 0.0000 0.0000 0.0000 0.0000 0.0000 0.0000 0.0000 0.0000 0.0000 0.0535 0.0000 0.0000 0.0080 0.0239 0.0392 0.0021 0.0003 0.0190 0.0000 0.0000 0.0000 0.0000 0.0000 0.0026 0.0003 0.0003 0.0002 0.0001 0.0003 0.0000 0.0000
0.0000 0.0000 0.0000 0.0000 0.0000 0.0000 0.0000 0.0000 0.0000 0.0000 0.0078 0.0000 0.0000 0.0000 0.0000 0.0000 0.0000 0.0000 0.0000 0.0000 0.0000 0.0000 0.0000 0.0000 0.0000 0.0000 0.0001 0.0000 0.0000 0.0000 0.0000 0.0000 0.0000 0.0000 0.0000 0.0000 0.0000 0.0000 0.0000 0.0000 0.0000 0.0000 0.0007 0.0000 0.0000 0.0002 0.0000 0.0000 0.0049 0.0164 0.0000 0.0000 0.0000 0.0000 0.0000 0.0000 0.0000 0.0000 0.0000 0.0000 0.0000 0.0000 0.0000 0.0000
0.0051 0.0005 0.0014 0.0000 0.0037 0.0010 0.0000 0.0000 0.0000 0.0000 0.0246 0.0000 0.0000 0.0002 0.0000 0.0056 0.0000 0.0000 0.0000 0.0000 0.0020 0.0027 0.0016 0.0019 0.0025 0.0000 0.0016 0.0010 0.0033 0.0240 0.0141 0.0232 0.0142 0.0000 0.0053 0.0041 0.0008 0.0065 0.0000 0.0154 0.0949 0.0000 0.0389 0.0000 0.0000 0.0249 0.0000 0.0000 0.0000 0.0315 0.0040 0.0085 0.0004 0.0000 0.0000 0.0000 0.0006 0.0000 0.0006 0.0033 0.0010 0.0001 0.0002 0.0000
0.0000 0.0000 0.0000 0.0000 0.0000 0.0016 0.0000 0.0000 0.0000 0.0000 0.0000 0.0000 0.0000 0.0000 0.0000 0.0088 0.1600 0.0000 0.0000 0.0000 0.0033 0.1017 0.0027 0.0000 0.0000 0.0000 0.0000 0.0000 0.0000 0.0000 0.0000 0.0183 0.1229 0.1690 0.0000 0.2440 0.3252 0.3042 0.2598 0.0061 0.0286 0.0010 0.0103 0.0063 0.0000 0.0002 0.0060 0.0428 0.0029 0.0014 0.0018 0.0953 0.0420 0.0012 0.0000 0.0000 0.0000 0.0002 0.0000 0.0002 0.0000 0.0088 0.0000 0.0000
0.0000 0.0000 0.0000 0.0000 0.0000 0.0001 0.0000 0.0000 0.0000 0.0000 0.0000 0.0000 0.0000 0.0000 0.0001 0.0000 0.0000 0.0000 0.0000 0.0000 0.0000 0.0000 0.0000 0.0000 0.0000 0.0000 0.0000 0.0000 0.0000 0.0008 0.0010 0.0000 0.0000 0.0000 0.0000 0.0000 0.0000 0.0000 0.0000 0.0010 0.0009 0.0002 0.3127 0.0000 0.0000 0.0000 0.0000 0.0000 0.0000 0.0000 0.1017 0.0320 0.0000 0.0000 0.0001 0.0000 0.0001 0.0004 0.0000 0.0000 0.0000 0.0000 0.1487 0.0000
0.0000 0.0000 0.0000 0.0000 0.0000 0.0000 0.0000 0.0000 0.0000 0.0000 0.0000 0.0000 0.0000 0.0000 0.0000 0.0000 0.0000 0.0000 0.0000 0.0000 0.0000 0.0000 0.0000 0.0000 0.0000 0.0000 0.0000 0.0000 0.0000 0.0000 0.0000 0.0000 0.0000 0.0000 0.0000 0.0000 0.0000 0.0000 0.0000 0.0000 0.0000 0.0000 0.0000 0.0000 0.0000 0.0000 0.0000 0.0000 0.0000 0.0000 0.0000 0.0010 0.0000 0.0000 0.0000 0.0000 0.0000 0.0000 0.0000 0.0000 0.0000 0.0000 0.0000 0.0000
0.0000 0.0000 0.0000 0.0000 0.0000 0.0000 0.0000 0.0000 0.0000 0.0000 0.0000 0.0000 0.0000 0.0000 0.0000 0.0000 0.0000 0.0000 0.0000 0.0000 0.0000 0.0000 0.0000 0.0000 0.0000 0.0000 0.0000 0.0000 0.0000 0.0000 0.0000 0.0000 0.0000 0.0000 0.0002 0.0000 0.0000 0.0000 0.0000 0.0000 0.0000 0.0000 0.0000 0.0000 0.0000 0.0000 0.0000 0.0000 0.0000 0.0000 0.0001 0.0010 0.0010 0.0000 0.0000 0.0000 0.0000 0.0000 0.0000 0.0000 0.0000 0.0000 0.0000 0.0000
0.0000 0.0000 0.0000 0.0000 0.0000 0.0000 0.0001 0.0001 0.0000 0.0000 0.0000 0.0000 0.0000 0.0000 0.0000 0.0001 0.0000 0.0000 0.0000 0.0000 0.0032 0.0000 0.0018 0.0000 0.0000 0.0000 0.0000 0.0000 0.0000 0.0000 0.0000 0.0000 0.0000 0.0000 0.0000 0.0000 0.0000 0.0000 0.0000 0.0000 0.0000 0.0000 0.0000 0.0000 0.0000 0.0000 0.0000 0.0036 0.0000 0.0000 0.0000 0.0000 0.0001 0.0000 0.0000 0.0000 0.0000 0.0000 0.0000 0.0000 0.0000 0.0000 0.0000 0.0000
0.1816 0.1202 0.0410 0.0013 0.0255 0.0143 0.0000 0.0088 0.0000 0.0000 0.0019 0.0005 0.0019 0.0000 0.0137 0.0962 0.0000 0.0000 0.0000 0.0000 0.0000 0.0000 0.0000 0.0000 0.0000 0.0000 0.0000 0.0000 0.0000 0.0286 0.0096 0.0231 0.0001 0.0072 0.0040 0.0006 0.0005 0.0004 0.0123 0.0000 0.0000 0.0000 0.0000 0.0000 0.0000 0.0000 0.0000 0.0000 0.0000 0.0000 0.0024 0.0006 0.0004 0.0000 0.0023 0.0000 0.0001 0.0006 0.0000 0.0000 0.0000 0.0008 0.0000 0.0000
0.0000 0.0000 0.0000 0.0000 0.0000 0.0000 0.0000 0.0000 0.0000 0.0000 0.0006 0.0000 0.0000 0.0000 0.0000 0.0000 0.0000 0.0000 0.0000 0.0000 0.0028 0.0000 0.0037 0.0000 0.0073 0.0085 0.0000 0.0000 0.0000 0.0000 0.0000 0.0000 0.0000 0.0000 0.0000 0.0000 0.0000 0.0000 0.0000 0.0000 0.0000 0.0000 0.0000 0.0000 0.0000 0.0000 0.0000 0.0000 0.0000 0.0000 0.0000 0.0000 0.0000 0.0000 0.0000 0.0000 0.0000 0.0000 0.0000 0.0000 0.0000 0.0000 0.0000 0.0000
0.0000 0.0000 0.0000 0.0010 0.0000 0.0000 0.0000 0.0000 0.0001 0.0000 0.0000 0.0000 0.0038 0.0000 0.0000 0.0000 0.0000 0.0000 0.0017 0.0000 0.0000 0.0000 0.0000 0.0000 0.0000 0.0000 0.0000 0.0000 0.0000 0.0000 0.0000 0.0000 0.0000 0.0000 0.0000 0.0000 0.0000 0.0000 0.0000 0.0000 0.0000 0.0000 0.0118 0.0002 0.0000 0.0000 0.0000 0.0000 0.0000 0.0000 0.0000 0.0013 0.0000 0.0000 0.0000 0.0000 0.0008 0.0003 0.0000 0.0000 0.0000 0.0000 0.0000 0.0000
0.0023 0.0083 0.0001 0.0001 0.0000 0.0000 0.0000 0.0000 0.0000 0.0000 0.0000 0.0000 0.0000 0.0000 0.0000 0.0000 0.0000 0.0006 0.0001 0.0048 0.0094 0.0075 0.0064 0.0043 0.0102 0.0047 0.0058 0.0055 0.0050 0.0324 0.0437 0.0324 0.0535 0.0000 0.0000 0.0260 0.0293 0.0453 0.0327 0.1548 0.0998 0.0000 0.1042 0.0000 0.0000 0.0484 0.0000 0.0000 0.0062 0.0183 0.0232 0.0214 0.0125 0.0257 0.0000 0.0067 0.0181 0.0198 0.0175 0.0335 0.0313 0.0276 0.0053 0.0125
0.0000 0.0000 0.0000 0.0000 0.0000 0.0000 0.0000 0.0000 0.0000 0.0000 0.0006 0.0005 0.0000 0.0000 0.0000 0.0000 0.0038 0.0040 0.0021 0.0006 0.0025 0.0011 0.0005 0.0010 0.0000 0.0008 0.0027 0.0012 0.0010 0.0059 0.0104 0.0165 0.0503 0.0409 0.0703 0.0365 0.0328 0.0627 0.0718 0.0924 0.1271 0.0601 0.0000 0.0505 0.0000 0.0090 0.0000 0.0001 0.0000 0.0000 0.0000 0.0000 0.0000 0.0000 0.0000 0.0000 0.0000 0.0000 0.0000 0.0000 0.0000 0.0000 0.0000 0.0000
0.0000 0.0000 0.0000 0.0000 0.0000 0.0000 0.0000 0.0000 0.0000 0.0000 0.0000 0.0000 0.0000 0.0000 0.0000 0.0000 0.0000 0.0000 0.0000 0.0000 0.0000 0.0000 0.0000 0.0000 0.0000 0.0000 0.0000 0.0000 0.0000 0.0000 0.0000 0.0000 0.0000 0.0000 0.0000 0.0000 0.0000 0.0000 0.0000 0.0000 0.0000 0.0000 0.0000 0.0000 0.0000 0.0000 0.0001 0.0000 0.0000 0.0000 0.0000 0.0006 0.0000 0.0000 0.0000 0.0000 0.0000 0.0000 0.0000 0.0000 0.0000 0.0000 0.0000 0.0000
0.0000 0.0000 0.0000 0.0000 0.0000 0.0000 0.0000 0.0000 0.0000 0.0000 0.0000 0.0000 0.0000 0.0000 0.0035 0.0023 0.0003 0.0462 0.0300 0.0000 0.0697 0.0081 0.0000 0.0638 0.0981 0.0624 0.0705 0.0805 0.0918 0.0874 0.0928 0.0927 0.0833 0.0405 0.0609 0.0336 0.0186 0.0344 0.0284 0.0822 0.0000 0.0000 0.0000 0.0000 0.0000 0.0000 0.0001 0.0000 0.0002 0.0000 0.0000 0.0046 0.0000 0.0000 0.0000 0.0000 0.0000 0.0000 0.0000 0.0000 0.0000 0.0000 0.0000 0.0000
0.0000 0.0015 0.0002 0.0002 0.0000 0.0000 0.0000 0.0000 0.0000 0.0000 0.0000 0.0000 0.0021 0.0000 0.0001 0.0007 0.0000 0.0000 0.0000 0.0000 0.0000 0.0000 0.0000 0.0000 0.0000 0.0000 0.0000 0.0000 0.0000 0.0001 0.0000 0.0000 0.0000 0.0000 0.0003 0.0001 0.0000 0.0000 0.0001 0.0001 0.0001 0.0002 0.0001 0.0000 0.0000 0.0000 0.0000 0.0000 0.0074 0.0004 0.0009 0.0028 0.0005 0.0000 0.0068 0.0000 0.0000 0.0000 0.0000 0.0000 0.0000 0.0000 0.0000 0.0000
0.0000 0.0000 0.0000 0.0002 0.0000 0.0004 0.0000 0.0004 0.0000 0.0000 0.0000 0.0000 0.0000 0.0000 0.0000 0.0028 0.0000 0.0000 0.0000 0.0000 0.0000 0.0148 0.0005 0.0086 0.0007 0.0014 0.0010 0.0007 0.0904 0.0008 0.0000 0.0121 0.0011 0.0024 0.2473 0.0028 0.0007 0.0010 0.0286 0.0248 0.0251 0.0022 0.0000 0.0000 0.0000 0.0003 0.0017 0.0051 0.0003 0.0010 0.0002 0.0002 0.0010 0.0000 0.0001 0.0003 0.0000 0.0000 0.0000 0.0000 0.0000 0.0000 0.0007 0.0000
0.0000 0.0000 0.0000 0.0000 0.0000 0.0000 0.0001 0.0003 0.0000 0.0000 0.0000 0.0000 0.0000 0.0000 0.0000 0.0000 0.0000 0.0021 0.0043 0.0102 0.0000 0.0000 0.0000 0.0000 0.0000 0.0000 0.0000 0.0000 0.0000 0.0000 0.0000 0.0000 0.0000 0.0000 0.0000 0.0000 0.0000 0.0000 0.0000 0.0000 0.0000 0.0000 0.0000 0.0000 0.0000 0.0043 0.0175 0.0369 0.0698 0.0638 0.0680 0.0656 0.1081 0.0890 0.0732 0.0167 0.0000 0.0323 0.0000 0.0000 0.0000 0.0000 0.0000 0.0000
