0.0490 0.1004 0.0895 0.0243 0.0000 0.0042 0.0000 0.0000 0.0000 0.0000 0.0000 0.0000 0.0000 0.0000 0.0000 0.0000 0.0000 0.0000 0.0000 0.0000 0.0000 0.0000 0.0000 0.0000 0.0000 0.0000 0.0000 0.0000 0.0000 0.0000 0.0000 0.0000 0.0000 0.0000 0.0000 0.0001 0.0004 0.0000 0.0000 0.0000 0.0000 0.0000 0.0000 0.0000 0.0000 0.0004 0.0004 0.0011 0.1723 0.0983 0.0633 0.2668 0.0000 0.0002 0.0008 0.0002 0.0234 0.0065 0.0052 0.0015 0.0000 0.0008 0.0006 0.0001
0.0000 0.0000 0.0000 0.0000 0.0000 0.0000 0.0036 0.0000 0.0008 0.0014 0.0020 0.0015 0.0000 0.0000 0.0000 0.0263 0.0000 0.0000 0.0000 0.0000 0.0318 0.0000 0.0000 0.0367 0.0115 0.0078 0.0000 0.0010 0.0055 0.0111 0.0331 0.0092 0.0002 0.0005 0.0000 0.0007 0.0000 0.0000 0.0000 0.0045 0.0135 0.0171 0.0201 0.0090 0.0089 0.0119 0.0000 0.0355 0.0000 0.0176 0.0202 0.0166 0.0000 0.0000 0.0000 0.0000 0.0000 0.0001 0.0000 0.0021 0.0000 0.0000 0.0085 0.0023
0.0000 0.0000 0.0000 0.0004 0.0000 0.0004 0.0000 0.0000 0.0000 0.0000 0.0000 0.0000 0.0000 0.1581 0.0000 0.0000 0.0000 0.0000 0.0000 0.0002 0.0000 0.0000 0.0000 0.0000 0.0000 0.0000 0.0000 0.0000 0.0000 0.0000 0.0000 0.0000 0.0000 0.0000 0.0000 0.0000 0.0000 0.0000 0.0002 0.0000 0.0002 0.0018 0.0005 0.0002 0.0001 0.0009 0.0002 0.0004 0.0005 0.0017 0.0010 0.0024 0.0000 0.0000 0.0000 0.0000 0.0005 0.0003 0.0001 0.0000 0.0000 0.0001 0.0000 0.0000
0.0000 0.0000 0.0000 0.0000 0.0000 0.0000 0.0000 0.0000 0.0000 0.0000 0.0000 0.0000 0.0000 0.0000 0.0000 0.0000 0.0000 0.0000 0.0000 0.0000 0.0000 0.0000 0.0000 0.0000 0.0000 0.0000 0.0000 0.0000 0.0000 0.0000 0.0000 0.0000 0.0000 0.0000 0.0000 0.0000 0.0000 0.0000 0.0000 0.0000 0.0000 0.0000 0.0000 0.0000 0.0000 0.0000 0.0000 0.0000 0.0000 0.0000 0.0000 0.0000 0.0000 0.0000 0.0000 0.0000 0.0000 0.0000 0.0000 0.0000 0.0000 0.0000 0.0000 0.0000
0.0000 0.0000 0.0000 0.0000 0.0000 0.0000 0.0000 0.0000 0.0000 0.0000 0.0000 0.0001 0.0000 0.0000 0.0000 0.0000 0.0000 0.0016 0.0014 0.0012 0.0000 0.0000 0.0000 0.0000 0.0000 0.0000 0.0000 0.0000 0.0000 0.0000 0.0000 0.0000 0.0000 0.0000 0.0000 0.0000 0.0000 0.0000 0.0000 0.0000 0.0000 0.0000 0.0011 0.0000 0.0000 0.0000 0.0000 0.0000 0.0000 0.0160 0.0085 0.0144 0.0000 0.0000 0.0023 0.0061 0.0000 0.0000 0.0000 0.0001 0.0000 0.0121 0.0000 0.0001
0.0100 0.0176 0.0153 0.0115 0.0731 0.0515 0.0324 0.0101 0.0090 0.0092 0.0153 0.0187 0.0117 0.0018 0.0138 0.0005 0.0371 0.0389 0.0140 0.0178 0.0037 0.0074 0.0000 0.0072 0.0039 0.0034 0.0057 0.0048 0.0003 0.0000 0.0000 0.0017 0.0025 0.0012 0.0028 0.0052 0.0045 0.0026 0.0003 0.0000 0.0000 0.0000 0.0000 0.0000 0.0000 0.0000 0.0000 0.0000 0.0000 0.0000 0.0000 0.0000 0.0000 0.0000 0.0000 0.0000 0.0000 0.0000 0.0000 0.0000 0.0000 0.0023 0.6775 0.2627
0.0000 0.0000 0.0000 0.0000 0.0061 0.0040 0.0015 0.0003 0.0000 0.0000 0.0000 0.0060 0.0008 0.0000 0.0000 0.0018 0.0005 0.0000 0.0523 0.0809 0.0011 0.0219 0.0155 0.0000 0.0000 0.0024 0.0013 0.0000 0.0000 0.0000 0.0000 0.0055 0.0047 0.0024 0.0124 0.0105 0.0000 0.0000 0.0000 0.0000 0.0000 0.0000 0.0000 0.0000 0.0000 0.0008 0.0000 0.0315 0.0128 0.0042 0.0000 0.0047 0.0691 0.0449 0.0801 0.0860 0.0860 0.0524 0.0532 0.0000 0.0000 0.0000 0.0000 0.0000
0.0012 0.0061 0.0053 0.0000 0.0000 0.0000 0.0000 0.0000 0.0000 0.0000 0.0000 0.0000 0.0004 0.0000 0.0000 0.0000 0.0000 0.0000 0.0000 0.0000 0.0000 0.0000 0.0000 0.0000 0.0000 0.0000 0.0000 0.0000 0.0000 0.0000 0.0000 0.0000 0.0000 0.0000 0.0000 0.0000 0.0000 0.0000 0.0000 0.0000 0.0000 0.0000 0.0000 0.0000 0.0000 0.0000 0.0000 0.0000 0.0000 0.0010 0.0409 0.0000 0.0476 0.0433 0.0606 0.1178 0.0388 0.0000 0.0000 0.0000 0.0000 0.0000 0.0000 0.0000
0.0000 0.0033 0.0000 0.0013 0.0011 0.0009 0.0001 0.0001 0.0001 0.0000 0.0000 0.0000 0.0000 0.0000 0.0000 0.0000 0.0097 0.0002 0.0001 0.0008 0.0000 0.0003 0.0002 0.0000 0.0003 0.0000 0.0005 0.0004 0.0003 0.0002 0.0002 0.0002 0.0002 0.0000 0.0002 0.0000 0.0097 0.0051 0.0073 0.0224 0.0253 0.0000 0.0000 0.0000 0.0000 0.0000 0.0000 0.0000 0.0000 0.0000 0.0050 0.0000 0.0000 0.0000 0.0000 0.0000 0.0000 0.0003 0.0000 0.0000 0.0000 0.0000 0.0000 0.0000
0.0000 0.0000 0.0000 0.0000 0.0001 0.0000 0.0000 0.0000 0.0000 0.0000 0.0000 0.0000 0.0000 0.0000 0.0000 0.0000 0.0724 0.0000 0.0000 0.0000 0.0398 0.0000 0.0000 0.1083 0.0000 0.0018 0.0285 0.0126 0.0289 0.0345 0.0359 0.0576 0.0396 0.0199 0.0847 0.0293 0.1243 0.0956 0.0400 0.1274 0.1102 0.0087 0.0000 0.0051 0.0000 0.0106 0.0044 0.0103 0.1437 0.4747 0.0661 0.1511 0.0883 0.0089 0.0161 0.0114 0.0176 0.0084 0.0059 0.0132 0.0071 0.0468 0.0033 0.0036
0.0000 0.0000 0.0000 0.0000 0.0000 0.0000 0.0000 0.0000 0.0000 0.0000 0.0000 0.0000 0.0000 0.0000 0.0000 0.0000 0.0000 0.0000 0.0000 0.0000 0.0000 0.0000 0.0000 0.0000 0.0000 0.0000 0.0000 0.0000 0.0000 0.0000 0.0000 0.0000 0.0000 0.0000 0.0007 0.0000 0.0000 0.0000 0.0000 0.0000 0.0000 0.0000 0.0000 0.0000 0.0000 0.0000 0.0000 0.0000 0.0000 0.0000 0.0000 0.0000 0.0000 0.0000 0.0000 0.0000 0.0000 0.0000 0.0000 0.0000 0.0000 0.0000 0.0000 0.0000
0.1012 0.2377 0.0157 0.0238 0.0751 0.0562 0.0420 0.1694 0.1658 0.1570 0.1980 0.1873 0.2811 0.0002 0.0126 0.0002 0.0404 0.1195 0.0165 0.0106 0.0008 0.0616 0.0001 0.0042 0.0674 0.1022 0.0566 0.0364 0.1331 0.0818 0.1127 0.1029 0.0516 0.2366 0.0191 0.0018 0.0038 0.0015 0.0415 0.0107 0.0168 0.0228 0.0451 0.0521 0.0366 0.0000 0.0000 0.0000 0.0346 0.0000 0.0000 0.0000 0.0000 0.0000 0.0000 0.0000 0.0000 0.0000 0.0000 0.0786 0.0004 0.0001 0.0491 0.3536
0.0000 0.0000 0.0000 0.0000 0.0000 0.0000 0.0001 0.0000 0.0000 0.0000 0.0000 0.0000 0.0000 0.0000 0.0000 0.0000 0.0000 0.0000 0.0000 0.0000 0.0000 0.0000 0.0000 0.0000 0.0000 0.0000 0.0000 0.0000 0.0000 0.0000 0.0000 0.0000 0.0000 0.0000 0.0000 0.0000 0.0000 0.0000 0.0000 0.0000 0.0000 0.0001 0.0000 0.0000 0.0000 0.0000 0.0000 0.0000 0.0000 0.0000 0.0000 0.0000 0.0000 0.0000 0.0000 0.0000 0.0000 0.0000 0.0000 0.0000 0.0000 0.0000 0.0000 0.0000
0.0000 0.0000 0.0000 0.0000 0.0000 0.0000 0.0000 0.0000 0.0000 0.0000 0.0000 0.0000 0.0000 0.0000 0.0000 0.0000 0.0000 0.0000 0.0000 0.0000 0.0000 0.0000 0.0000 0.0000 0.0000 0.0000 0.0000 0.0000 0.0000 0.0000 0.0000 0.0001 0.0001 0.0000 0.0002 0.0002 0.0002 0.0003 0.0002 0.0000 0.0001 0.0003 0.0001 0.0002 0.0001 0.0004 0.0004 0.0004 0.0002 0.0002 0.0001 0.0001 0.0002 0.0000 0.0001 0.0040 0.0000 0.0000 0.0231 0.0000 0.0000 0.0147 0.0030 0.0191
0.0000 0.0000 0.0000 0.0000 0.0000 0.0000 0.0000 0.0000 0.0000 0.0000 0.0000 0.0000 0.0000 0.0000 0.0000 0.0000 0.0000 0.0000 0.0000 0.0000 0.0000 0.0022 0.0140 0.0000 0.0000 0.0007 0.0000 0.0000 0.0054 0.0003 0.0000 0.0000 0.0000 0.0000 0.0000 0.0000 0.0000 0.0000 0.0000 0.0000 0.0000 0.0000 0.0000 0.0000 0.0000 0.0000 0.0323 0.0000 0.0409 0.0885 0.0000 0.0000 0.1493 0.0307 0.0000 0.0000 0.0000 0.0000 0.0000 0.0000 0.0001 0.0000 0.0000 0.0000
0.0000 0.0000 0.0000 0.0000 0.0000 0.0000 0.0000 0.0000 0.0000 0.0000 0.0000 0.0001 0.0000 0.0000 0.0000 0.0002 0.0000 0.0000 0.0000 0.0000 0.0020 0.0000 0.0026 0.0000 0.0000 0.0024 0.0036 0.0000 0.0000 0.0000 0.0000 0.0096 0.0041 0.0045 0.0000 0.0000 0.0000 0.0000 0.0000 0.0005 0.0000 0.0000 0.0000 0.0000 0.0000 0.0002 0.0001 0.0000 0.0034 0.0019 0.0000 0.0000 0.0000 0.0000 0.0000 0.0000 0.0000 0.0000 0.0002 0.0000 0.0000 0.0002 0.0003 0.0001
0.0000 0.0000 0.0000 0.0000 0.0000 0.0000 0.0000 0.0000 0.0000 0.0000 0.0000 0.0000 0.0000 0.0000 0.0000 0.0000 0.0000 0.0000 0.0000 0.0000 0.0000 0.0000 0.0000 0.0000 0.0000 0.0000 0.0000 0.0000 0.0000 0.0000 0.0033 0.0107 0.0010 0.0000 0.0121 0.0007 0.0256 0.0171 0.0146 0.1500 0.1140 0.0000 0.0000 0.0000 0.0000 0.0001 0.0000 0.0006 0.3367 0.0017 0.2820 0.0160 0.0000 0.0000 0.0011 0.0091 0.0000 0.0020 0.0006 0.0001 0.0000 0.0001 0.0000 0.0000
0.0000 0.0010 0.0052 0.0053 0.0048 0.0118 0.0076 0.0019 0.0024 0.0039 0.0037 0.0011 0.0000 0.0050 0.0000 0.0045 0.0074 0.0054 0.0008 0.0001 0.0005 0.0000 0.0000 0.0000 0.0000 0.0000 0.0000 0.0000 0.0000 0.0000 0.0000 0.0000 0.0000 0.0000 0.0000 0.0000 0.0000 0.0104 0.0000 0.0000 0.0000 0.0000 0.0180 0.0000 0.0000 0.0000 0.0000 0.0000 0.0000 0.0000 0.0000 0.0003 0.0023 0.0000 0.0000 0.0000 0.0000 0.0000 0.0000 0.0000 0.0000 0.0001 0.0156 0.0112
0.0000 0.0000 0.0000 0.0038 0.0162 0.0149 0.0042 0.0016 0.0006 0.0008 0.0019 0.0000 0.0000 0.0000 0.0000 0.0000 0.0000 0.0000 0.0000 0.0000 0.0000 0.0000 0.0000 0.0000 0.0000 0.0000 0.0000 0.0000 0.0000 0.0000 0.0000 0.0000 0.0000 0.0000 0.0000 0.0001 0.0001 0.0000 0.0000 0.0000 0.0000 0.0256 0.0374 0.0000 0.0000 0.0000 0.0000 0.0000 0.0000 0.0000 0.0000 0.0510 0.0237 0.0000 0.0000 0.0000 0.0000 0.0285 0.0000 0.0000 0.0000 0.0000 0.0000 0.0000
0.2795 0.0000 0.2924 0.1866 0.0950 0.1464 0.1781 0.1567 0.1057 0.0000 0.0000 0.0000 0.0008 0.0011 0.0013 0.0000 0.0000 0.0004 0.0000 0.0002 0.0000 0.0000 0.0018 0.0000 0.0000 0.0000 0.0000 0.0000 0.1469 0.0020 0.0000 0.0000 0.0000 0.1321 0.0000 0.0000 0.0000 0.0000 0.0000 0.0000 0.0000 0.0000 0.0000 0.0000 0.0000 0.0025 0.0000 0.0000 0.0000 0.0000 0.0000 0.0000 0.0023 0.0147 0.0000 0.0000 0.0000 0.0001 0.0003 0.0002 0.0004 0.0015 0.0002 0.0001
0.0000 0.0000 0.0000 0.0000 0.0000 0.0000 0.0000 0.0000 0.0000 0.0000 0.0000 0.0000 0.0000 0.0000 0.0000 0.0000 0.0000 0.0000 0.0000 0.0000 0.0041 0.0058 0.0070 0.0250 0.0000 0.0000 0.0000 0.0000 0.0000 0.0000 0.0000 0.0000 0.0000 0.0000 0.0000 0.0000 0.0000 0.0000 0.0000 0.0000 0.0000 0.0000 0.0000 0.0000 0.0000 0.0000 0.0000 0.0000 0.0000 0.0000 0.0000 0.0000 0.0000 0.0000 0.0000 0.0000 0.0000 0.0000 0.0001 0.0000 0.0000 0.0000 0.0059 0.0000
0.0000 0.0000 0.0000 0.0000 0.0000 0.0000 0.0000 0.0000 0.0000 0.0000 0.0000 0.0000 0.0000 0.0000 0.0000 0.0000 0.0000 0.0000 0.0000 0.0000 0.0000 0.0000 0.0000 0.0000 0.0000 0.0000 0.0000 0.0000 0.0000 0.0000 0.0000 0.0000 0.0000 0.0000 0.0000 0.0000 0.0000 0.0000 0.0000 0.0000 0.0002 0.0000 0.0015 0.0001 0.0000 0.0000 0.0008 0.0003 0.0001 0.0001 0.0001 0.0002 0.0001 0.0001 0.0002 0.0002 0.0001 0.0002 0.0000 0.0000 0.0000 0.0000 0.0000 0.0000
0.0000 0.0000 0.0000 0.0000 0.0000 0.0000 0.0000 0.0000 0.0000 0.0000 0.0000 0.0000 0.0000 0.0000 0.0000 0.0000 0.0000 0.0000 0.0000 0.0000 0.0000 0.0000 0.0000 0.0000 0.0000 0.0000 0.0000 0.0000 0.0000 0.0000 0.0000 0.0000 0.0000 0.0000 0.0000 0.0000 0.0000 0.0000 0.0000 0.0000 0.0000 0.0000 0.0000 0.0000 0.0000 0.0000 0.0000 0.0000 0.0000 0.0000 0.0000 0.0004 0.0000 0.0000 0.0000 0.0004 0.0000 0.0000 0.0000 0.0000 0.0000 0.0000 0.0000 0.0000
0.0000 0.0000 0.0000 0.0000 0.0000 0.0000 0.0000 0.0000 0.0000 0.0000 0.0000 0.0000 0.0000 0.0000 0.0000 0.0000 0.0000 0.0000 0.0000 0.0000 0.0000 0.0000 0.0000 0.0000 0.0000 0.0000 0.0000 0.0000 0.0000 0.0000 0.0000 0.0000 0.0000 0.0000 0.0000 0.0000 0.0000 0.0000 0.0000 0.0000 0.0000 0.0000 0.0000 0.0000 0.0000 0.0000 0.0000 0.0000 0.0000 0.0000 0.0000 0.0045 0.0000 0.0000 0.0000 0.0000 0.0000 0.0001 0.0000 0.0000 0.0000 0.0000 0.0000 0.0000
0.0000 0.0000 0.0000 0.0000 0.0000 0.0000 0.0000 0.0000 0.0000 0.0000 0.0000 0.0000 0.0000 0.0000 0.0000 0.0000 0.0000 0.0000 0.0000 0.0000 0.0000 0.0000 0.0000 0.0000 0.0000 0.0000 0.0000 0.0000 0.0000 0.0000 0.0000 0.0000 0.0000 0.0000 0.0000 0.0000 0.0000 0.0000 0.0000 0.0000 0.0000 0.0000 0.0000 0.0045 0.0000 0.0000 0.0000 0.0000 0.0000 0.0000 0.0005 0.0013 0.0001 0.0000 0.0000 0.0002 0.0000 0.0001 0.0000 0.0000 0.0001 0.0002 0.0004 0.0002
0.0000 0.0000 0.0000 0.0000 0.0000 0.0000 0.0000 0.0000 0.0000 0.0000 0.0000 0.0000 0.0000 0.0000 0.0000 0.0000 0.0000 0.0000 0.0000 0.0000 0.0000 0.0000 0.0000 0.0000 0.0000 0.0000 0.0000 0.0000 0.0000 0.0000 0.0000 0.0000 0.0000 0.0000 0.0000 0.0000 0.0000 0.0000 0.0000 0.0000 0.0000 0.0000 0.0000 0.0000 0.0000 0.0000 0.0000 0.0000 0.0000 0.0000 0.0000 0.0059 0.0000 0.0000 0.0000 0.0000 0.0000 0.0000 0.0000 0.0000 0.0000 0.0000 0.0000 0.0000
0.0000 0.0000 0.0000 0.0000 0.0000 0.0000 0.0000 0.0087 0.0000 0.0000 0.0000 0.0000 0.0000 0.0000 0.0000 0.0000 0.0000 0.0000 0.0000 0.0000 0.0000 0.0000 0.0000 0.0000 0.0000 0.0000 0.0000 0.0000 0.0000 0.0000 0.0000 0.0000 0.0000 0.0000 0.0000 0.0000 0.0000 0.0000 0.0115 0.0113 0.0339 0.0129 0.0474 0.0529 0.0334 0.0498 0.0000 0.0000 0.0000 0.0000 0.0000 0.0048 0.0324 0.0000 0.0000 0.0000 0.0000 0.0000 0.0000 0.0000 0.0000 0.0350 0.0001 0.0250
0.0000 0.0000 0.0000 0.0000 0.0000 0.0000 0.0000 0.0000 0.0000 0.0000 0.0000 0.0001 0.0000 0.0000 0.0000 0.0000 0.0000 0.0000 0.0000 0.0000 0.0001 0.0000 0.0000 0.0000 0.0000 0.0000 0.0000 0.0000 0.0000 0.0000 0.0000 0.0000 0.0000 0.0000 0.0026 0.0001 0.0000 0.0000 0.0000 0.0000 0.0000 0.0000 0.0000 0.0001 0.0001 0.0002 0.0000 0.0002 0.0000 0.0000 0.0000 0.0067 0.0000 0.0000 0.0000 0.0000 0.0000 0.0000 0.0000 0.0000 0.0000 0.0095 0.0000 0.0000
0.0000 0.0000 0.0000 0.0000 0.0000 0.0000 0.0000 0.0000 0.0000 0.0000 0.0000 0.0000 0.0000 0.0000 0.0000 0.0000 0.0000 0.0000 0.0000 0.0000 0.0000 0.0000 0.0000 0.0000 0.0000 0.0000 0.0000 0.0000 0.0000 0.0000 0.0000 0.0000 0.0000 0.0000 0.0000 0.0000 0.0000 0.0000 0.0000 0.0000 0.0000 0.0000 0.0000 0.0000 0.0000 0.0000 0.0000 0.0000 0.0000 0.0000 0.0000 0.0016 0.0000 0.0000 0.0000 0.0000 0.0000 0.0000 0.0000 0.0000 0.0000 0.0000 0.0000 0.0000
0.0000 0.1074 0.0000 0.0000 0.0000 0.0000 0.0062 0.0000 0.0000 0.0000 0.0000 0.0000 0.0000 0.0000 0.0000 0.0000 0.0000 0.0000 0.0000 0.0000 0.0000 0.0000 0.0144 0.0373 0.0131 0.0141 0.0000 0.1453 0.0000 0.0141 0.0000 0.0000 0.0000 0.0000 0.0000 0.0000 0.0000 0.0000 0.0000 0.0000 0.0000 0.0000 0.0000 0.0000 0.0008 0.0002 0.0000 0.0005 0.0001 0.0000 0.1136 0.1305 0.2003 0.7360 0.7091 0.6424 0.6551 0.7227 0.5924 0.5733 0.6292 0.3907 0.0879 0.0001
0.0000 0.0000 0.0000 0.0000 0.0000 0.0000 0.0000 0.0000 0.0000 0.0000 0.0000 0.0000 0.0000 0.0000 0.0000 0.0000 0.0000 0.0000 0.0000 0.0000 0.0000 0.0000 0.0000 0.0000 0.0000 0.0000 0.0000 0.0000 0.0000 0.0000 0.0000 0.0000 0.0000 0.0000 0.0000 0.0000 0.0000 0.0000 0.0000 0.0000 0.0000 0.0000 0.0000 0.0000 0.0000 0.0000 0.0000 0.0000 0.0000 0.0000 0.0000 0.0000 0.0000 0.0000 0.0000 0.0000 0.0000 0.0000 0.0000 0.0000 0.0000 0.0000 0.0000 0.0000
0.0000 0.0000 0.0000 0.0000 0.0021 0.0000 0.0039 0.0000 0.0000 0.0000 0.0000 0.0000 0.0007 0.0000 0.0004 0.0000 0.0000 0.0000 0.0000 0.0000 0.0000 0.0000 0.0000 0.0000 0.0000 0.0000 0.0000 0.0000 0.0050 0.0000 0.0000 0.0000 0.0000 0.0000 0.0000 0.0000 0.0000 0.0000 0.0000 0.0000 0.0000 0.0000 0.0000 0.0000 0.0000 0.0000 0.0000 0.0000 0.0000 0.0000 0.0000 0.0000 0.0000 0.0000 0.0000 0.0000 0.0000 0.0000 0.0000 0.0000 0.0167 0.0000 0.0000 0.0000
0.0036 0.0007 0.0000 0.0951 0.0533 0.0767 0.0849 0.0687 0.1210 0.1011 0.0421 0.0044 0.0001 0.0000 0.0000 0.0000 0.0000 0.0000 0.0005 0.0006 0.0000 0.0000 0.0000 0.0000 0.0000 0.0000 0.0000 0.0000 0.0000 0.0000 0.0000 0.0000 0.0000 0.0000 0.0000 0.0000 0.0000 0.0000 0.0000 0.0042 0.0000 0.0001 0.0000 0.0000 0.0000 0.0001 0.0000 0.0000 0.0000 0.0000 0.0021 0.0065 0.0001 0.0002 0.0002 0.0007 0.0002 0.0001 0.0043 0.0000 0.0001 0.0014 0.0001 0.0001
0.0216 0.0015 0.0008 0.0010 0.0000 0.0049 0.0000 0.0000 0.0000 0.0000 0.0000 0.0000 0.0002 0.0000 0.0000 0.0000 0.0000 0.0011 0.0000 0.0000 0.0000 0.0000 0.0000 0.0000 0.0000 0.0000 0.0000 0.0000 0.0000 0.0000 0.0000 0.0000 0.0000 0.0000 0.0000 0.0000 0.0000 0.0000 0.0000 0.0000 0.0000 0.0000 0.0000 0.0000 0.0001 0.1335 0.0000 0.0000 0.0008 0.0071 0.0041 0.0000 0.0021 0.0000 0.0001 0.0002 0.0007 0.0001 0.0003 0.0002 0.0000 0.0000 0.0000 0.0000
0.0000 0.0000 0.0000 0.0000 0.0000 0.0000 0.0215 0.0000 0.0233 0.0000 0.0003 0.0000 0.0000 0.0000 0.0000 0.0000 0.0000 0.0000 0.0000 0.0000 0.0000 0.0000 0.0000 0.0000 0.0000 0.0000 0.0000 0.0000 0.0000 0.0000 0.0000 0.0000 0.0000 0.0000 0.0000 0.0000 0.0000 0.0000 0.0000 0.0000 0.0000 0.0000 0.0000 0.0000 0.0000 0.0000 0.0007 0.0000 0.0000 0.0000 0.0002 0.0003 0.0037 0.0007 0.0000 0.0001 0.0000 0.0001 0.0000 0.0000 0.0000 0.0000 0.0002 0.0000
0.0000 0.0000 0.0061 0.0034 0.0000 0.0067 0.0047 0.0007 0.0012 0.0025 0.0039 0.0003 0.0000 0.0271 0.0810 0.0042 0.0000 0.0017 0.0090 0.0059 0.0047 0.0123 0.0056 0.0012 0.0005 0.0016 0.0048 0.0016 0.0102 0.3165 0.2907 0.3406 0.2756 0.2218 0.0000 0.1912 0.0038 0.0022 0.0011 0.0000 0.0000 0.0000 0.0000 0.0000 0.0009 0.0304 0.0708 0.0337 0.0602 0.0829 0.2621 0.0000 0.0564 0.0000 0.1204 0.0846 0.0983 0.0123 0.0281 0.0600 0.0988 0.0028 0.0001 0.0000
0.0000 0.0000 0.0000 0.0000 0.0000 0.0000 0.0000 0.0000 0.0000 0.0000 0.0000 0.0002 0.0000 0.0000 0.0000 0.0000 0.0000 0.0000 0.0000 0.0000 0.0000 0.0000 0.0000 0.0000 0.0000 0.0000 0.0000 0.0000 0.0000 0.0000 0.0000 0.0000 0.0000 0.0000 0.0000 0.0000 0.0000 0.0000 0.0000 0.0000 0.0000 0.0000 0.0414 0.0000 0.0000 0.0000 0.0000 0.0000 0.0000 0.0020 0.0267 0.0045 0.0043 0.0016 0.0012 0.0004 0.0000 0.0002 0.0002 0.0000 0.0000 0.0000 0.0000 0.0000
0.0000 0.0000 0.0006 0.0000 0.0000 0.0000 0.0000 0.0000 0.0000 0.0000 0.0000 0.0000 0.0000 0.0000 0.0000 0.0000 0.0000 0.0000 0.0000 0.0002 0.0000 0.0000 0.0000 0.2388 0.2084 0.7375 0.7495 0.4754 0.0000 0.1229 0.0000 0.3876 0.3280 0.0000 0.2564 0.0951 0.1239 0.0000 0.0635 0.0000 0.0000 0.0003 0.0000 0.0002 0.0000 0.0602 0.0000 0.0002 0.0008 0.0000 0.0026 0.0027 0.0018 0.0001 0.0000 0.0000 0.0000 0.0000 0.0000 0.0000 0.0000 0.0000 0.0000 0.0000
0.0000 0.0000 0.0000 0.0000 0.0000 0.0000 0.0000 0.0000 0.0000 0.0000 0.0344 0.0096 0.0000 0.0000 0.0000 0.0000 0.0000 0.0001 0.0000 0.0000 0.0000 0.0000 0.0000 0.0000 0.0000 0.0000 0.0000 0.0096 0.0076 0.0266 0.0594 0.0099 0.0004 0.0029 0.0000 0.0000 0.0000 0.0000 0.0739 0.0000 0.0000 0.0118 0.0493 0.0365 0.0000 0.0000 0.0903 0.0000 0.0000 0.0000 0.0000 0.0000 0.0000 0.0000 0.0000 0.0000 0.0000 0.0000 0.0000 0.0000 0.0000 0.0000 0.0000 0.0000
0.0000 0.0000 0.0000 0.0000 0.0000 0.0000 0.0000 0.0000 0.0000 0.0006 0.0012 0.0021 0.0000 0.0000 0.0000 0.0000 0.0000 0.0000 0.0000 0.0000 0.0000 0.0000 0.0000 0.0701 0.0000 0.0000 0.0000 0.0000 0.0000 0.0000 0.0000 0.0000 0.0000 0.0000 0.0000 0.0000 0.0000 0.0000 0.0008 0.0001 0.0251 0.0211 0.0003 0.0002 0.0001 0.0014 0.0002 0.0000 0.0000 0.0000 0.0000 0.0147 0.0000 0.0000 0.0000 0.0037 0.0000 0.0029 0.0002 0.0001 0.0005 0.0001 0.0000 0.0020
0.0048 0.0024 0.0271 0.0257 0.0305 0.0307 0.0001 0.0456 0.0399 0.1200 0.1052 0.0774 0.0939 0.0787 0.0456 0.0610 0.0460 0.0786 0.0366 0.0342 0.0043 0.0000 0.0000 0.0000 0.0000 0.0000 0.0000 0.0000 0.0000 0.0000 0.0000 0.0000 0.0000 0.0000 0.0000 0.0000 0.0000 0.0000 0.0000 0.0000 0.0000 0.0000 0.0000 0.0000 0.0001 0.0012 0.0000 0.0000 0.0000 0.0000 0.0000 0.0000 0.0000 0.0000 0.0000 0.0000 0.0000 0.0000 0.0000 0.0000 0.0000 0.0000 0.0000 0.0000
0.0000 0.0000 0.0000 0.0000 0.0000 0.0000 0.0000 0.0004 0.0003 0.0005 0.0005 0.0000 0.0000 0.0008 0.0000 0.0000 0.0000 0.0000 0.0000 0.0000 0.0000 0.0023 0.0000 0.0000 0.0001 0.0010 0.0041 0.0029 0.0004 0.0000 0.0000 0.0000 0.0005 0.0011 0.0000 0.0000 0.0010 0.0000 0.0000 0.0000 0.0000 0.0000 0.0000 0.0044 0.0000 0.0000 0.0000 0.0000 0.0000 0.0000 0.0000 0.0048 0.0000 0.0000 0.0066 0.0099 0.0000 0.0000 0.0000 0.0000 0.0000 0.0000 0.0000 0.0000
0.0000 0.0000 0.0000 0.0000 0.0000 0.0000 0.0000 0.0000 0.0000 0.0000 0.0000 0.0000 0.0000 0.0000 0.0000 0.0000 0.0000 0.0000 0.0000 0.0000 0.0000 0.0000 0.0000 0.0000 0.0000 0.0000 0.0000 0.0000 0.0000 0.0000 0.0000 0.0024 0.0001 0.0000 0.0019 0.0000 0.0000 0.0089 0.0263 0.0412 0.0000 0.0000 0.0000 0.0000 0.0000 0.0000 0.0000 0.0000 0.0000 0.0000 0.0000 0.0042 0.0000 0.0000 0.0000 0.0000 0.0000 0.0000 0.0000 0.0000 0.0000 0.0000 0.0000 0.0000
0.0000 0.0000 0.0000 0.0000 0.0000 0.0000 0.0000 0.0000 0.0000 0.0000 0.0000 0.0000 0.0004 0.0000 0.0000 0.0000 0.0000 0.0000 0.0000 0.0000 0.0000 0.0000 0.0000 0.0000 0.0000 0.0000 0.0000 0.0000 0.0000 0.0000 0.0000 0.0000 0.0000 0.0000 0.0000 0.0000 0.0000 0.0000 0.0000 0.0000 0.0000 0.0000 0.0000 0.0000 0.0000 0.0221 0.0590 0.0812 0.0295 0.0222 0.0003 0.0001 0.0054 0.0000 0.0000 0.0002 0.0000 0.0000 0.0001 0.0001 0.0157 0.0000 0.0000 0.0000
0.4904 0.4422 0.5300 0.4165 0.4082 0.4927 0.5064 0.3679 0.3627 0.4352 0.3678 0.4115 0.1751 0.2110 0.1567 0.0000 0.0000 0.0000 0.0137 0.0340 0.0000 0.0000 0.0000 0.0000 0.0000 0.0000 0.0000 0.0000 0.0005 0.0000 0.0001 0.0041 0.0000 0.0000 0.0000 0.0000 0.0000 0.0000 0.0000 0.0000 0.0000 0.0006 0.0118 0.0035 0.0000 0.0048 0.0013 0.0008 0.0009 0.0035 0.0139 0.0115 0.0003 0.0005 0.0006 0.0008 0.0004 0.0003 0.0004 0.0004 0.0010 0.0027 0.0004 0.0001
0.0000 0.0000 0.0000 0.0000 0.0012 0.0000 0.0000 0.0000 0.0000 0.0000 0.0000 0.0000 0.0000 0.0000 0.0000 0.0000 0.0000 0.0000 0.0000 0.0000 0.0000 0.0000 0.0000 0.0000 0.0000 0.0000 0.0000 0.0000 0.0000 0.0000 0.0000 0.0000 0.0000 0.0000 0.0000 0.0000 0.0000 0.0000 0.0000 0.0000 0.0000 0.0000 0.0000 0.0000 0.0000 0.0000 0.0000 0.0000 0.0000 0.0000 0.0000 0.0000 0.0000 0.0000 0.0000 0.0000 0.0000 0.0000 0.0000 0.0000 0.0000 0.0000 0.0000 0.0000
0.0000 0.0000 0.0000 0.0000 0.0000 0.0000 0.0003 0.0000 0.0000 0.0000 0.0000 0.0003 0.0000 0.0000 0.0000 0.0000 0.0000 0.0000 0.0000 0.0000 0.0000 0.0000 0.0000 0.0000 0.0000 0.0000 0.0000 0.0000 0.0000 0.0000 0.0000 0.0000 0.0000 0.0000 0.0000 0.0000 0.0000 0.0000 0.0000 0.0000 0.0000 0.0000 0.0000 0.0000 0.0000 0.0033 0.0008 0.0001 0.0136 0.0141 0.0163 0.0000 0.0000 0.0415 0.0000 0.0001 0.0563 0.1617 0.0776 0.0468 0.0742 0.0841 0.0530 0.0433
0.0000 0.0000 0.0000 0.0000 0.0000 0.0000 0.0000 0.0000 0.0000 0.0000 0.0004 0.0006 0.0000 0.0000 0.0000 0.0000 0.0000 0.0000 0.0000 0.0000 0.0000 0.0000 0.0000 0.0000 0.0000 0.0000 0.0000 0.0027 0.0040 0.0000 0.0000 0.0000 0.2136 0.3555 0.5271 0.5931 0.5939 0.7546 0.6464 0.5270 0.5509 0.6188 0.1588 0.5006 0.5240 0.4757 0.3599 0.3442 0.0987 0.1136 0.0000 0.0000 0.0000 0.0000 0.0000 0.0000 0.0000 0.0000 0.0000 0.0000 0.0000 0.0000 0.0000 0.0000
0.0000 0.0000 0.0000 0.0000 0.0047 0.0000 0.0000 0.0000 0.0000 0.0000 0.0001 0.0000 0.0000 0.0000 0.0000 0.0000 0.0000 0.0000 0.0000 0.0000 0.0000 0.0000 0.0000 0.0000 0.0000 0.0000 0.0000 0.0000 0.0000 0.0000 0.0000 0.0000 0.0000 0.0000 0.0000 0.0000 0.0000 0.0000 0.0000 0.0000 0.0000 0.0000 0.0031 0.0000 0.0000 0.0005 0.0018 0.0057 0.0002 0.0021 0.0001 0.0001 0.0000 0.0000 0.0000 0.0000 0.0198 0.0000 0.0525 0.0879 0.0908 0.0416 0.0595 0.0000
0.0000 0.0000 0.0000 0.0000 0.0000 0.0000 0.0000 0.0000 0.0000 0.0000 0.0000 0.0000 0.0011 0.0000 0.0000 0.0926 0.0097 0.0000 0.0000 0.0000 0.0316 0.0080 0.1075 0.0847 0.0000 0.0000 0.0000 0.1591 0.0000 0.0000 0.0000 0.0000 0.0003 0.0005 0.0000 0.0031 0.0054 0.0043 0.0032 0.0001 0.0006 0.0024 0.0016 0.0009 0.0001 0.0013 0.0005 0.0013 0.0022 0.0051 0.0131 0.0771 0.0767 0.0000 0.0000 0.0000 0.0024 0.0000 0.0174 0.0000 0.0647 0.0868 0.0000 0.0000
0.0295 0.0659 0.0000 0.1476 0.1154 0.0006 0.0000 0.0361 0.1477 0.1086 0.2072 0.2710 0.3909 0.5053 0.6510 0.7228 0.6827 0.6349 0.8234 0.7684 0.8035 0.7706 0.6783 0.2303 0.6131 0.0021 0.0000 0.0720 0.5228 0.2709 0.2946 0.0000 0.0000 0.0000 0.0000 0.0000 0.0000 0.0000 0.0000 0.0048 0.0000 0.0000 0.0154 0.0000 0.0103 0.0000 0.0000 0.0000 0.0000 0.0000 0.0106 0.0117 0.0000 0.0327 0.0001 0.0125 0.0000 0.0003 0.0000 0.0000 0.0000 0.0000 0.0030 0.0001
0.0000 0.0000 0.0000 0.0000 0.0000 0.0000 0.0000 0.0000 0.0000 0.0000 0.0000 0.0000 0.0000 0.0000 0.0000 0.0000 0.0000 0.0000 0.0000 0.0000 0.0000 0.0000 0.0000 0.0000 0.0000 0.0000 0.0000 0.0000 0.0000 0.0000 0.0000 0.0000 0.0000 0.0000 0.0000 0.0000 0.0000 0.0000 0.0000 0.0000 0.0000 0.0000 0.0000 0.0000 0.0000 0.0000 0.0000 0.0000 0.0000 0.0000 0.0000 0.0057 0.0000 0.0000 0.0000 0.0000 0.0000 0.0000 0.0000 0.0000 0.0000 0.0000 0.0000 0.0000
0.0000 0.0000 0.0000 0.0000 0.0000 0.0000 0.0000 0.0000 0.0000 0.0000 0.0000 0.0000 0.0000 0.0000 0.0000 0.0000 0.0000 0.0000 0.0000 0.0000 0.0000 0.0000 0.0000 0.0000 0.0000 0.0000 0.0000 0.0000 0.0000 0.0000 0.0000 0.0000 0.0000 0.0000 0.0079 0.0000 0.0000 0.0000 0.0000 0.0000 0.0000 0.0000 0.0000 0.0000 0.0000 0.0000 0.0000 0.0000 0.0000 0.0000 0.0000 0.0003 0.0000 0.0000 0.0000 0.0000 0.0000 0.0000 0.0000 0.0000 0.0000 0.0000 0.0000 0.0000
0.0000 0.0000 0.0000 0.0000 0.0000 0.0000 0.0386 0.0160 0.0000 0.0000 0.0000 0.0000 0.0000 0.0004 0.0000 0.0017 0.0000 0.0000 0.0000 0.0000 0.0000 0.0000 0.0000 0.0000 0.0000 0.0000 0.0000 0.0000 0.0000 0.0000 0.0000 0.0000 0.0000 0.0000 0.0000 0.0000 0.0000 0.0000 0.0000 0.0000 0.0000 0.0000 0.0000 0.0000 0.0000 0.0000 0.0000 0.0000 0.0000 0.0000 0.0000 0.0000 0.0021 0.0000 0.0000 0.0000 0.0000 0.0000 0.0000 0.0000 0.0000 0.0000 0.0000 0.0000
0.0077 0.0078 0.0065 0.0480 0.1115 0.0961 0.0000 0.0803 0.0000 0.0000 0.0000 0.0000 0.0000 0.0000 0.0000 0.0010 0.0000 0.0000 0.0000 0.0000 0.0000 0.0000 0.0000 0.0000 0.0016 0.0000 0.0000 0.0000 0.0000 0.0153 0.0095 0.0025 0.0174 0.0000 0.0000 0.0266 0.0409 0.0722 0.0317 0.0000 0.0000 0.0000 0.0000 0.0000 0.0000 0.0000 0.0000 0.0000 0.0000 0.0001 0.0000 0.0000 0.0000 0.0141 0.0000 0.0000 0.0000 0.0000 0.1376 0.1284 0.0000 0.2557 0.0309 0.2761
0.0006 0.0003 0.0010 0.0003 0.0000 0.0005 0.0000 0.0003 0.0000 0.0000 0.0000 0.0000 0.0000 0.0000 0.0000 0.0000 0.0000 0.0000 0.0000 0.0000 0.0000 0.0000 0.0000 0.0000 0.0000 0.0000 0.0000 0.0000 0.0000 0.0000 0.0000 0.0000 0.0000 0.0000 0.0000 0.0000 0.0000 0.0000 0.0000 0.0000 0.0000 0.0000 0.0000 0.0000 0.0000 0.0000 0.0000 0.0000 0.0000 0.0000 0.0000 0.0000 0.0000 0.0000 0.0000 0.0000 0.0000 0.0000 0.0000 0.0000 0.0000 0.0000 0.0001 0.0000
0.0000 0.0000 0.0000 0.0000 0.0000 0.0000 0.0000 0.0000 0.0008 0.0000 0.0000 0.0000 0.0000 0.0000 0.0000 0.0000 0.0000 0.0000 0.0000 0.0000 0.0000 0.0000 0.0000 0.0000 0.0035 0.0025 0.0055 0.0064 0.0000 0.0000 0.0000 0.0000 0.0000 0.0000 0.0000 0.0000 0.0000 0.0000 0.0000 0.0000 0.0000 0.0000 0.0000 0.0000 0.0000 0.0000 0.0000 0.0000 0.0000 0.0000 0.0000 0.0054 0.0000 0.0000 0.0000 0.0085 0.0002 0.0000 0.0000 0.0071 0.0000 0.0000 0.0000 0.0000
0.0000 0.0000 0.0000 0.0000 0.0000 0.0000 0.0000 0.0004 0.0000 0.0000 0.0000 0.0000 0.0000 0.0000 0.0000 0.0000 0.0000 0.0000 0.0000 0.0000 0.0000 0.0000 0.0000 0.0000 0.0000 0.0000 0.0000 0.0000 0.0000 0.0000 0.0000 0.0000 0.0000 0.0000 0.0000 0.0001 0.0001 0.0000 0.0001 0.0003 0.0002 0.1976 0.3609 0.1933 0.2450 0.0254 0.2405 0.3213 0.0000 0.0027 0.0080 0.1284 0.0884 0.0001 0.0000 0.0000 0.0000 0.0000 0.0000 0.0000 0.0000 0.0001 0.0001 0.0000
0.0000 0.0000 0.0000 0.0000 0.0000 0.0000 0.0000 0.0000 0.0000 0.0000 0.0000 0.0074 0.0000 0.0000 0.0001 0.0000 0.0000 0.0000 0.0000 0.0000 0.0000 0.0000 0.0000 0.0000 0.0000 0.0000 0.0000 0.0000 0.0000 0.0000 0.0000 0.0000 0.0000 0.0000 0.0000 0.0001 0.0002 0.0000 0.0033 0.0002 0.0001 0.0000 0.0000 0.0000 0.0000 0.0007 0.0000 0.0000 0.0000 0.0000 0.0000 0.0000 0.0000 0.0000 0.0000 0.0000 0.0000 0.0000 0.0000 0.0000 0.0000 0.0000 0.0000 0.0000
0.0007 0.0002 0.0000 0.0005 0.0014 0.0005 0.0002 0.0003 0.0002 0.0002 0.0002 0.0003 0.0005 0.0002 0.0003 0.0003 0.0002 0.0001 0.0001 0.0002 0.0001 0.0001 0.0001 0.0005 0.0003 0.0001 0.0004 0.0004 0.0000 0.0000 0.0000 0.0000 0.0000 0.0000 0.0000 0.0000 0.0000 0.0000 0.0000 0.0000 0.0000 0.0000 0.0000 0.0000 0.0000 0.0000 0.0000 0.0000 0.0000 0.0000 0.0000 0.0049 0.0000 0.0000 0.0000 0.0000 0.0000 0.0000 0.0000 0.0000 0.0000 0.0000 0.0000 0.0000
0.0000 0.0000 0.0000 0.0000 0.0000 0.0000 0.0000 0.0001 0.0000 0.0000 0.0000 0.0000 0.0000 0.0000 0.0000 0.0000 0.0000 0.0003 0.0000 0.0000 0.0000 0.0000 0.0000 0.0001 0.0001 0.0002 0.0001 0.0001 0.0003 0.0001 0.0002 0.0001 0.0000 0.0000 0.0001 0.0001 0.0010 0.0000 0.0001 0.0001 0.0000 0.0000 0.0000 0.0000 0.0000 0.0000 0.0000 0.0000 0.0000 0.0000 0.0000 0.0132 0.0000 0.0000 0.0000 0.0000 0.0000 0.0000 0.0000 0.0000 0.0000 0.0000 0.0000 0.0000
0.0000 0.0055 0.0043 0.0049 0.0000 0.0000 0.0000 0.0000 0.0185 0.0589 0.0157 0.0000 0.0422 0.0102 0.0359 0.0827 0.0940 0.1172 0.0314 0.0448 0.0716 0.1065 0.1525 0.1526 0.0759 0.1196 0.1388 0.0690 0.1097 0.1035 0.1601 0.0547 0.0597 0.0208 0.0675 0.0416 0.0605 0.0251 0.0335 0.0948 0.1083 0.0566 0.1861 0.1362 0.1392 0.0850 0.1349 0.1299 0.0438 0.0294 0.0089 0.0166 0.0051 0.0297 0.0000 0.0000 0.0000 0.0000 0.0000 0.0000 0.0000 0.0000 0.0000 0.0000
0.0000 0.0000 0.0000 0.0000 0.0000 0.0001 0.0024 0.0029 0.0000 0.0000 0.0000 0.0001 0.0000 0.0000 0.0012 0.0000 0.0000 0.0000 0.0000 0.0000 0.0000 0.0012 0.0004 0.0029 0.0002 0.0005 0.0007 0.0002 0.0189 0.0002 0.0000 0.0007 0.0003 0.0001 0.0044 0.0004 0.0004 0.0002 0.0003 0.0004 0.0007 0.0013 0.0000 0.0000 0.0000 0.0005 0.0003 0.0004 0.0003 0.0071 0.0048 0.0062 0.1372 0.0000 0.0000 0.0000 0.0000 0.0000 0.0000 0.0000 0.0000 0.0104 0.0000 0.0000
0.0000 0.0000 0.0000 0.0000 0.0000 0.0000 0.0611 0.0315 0.0000 0.0000 0.0000 0.0000 0.0000 0.0000 0.0000 0.0000 0.0000 0.0000 0.0000 0.0000 0.0000 0.0000 0.0000 0.0000 0.0000 0.0000 0.0000 0.0000 0.0000 0.0000 0.0000 0.0000 0.0000 0.0000 0.0000 0.0000 0.0000 0.0000 0.0000 0.0000 0.0000 0.0000 0.0000 0.0000 0.0000 0.0764 0.0004 0.0002 0.0038 0.0021 0.0248 0.0017 0.0007 0.0000 0.0002 0.0004 0.0000 0.0000 0.0000 0.0000 0.0000 0.0000 0.0000 0.0000
