0.0001 0.0001 0.0002 0.0004 0.0000 0.0007 0.0000 0.0000 0.0000 0.0000 0.0000 0.0000 0.0000 0.0000 0.0000 0.0000 0.0000 0.0000 0.0000 0.0000 0.0000 0.0000 0.0000 0.0000 0.0000 0.0000 0.0000 0.0000 0.0000 0.0000 0.0000 0.0000 0.0009 0.0003 0.0008 0.0000 0.0000 0.0116 0.1460 0.2946 0.3540 0.0000 0.0000 0.0000 0.0000 0.0000 0.0000 0.0000 0.0000 0.0001 0.0005 0.0002 0.0006 0.0000 0.0003 0.0000 0.0007 0.0002 0.0003 0.0000 0.0000 0.0001 0.0001 0.0000
0.0000 0.0000 0.0000 0.0000 0.0000 0.0000 0.0022 0.0000 0.0003 0.0002 0.0006 0.0004 0.0000 0.0000 0.0000 0.0000 0.0000 0.0000 0.0000 0.0000 0.0000 0.0000 0.0000 0.0003 0.0000 0.0000 0.0000 0.0000 0.0000 0.0000 0.0000 0.0000 0.0000 0.0000 0.0000 0.0000 0.0000 0.0002 0.0000 0.0000 0.0000 0.0000 0.0000 0.0000 0.0000 0.0000 0.0000 0.0000 0.0001 0.0000 0.0000 0.0000 0.0000 0.0000 0.0000 0.0000 0.0000 0.0000 0.0022 0.0014 0.0000 0.0000 0.0000 0.0000
0.0000 0.0000 0.0000 0.0000 0.0000 0.0000 0.0000 0.0000 0.0000 0.0003 0.0000 0.0000 0.0000 0.0000 0.0000 0.0000 0.0000 0.0000 0.0000 0.0014 0.0000 0.0000 0.0000 0.0000 0.0000 0.0000 0.0032 0.0000 0.0004 0.0000 0.0000 0.0000 0.0000 0.0000 0.0000 0.0001 0.0000 0.0000 0.0000 0.0001 0.0000 0.0000 0.0000 0.0000 0.0000 0.0000 0.0000 0.0000 0.0000 0.0000 0.0001 0.0004 0.0002 0.0002 0.0000 0.0000 0.0000 0.0000 0.0000 0.0000 0.0000 0.0000 0.0000 0.0000
0.0000 0.0000 0.2817 0.2461 0.7867 0.0020 0.5047 0.5653 0.7177 0.8159 0.8920 0.9317 0.9147 0.8398 0.8487 0.8523 0.4987 0.4847 0.1381 0.0000 0.0000 0.0000 0.0000 0.0000 0.0000 0.0000 0.0000 0.0000 0.0000 0.0000 0.0000 0.0048 0.0003 0.0003 0.0000 0.0000 0.0025 0.0153 0.0000 0.0000 0.0000 0.0000 0.0000 0.0000 0.0000 0.0000 0.0000 0.0000 0.0000 0.0000 0.0000 0.3522 0.3689 0.5168 0.6562 0.5218 0.4671 0.4108 0.0000 0.2304 0.5835 0.1693 0.0000 0.0000
0.0002 0.0003 0.0002 0.0001 0.0003 0.0010 0.0071 0.0036 0.0009 0.0016 0.0011 0.0042 0.0002 0.0001 0.0006 0.0003 0.0000 0.0001 0.0006 0.1102 0.0042 0.0674 0.0588 0.0268 0.0040 0.0025 0.0007 0.0009 0.0008 0.0033 0.0054 0.0000 0.0028 0.0001 0.0000 0.0000 0.0000 0.0000 0.0000 0.0000 0.0000 0.0000 0.0000 0.0000 0.0000 0.0000 0.0000 0.0000 0.0000 0.0006 0.0006 0.0003 0.0000 0.0000 0.0011 0.0132 0.0000 0.0000 0.0000 0.0000 0.0000 0.0000 0.0011 0.0000
0.0000 0.0001 0.0000 0.0000 0.0000 0.0000 0.0003 0.0001 0.0000 0.0000 0.0000 0.0000 0.0000 0.0000 0.0000 0.0000 0.0000 0.0000 0.0000 0.0000 0.0000 0.0000 0.0000 0.0000 0.0000 0.0000 0.0000 0.0000 0.0000 0.0000 0.0000 0.0000 0.0000 0.0000 0.0000 0.0000 0.0000 0.0000 0.0000 0.0002 0.0000 0.0000 0.0000 0.0000 0.0000 0.0000 0.0000 0.0000 0.0000 0.0000 0.0000 0.0000 0.0000 0.0000 0.0000 0.0000 0.0000 0.0000 0.0000 0.0000 0.0000 0.0000 0.0000 0.0000
0.0000 0.0000 0.0000 0.0002 0.0000 0.0000 0.0000 0.0000 0.0000 0.0000 0.0000 0.0000 0.0000 0.0000 0.0000 0.0003 0.0000 0.0000 0.0000 0.0000 0.0004 0.0000 0.0000 0.0446 0.0039 0.0000 0.0000 0.0001 0.0000 0.0000 0.0000 0.0018 0.0006 0.0004 0.0021 0.0008 0.0818 0.1218 0.1408 0.0036 0.0012 0.0010 0.0000 0.0000 0.0000 0.0000 0.0000 0.0005 0.0007 0.0004 0.0000 0.0000 0.0004 0.0000 0.0000 0.0001 0.0001 0.0001 0.0002 0.0015 0.0034 0.0034 0.0036 0.0003
0.0048 0.0027 0.0032 0.0001 0.0000 0.0000 0.0000 0.0000 0.0000 0.0000 0.0000 0.0000 0.0005 0.0001 0.0000 0.0005 0.0000 0.0000 0.0002 0.0056 0.0002 0.0002 0.0000 0.0000 0.0000 0.0000 0.0000 0.0000 0.0000 0.0000 0.0000 0.0000 0.0000 0.0000 0.0000 0.0000 0.0000 0.0000 0.0000 0.0000 0.0000 0.0000 0.0000 0.0000 0.0000 0.0000 0.0000 0.0000 0.0007 0.0001 0.0000 0.0038 0.0003 0.0000 0.0000 0.0001 0.0000 0.0000 0.0000 0.0000 0.0000 0.0332 0.0305 0.0000
0.0000 0.0041 0.0000 0.0058 0.0070 0.0203 0.0339 0.0379 0.0102 0.0056 0.0000 0.0000 0.0000 0.0000 0.0000 0.0000 0.0015 0.0000 0.0000 0.0000 0.0000 0.0000 0.0000 0.1365 0.0000 0.0965 0.0000 0.0000 0.0000 0.0000 0.0000 0.0000 0.0000 0.0000 0.0000 0.0000 0.0051 0.0083 0.0048 0.0067 0.0069 0.0000 0.0000 0.0000 0.0000 0.0000 0.0000 0.0000 0.0009 0.0009 0.0000 0.0031 0.0072 0.0000 0.0000 0.0053 0.0000 0.0000 0.0000 0.0012 0.0000 0.0225 0.0221 0.0000
0.0000 0.0000 0.0000 0.0299 0.0000 0.0000 0.0000 0.0000 0.0000 0.0000 0.0000 0.0000 0.0000 0.0000 0.0000 0.0000 0.0000 0.0000 0.0000 0.0818 0.0000 0.0865 0.0000 0.0007 0.1212 0.0012 0.0000 0.0001 0.0001 0.0001 0.0002 0.0001 0.0001 0.0000 0.0002 0.0000 0.0000 0.0002 0.0002 0.0000 0.0000 0.0000 0.0000 0.0000 0.0000 0.0000 0.0000 0.0000 0.0000 0.0000 0.0000 0.0000 0.0002 0.0000 0.0000 0.0000 0.0000 0.0000 0.0001 0.0000 0.0000 0.0000 0.0000 0.0000
0.0000 0.0000 0.0000 0.0000 0.0000 0.0003 0.0000 0.0000 0.0000 0.0000 0.0000 0.0000 0.0000 0.0000 0.0000 0.0000 0.0022 0.0068 0.0078 0.0570 0.8519 0.5550 0.6527 0.0271 0.0014 0.0188 0.0054 0.0030 0.0039 0.0000 0.3815 0.0000 0.3348 0.3656 0.2649 0.0000 0.8402 0.0000 0.0000 0.2310 0.0000 0.0000 0.0000 0.0000 0.0000 0.0000 0.0000 0.0000 0.0002 0.0002 0.0001 0.0001 0.0005 0.0003 0.0006 0.0008 0.0004 0.0012 0.0023 0.0004 0.0000 0.4199 0.2206 0.5259
0.0000 0.0000 0.0000 0.0000 0.0000 0.0000 0.0001 0.0015 0.0001 0.0000 0.0002 0.0002 0.0001 0.0000 0.0000 0.0000 0.0000 0.0001 0.0000 0.0000 0.0000 0.0000 0.0000 0.0000 0.0003 0.0001 0.0000 0.0000 0.0000 0.0000 0.0000 0.0000 0.0000 0.0000 0.0001 0.0000 0.0000 0.0000 0.0005 0.0004 0.0003 0.0000 0.0001 0.0000 0.0000 0.0000 0.0000 0.0000 0.0001 0.0000 0.0000 0.0000 0.0000 0.0000 0.0000 0.0000 0.0000 0.0000 0.0000 0.0001 0.0000 0.0000 0.0000 0.0000
0.0000 0.0000 0.0000 0.0000 0.0000 0.0021 0.0000 0.0000 0.0000 0.0000 0.0000 0.0000 0.0000 0.0000 0.0000 0.0000 0.0000 0.0000 0.0000 0.0000 0.0000 0.0000 0.0000 0.0000 0.0000 0.0000 0.0000 0.0000 0.0000 0.0000 0.0000 0.0000 0.0000 0.0000 0.0001 0.0000 0.0000 0.0000 0.0001 0.0007 0.0008 0.0003 0.0001 0.0000 0.0000 0.0000 0.0000 0.0000 0.0000 0.0000 0.0000 0.0000 0.0000 0.0014 0.0000 0.0000 0.0007 0.0000 0.0000 0.0000 0.0000 0.0000 0.0000 0.0000
0.0000 0.0000 0.0000 0.0000 0.0000 0.0000 0.0000 0.0000 0.0000 0.0000 0.0000 0.0001 0.0005 0.0001 0.0000 0.0000 0.0000 0.0002 0.0000 0.0000 0.0001 0.0001 0.0059 0.0000 0.0000 0.0000 0.0000 0.0000 0.0000 0.0000 0.0000 0.0000 0.0000 0.1271 0.0000 0.0000 0.0000 0.0000 0.0000 0.0000 0.0000 0.0000 0.0000 0.0000 0.0000 0.0000 0.0000 0.0000 0.0000 0.0000 0.0000 0.0000 0.0121 0.0054 0.0000 0.0044 0.0048 0.0084 0.0004 0.0000 0.0000 0.0006 0.0002 0.0000
0.0000 0.0000 0.0000 0.0000 0.0000 0.1885 0.0000 0.0000 0.1103 0.0000 0.0000 0.0000 0.0000 0.0283 0.1039 0.0923 0.0641 0.0644 0.0692 0.0000 0.0871 0.0005 0.0008 0.0000 0.0000 0.0004 0.0004 0.0004 0.0003 0.0003 0.0004 0.0070 0.0017 0.0000 0.0000 0.0001 0.0001 0.0000 0.0024 0.0220 0.0000 0.0447 0.0003 0.0003 0.0002 0.0000 0.0002 0.0000 0.0001 0.0001 0.0000 0.0000 0.0010 0.0003 0.0000 0.0003 0.0007 0.0045 0.0030 0.0023 0.0039 0.0000 0.0001 0.0001
0.0000 0.0000 0.0000 0.0000 0.0000 0.0000 0.0003 0.0000 0.0000 0.0000 0.0000 0.0001 0.0424 0.0000 0.0000 0.0000 0.0000 0.1186 0.1094 0.1423 0.0001 0.0012 0.0069 0.0159 0.0086 0.0010 0.0003 0.0004 0.0004 0.0003 0.0002 0.0012 0.0004 0.0007 0.0007 0.0073 0.0029 0.0157 0.0117 0.0012 0.0000 0.0000 0.0000 0.0000 0.0000 0.0000 0.0000 0.0000 0.0001 0.0004 0.1112 0.1212 0.1560 0.1901 0.1761 0.1902 0.0310 0.0144 0.0169 0.0853 0.1313 0.0924 0.1905 0.1234
0.0004 0.0002 0.0000 0.0000 0.0000 0.0001 0.0001 0.0000 0.0000 0.0000 0.0001 0.0001 0.0001 0.0000 0.0000 0.0000 0.0000 0.0000 0.0000 0.0001 0.0001 0.0014 0.0125 0.0733 0.0413 0.1123 0.3470 0.3481 0.4364 0.2002 0.0314 0.2531 0.1187 0.3782 0.2650 0.4736 0.0097 0.0287 0.0264 0.0065 0.0267 0.0052 0.0003 0.0001 0.0001 0.0002 0.0000 0.0043 0.0042 0.0031 0.0013 0.0132 0.0000 0.0000 0.0181 0.0207 0.0014 0.0127 0.0279 0.0279 0.0268 0.0121 0.0151 0.0003
0.0000 0.0000 0.0000 0.0000 0.0006 0.0009 0.0000 0.0000 0.0000 0.0000 0.0000 0.0000 0.0003 0.0000 0.0001 0.0000 0.0004 0.0003 0.0000 0.0003 0.0000 0.0000 0.0000 0.0000 0.0000 0.0000 0.0000 0.0000 0.0000 0.0000 0.0000 0.0000 0.0000 0.0000 0.0000 0.0006 0.0001 0.0003 0.0000 0.0000 0.0000 0.0000 0.0000 0.0000 0.0000 0.0000 0.0000 0.0000 0.0000 0.0000 0.0000 0.0000 0.0002 0.0000 0.0000 0.0000 0.0000 0.0000 0.0000 0.0000 0.0000 0.0000 0.0037 0.0008
0.0000 0.0000 0.0000 0.0000 0.0000 0.0000 0.0000 0.0000 0.0000 0.0000 0.0000 0.0002 0.0002 0.0001 0.0002 0.0003 0.0001 0.0003 0.0001 0.0000 0.0000 0.0000 0.0050 0.0000 0.0000 0.0000 0.0000 0.0000 0.0000 0.0000 0.0000 0.0000 0.0000 0.0000 0.0000 0.0000 0.0000 0.0000 0.0000 0.0000 0.0000 0.0000 0.0000 0.0000 0.0000 0.0000 0.0000 0.0000 0.0000 0.0000 0.0000 0.0001 0.0003 0.0047 0.0000 0.0000 0.0000 0.0001 0.0000 0.0000 0.0000 0.0000 0.0000 0.0000
0.0000 0.0000 0.0000 0.0000 0.0000 0.0000 0.0000 0.0000 0.0000 0.0000 0.0000 0.0000 0.0000 0.0002 0.0003 0.0000 0.0000 0.0002 0.0000 0.0000 0.0001 0.0003 0.0000 0.0000 0.0000 0.0000 0.0000 0.0000 0.0000 0.0003 0.0000 0.0000 0.0000 0.0000 0.0000 0.0005 0.0002 0.0003 0.0004 0.0009 0.0003 0.0003 0.0001 0.0001 0.0001 0.0003 0.0000 0.0000 0.0000 0.0000 0.0000 0.0004 0.0050 0.0007 0.0045 0.0000 0.0006 0.0000 0.0000 0.0000 0.0000 0.0000 0.0000 0.0000
0.0000 0.0002 0.0002 0.0000 0.0010 0.1306 0.0001 0.0000 0.0000 0.0000 0.0000 0.0000 0.0000 0.0000 0.0000 0.0000 0.0000 0.0000 0.0000 0.0000 0.0002 0.0122 0.0031 0.0010 0.0240 0.0117 0.0166 0.0045 0.0024 0.0026 0.0027 0.0053 0.0001 0.0068 0.0197 0.0947 0.0050 0.2230 0.2538 0.2057 0.4493 0.6424 0.9839 0.9937 0.9950 0.9896 0.9845 0.9720 0.9737 0.9658 0.8434 0.4634 0.3737 0.0000 0.0000 0.0000 0.0005 0.0013 0.0087 0.0000 0.0000 0.0000 0.0000 0.0001
0.0000 0.0000 0.0000 0.0000 0.0000 0.0000 0.0000 0.0000 0.0000 0.0000 0.0000 0.0000 0.0000 0.0000 0.0002 0.0000 0.0000 0.0000 0.0000 0.0000 0.0000 0.0000 0.0000 0.0000 0.0000 0.0000 0.0000 0.0000 0.0000 0.0000 0.0000 0.0000 0.0000 0.0000 0.0000 0.0000 0.0000 0.0000 0.0000 0.0000 0.0000 0.0079 0.0023 0.0000 0.0000 0.0000 0.0000 0.0000 0.0000 0.0000 0.0000 0.0000 0.0000 0.0000 0.0000 0.0000 0.0000 0.0000 0.0000 0.0000 0.0000 0.0000 0.0000 0.0000
0.0000 0.0000 0.0000 0.0000 0.0000 0.0000 0.0000 0.0000 0.0000 0.0000 0.0000 0.0000 0.0000 0.0000 0.0000 0.0000 0.0000 0.0000 0.0000 0.0000 0.0000 0.0000 0.0000 0.0000 0.0000 0.0000 0.0000 0.0000 0.0000 0.0000 0.0000 0.0000 0.0000 0.0001 0.0002 0.0002 0.0000 0.0000 0.0000 0.0000 0.0000 0.0000 0.0000 0.0000 0.0000 0.0000 0.0000 0.0000 0.0000 0.0000 0.0000 0.0002 0.0002 0.0001 0.0000 0.0000 0.0000 0.0007 0.0000 0.0000 0.0000 0.0000 0.0000 0.0000
0.0002 0.0002 0.0000 0.0000 0.0000 0.0007 0.0000 0.0000 0.0000 0.0000 0.0000 0.0000 0.0000 0.0000 0.0000 0.0026 0.0016 0.0033 0.0068 0.0368 0.0000 0.2020 0.0017 0.0484 0.0174 0.0000 0.0000 0.0000 0.0003 0.0000 0.0000 0.0000 0.0000 0.0000 0.0000 0.0000 0.0000 0.0000 0.0000 0.0000 0.0000 0.0000 0.0000 0.0000 0.0000 0.0000 0.0000 0.0000 0.0000 0.0000 0.0000 0.0000 0.0000 0.0000 0.0000 0.0000 0.0022 0.0029 0.0000 0.0000 0.0000 0.0000 0.0000 0.0000
0.0000 0.0000 0.0000 0.0000 0.0000 0.0000 0.0000 0.0000 0.0000 0.0000 0.0000 0.0000 0.0000 0.0000 0.0000 0.0000 0.0000 0.0000 0.0000 0.0000 0.0000 0.0000 0.0000 0.0000 0.0000 0.0000 0.0000 0.0000 0.0000 0.0000 0.0000 0.0000 0.0000 0.0000 0.0000 0.0000 0.0000 0.0000 0.0000 0.0000 0.0000 0.0000 0.0000 0.0001 0.0000 0.0000 0.0000 0.0000 0.0001 0.0000 0.0000 0.0002 0.0000 0.0001 0.0000 0.0000 0.0000 0.0000 0.0000 0.0000 0.0000 0.0000 0.0000 0.0000
0.0000 0.0000 0.0000 0.0001 0.0006 0.0011 0.0052 0.0061 0.0004 0.0002 0.0015 0.0028 0.0003 0.0010 0.0010 0.0032 0.0011 0.0011 0.0010 0.1612 0.0008 0.0012 0.0016 0.0002 0.0000 0.0000 0.0003 0.0000 0.0000 0.0000 0.0002 0.0000 0.0000 0.0931 0.0000 0.0000 0.0000 0.3039 0.2820 0.0889 0.0000 0.0000 0.0000 0.0000 0.0000 0.0001 0.0002 0.0000 0.0000 0.0000 0.0000 0.0000 0.0005 0.0001 0.0000 0.0107 0.0099 0.0112 0.0139 0.0007 0.0091 0.0364 0.0021 0.0008
0.0000 0.0000 0.0000 0.0000 0.0000 0.0000 0.0000 0.0030 0.0000 0.0000 0.0000 0.0000 0.0000 0.0000 0.0000 0.0000 0.0000 0.0000 0.0000 0.0000 0.0000 0.0000 0.0000 0.0000 0.0000 0.0000 0.0000 0.0002 0.0000 0.0000 0.0000 0.0000 0.0000 0.0000 0.0000 0.0000 0.0000 0.0000 0.0000 0.0001 0.0001 0.0000 0.0000 0.0000 0.0000 0.0000 0.0000 0.0000 0.0000 0.0000 0.0000 0.0000 0.0002 0.0000 0.0000 0.0000 0.0003 0.0184 0.0000 0.0000 0.0000 0.0001 0.0004 0.0000
0.0003 0.0002 0.0012 0.0047 0.0089 0.1002 0.0309 0.0415 0.0097 0.0042 0.0000 0.0000 0.0000 0.0061 0.0017 0.0031 0.0001 0.0028 0.0087 0.0447 0.0039 0.0134 0.1343 0.1094 0.1249 0.0552 0.0151 0.0144 0.0016 0.1352 0.0031 0.0054 0.1870 0.0000 0.1027 0.2092 0.0000 0.0000 0.0001 0.0000 0.0000 0.0000 0.0000 0.0000 0.0000 0.0000 0.0000 0.0000 0.0000 0.0001 0.0000 0.0000 0.0003 0.0000 0.0000 0.0000 0.0000 0.0000 0.0000 0.0000 0.1414 0.0000 0.2125 0.1858
0.0000 0.0000 0.0000 0.0000 0.0006 0.0000 0.0719 0.0000 0.0000 0.0000 0.0000 0.0000 0.0000 0.0000 0.0000 0.0000 0.0000 0.0000 0.0000 0.0403 0.0013 0.0000 0.0000 0.0000 0.0000 0.0145 0.0000 0.0130 0.0090 0.0077 0.0106 0.0178 0.0103 0.0053 0.0069 0.0192 0.0056 0.0359 0.0157 0.0000 0.0000 0.0000 0.0000 0.0000 0.0000 0.0000 0.0000 0.0000 0.0000 0.0000 0.0000 0.0000 0.0000 0.0000 0.0000 0.0000 0.0004 0.0000 0.0000 0.0000 0.0000 0.0000 0.0000 0.0000
0.0000 0.0004 0.0000 0.0000 0.0000 0.0000 0.0003 0.0000 0.0000 0.0000 0.0000 0.0000 0.0000 0.0000 0.0000 0.0000 0.0000 0.0000 0.0000 0.0000 0.0000 0.0000 0.0004 0.0001 0.0000 0.0000 0.0000 0.0000 0.0000 0.0001 0.0000 0.0000 0.0000 0.0000 0.0000 0.0000 0.0000 0.0000 0.0000 0.0000 0.0000 0.0000 0.0000 0.0000 0.0000 0.0000 0.0000 0.0002 0.0002 0.0001 0.0001 0.0006 0.0002 0.0000 0.0000 0.0000 0.0000 0.0000 0.0000 0.0000 0.0000 0.0000 0.0000 0.0000
0.0000 0.0000 0.0000 0.0000 0.0000 0.0000 0.0000 0.0000 0.0000 0.0000 0.0000 0.0000 0.0000 0.0000 0.0000 0.0000 0.0000 0.0000 0.0000 0.0000 0.0000 0.0000 0.0000 0.0000 0.0000 0.0000 0.0000 0.0000 0.0000 0.0000 0.0000 0.0000 0.0000 0.0000 0.0000 0.0000 0.0000 0.0000 0.0000 0.0000 0.0000 0.0000 0.0000 0.0000 0.0000 0.0000 0.0000 0.0000 0.0000 0.0000 0.0000 0.0000 0.0000 0.0000 0.0000 0.0000 0.0000 0.0000 0.0000 0.0000 0.0000 0.0000 0.0000 0.0000
0.0000 0.0000 0.0000 0.0000 0.0056 0.0000 0.0041 0.0000 0.0000 0.0000 0.0000 0.0000 0.0003 0.0015 0.0003 0.0000 0.0000 0.0000 0.0000 0.0000 0.0000 0.0000 0.0018 0.0000 0.0000 0.0000 0.0000 0.0000 0.0002 0.0000 0.0000 0.0000 0.0000 0.0000 0.0000 0.0000 0.0000 0.0000 0.0000 0.0000 0.0000 0.0000 0.0000 0.0000 0.0000 0.0000 0.0001 0.0003 0.0000 0.0005 0.0000 0.0013 0.0000 0.0000 0.0000 0.0000 0.0000 0.0000 0.0000 0.0000 0.0004 0.0000 0.0000 0.0000
0.0000 0.0000 0.0000 0.0000 0.0000 0.0000 0.0000 0.0000 0.0000 0.0000 0.0001 0.0002 0.0000 0.0000 0.0000 0.0000 0.0000 0.0000 0.0000 0.0000 0.0000 0.0000 0.0000 0.0000 0.0000 0.0000 0.0000 0.0000 0.0000 0.0000 0.0000 0.0000 0.0000 0.0000 0.0000 0.0000 0.0000 0.0000 0.0000 0.0009 0.0000 0.0004 0.0001 0.0000 0.0000 0.0001 0.0001 0.0002 0.0003 0.0004 0.0001 0.0005 0.0000 0.0000 0.0000 0.0000 0.0000 0.0000 0.0003 0.0006 0.0001 0.0000 0.0000 0.0000
0.0004 0.0002 0.0000 0.0000 0.0000 0.0000 0.0491 0.0667 0.1046 0.0000 0.0000 0.0303 0.0099 0.0000 0.0256 0.0298 0.0000 0.0002 0.0868 0.1255 0.0075 0.0000 0.0000 0.0000 0.0000 0.0000 0.0005 0.0000 0.0000 0.0015 0.0012 0.0000 0.0000 0.0002 0.0001 0.0000 0.0000 0.0000 0.0001 0.0003 0.0054 0.0676 0.0006 0.0000 0.0000 0.0000 0.0000 0.0003 0.0000 0.0001 0.0001 0.0001 0.0004 0.0000 0.0000 0.0001 0.0000 0.0000 0.0000 0.0000 0.0000 0.1517 0.0708 0.0002
0.0001 0.0001 0.0000 0.0000 0.0000 0.0000 0.0002 0.0000 0.0000 0.0000 0.0002 0.0000 0.0077 0.0000 0.0000 0.0008 0.0003 0.0000 0.0000 0.0000 0.0000 0.0000 0.0000 0.0000 0.0000 0.0000 0.0000 0.0000 0.0000 0.0006 0.0009 0.0033 0.0001 0.0001 0.0001 0.0000 0.0000 0.0000 0.0000 0.0000 0.0000 0.0000 0.0000 0.0000 0.0000 0.0000 0.0038 0.0036 0.0000 0.0002 0.0001 0.0002 0.0003 0.0003 0.0000 0.0001 0.0000 0.0000 0.0000 0.0000 0.0000 0.0000 0.0000 0.0000
0.0000 0.0000 0.0000 0.0000 0.0000 0.0000 0.0000 0.0000 0.0000 0.0000 0.0001 0.0000 0.0000 0.0000 0.0000 0.0000 0.0001 0.0000 0.0000 0.0000 0.0000 0.0000 0.0000 0.0000 0.0000 0.0000 0.0000 0.0000 0.0000 0.0000 0.0000 0.0000 0.0000 0.0000 0.0006 0.0000 0.0000 0.0000 0.0000 0.0326 0.1058 0.0011 0.0000 0.0000 0.0000 0.0000 0.0001 0.0004 0.0001 0.0002 0.0000 0.0000 0.0004 0.0000 0.0001 0.0005 0.0001 0.0001 0.0001 0.0001 0.0003 0.0004 0.0003 0.0000
0.0000 0.0000 0.0000 0.0000 0.0000 0.0000 0.0000 0.0000 0.0002 0.0040 0.0004 0.0042 0.0072 0.0046 0.0000 0.0000 0.0000 0.0000 0.0000 0.0000 0.0000 0.0000 0.0000 0.0000 0.0000 0.0000 0.0000 0.0000 0.0000 0.0000 0.0000 0.0000 0.0000 0.0000 0.0000 0.0000 0.0000 0.0000 0.0000 0.0000 0.0000 0.0000 0.0017 0.0000 0.0000 0.0000 0.0000 0.0000 0.0000 0.0059 0.0000 0.0040 0.0046 0.0000 0.0043 0.0111 0.0064 0.0000 0.0068 0.0857 0.0000 0.0000 0.0000 0.0000
0.0000 0.0000 0.0000 0.0000 0.0234 0.0000 0.0000 0.0404 0.0000 0.0000 0.0010 0.0000 0.0000 0.0000 0.0000 0.0000 0.0000 0.0000 0.0000 0.0000 0.0000 0.0000 0.0000 0.0000 0.0000 0.0000 0.0000 0.0000 0.0000 0.0000 0.0000 0.0000 0.0000 0.0000 0.0000 0.0000 0.0000 0.0000 0.0000 0.0000 0.0000 0.0000 0.0001 0.0000 0.0000 0.0000 0.0000 0.0000 0.0000 0.0000 0.0000 0.0000 0.0000 0.0000 0.0000 0.0000 0.0000 0.0000 0.0000 0.0000 0.0000 0.0000 0.0000 0.0000
0.0000 0.0002 0.0000 0.0000 0.0000 0.0000 0.0000 0.0000 0.0000 0.0000 0.0041 0.0034 0.0015 0.0000 0.0011 0.0033 0.0017 0.0040 0.0792 0.0377 0.0010 0.0021 0.0217 0.0651 0.0116 0.0010 0.0002 0.0036 0.0285 0.0015 0.0030 0.0564 0.0752 0.0031 0.0000 0.0000 0.0000 0.0000 0.0000 0.0000 0.0000 0.0015 0.0003 0.0000 0.0000 0.0000 0.0004 0.0000 0.0000 0.0000 0.0000 0.0000 0.0093 0.0048 0.0000 0.0099 0.0032 0.0000 0.0002 0.0031 0.0039 0.0000 0.0000 0.0000
0.0000 0.0000 0.0000 0.0000 0.0000 0.0000 0.0000 0.0000 0.0000 0.0001 0.0005 0.0004 0.0000 0.0000 0.0000 0.0000 0.0000 0.0000 0.0000 0.0000 0.0000 0.0000 0.0000 0.0000 0.0000 0.0000 0.0000 0.0000 0.0000 0.0000 0.0000 0.0000 0.0000 0.0000 0.0000 0.0000 0.0000 0.0002 0.0002 0.0001 0.0015 0.0010 0.0000 0.0000 0.0000 0.0000 0.0000 0.0002 0.0000 0.0000 0.0001 0.0000 0.0000 0.0000 0.0004 0.0008 0.0008 0.0005 0.0000 0.0000 0.0000 0.0000 0.0000 0.0000
0.0178 0.0187 0.0067 0.0105 0.0192 0.0288 0.0427 0.0216 0.0035 0.0022 0.0060 0.0029 0.0050 0.0027 0.0060 0.0028 0.0020 0.0015 0.0039 0.0150 0.0022 0.0000 0.0000 0.0208 0.0000 0.0000 0.0000 0.0000 0.0000 0.0000 0.0000 0.0000 0.0000 0.0000 0.0000 0.0000 0.0000 0.0000 0.0000 0.0000 0.0000 0.0000 0.0000 0.0000 0.0014 0.0020 0.0000 0.0000 0.0000 0.0000 0.0000 0.0000 0.0000 0.0000 0.0091 0.0000 0.0044 0.0000 0.0063 0.0000 0.0000 0.0000 0.0000 0.0000
0.0000 0.0000 0.0000 0.0000 0.0000 0.0000 0.0000 0.0000 0.0000 0.0000 0.0000 0.0000 0.0000 0.0001 0.0000 0.0000 0.0000 0.0000 0.1186 0.0000 0.0000 0.0000 0.0000 0.0000 0.0000 0.0000 0.0000 0.0000 0.0000 0.0000 0.0000 0.0000 0.0000 0.0000 0.0000 0.0000 0.0000 0.0000 0.0001 0.0001 0.0000 0.0000 0.0000 0.0000 0.0000 0.0000 0.0000 0.0002 0.0000 0.0000 0.0000 0.0000 0.0000 0.0000 0.0002 0.0004 0.0000 0.0000 0.0000 0.0000 0.0000 0.0000 0.0000 0.0000
0.0009 0.0008 0.0014 0.0020 0.0073 0.0194 0.0488 0.0477 0.0035 0.0068 0.0058 0.0085 0.0030 0.0019 0.0011 0.0017 0.0004 0.0011 0.0019 0.0033 0.0006 0.0014 0.0063 0.1912 0.5458 0.6286 0.5088 0.4078 0.3912 0.5584 0.3309 0.2919 0.2530 0.0000 0.0473 0.1024 0.0000 0.0078 0.0084 0.0081 0.0000 0.0000 0.0000 0.0000 0.0000 0.0000 0.0000 0.0000 0.0000 0.0000 0.0000 0.0000 0.0000 0.0000 0.0001 0.0013 0.0001 0.0001 0.0000 0.0000 0.0000 0.0000 0.0000 0.0000
0.0000 0.0000 0.0000 0.0000 0.0000 0.0000 0.0000 0.0000 0.0000 0.0000 0.0000 0.0000 0.0003 0.0033 0.0033 0.0023 0.0000 0.0000 0.0000 0.0000 0.0000 0.0000 0.0375 0.0007 0.0000 0.0000 0.0001 0.0001 0.0004 0.0008 0.0001 0.0000 0.0000 0.0000 0.0001 0.0034 0.0000 0.1262 0.0672 0.0000 0.0000 0.0000 0.0000 0.0001 0.0000 0.0000 0.0000 0.0000 0.0000 0.0000 0.0000 0.0001 0.0004 0.0000 0.0001 0.0001 0.0008 0.0008 0.0000 0.0000 0.0003 0.0000 0.1290 0.1174
0.0000 0.0000 0.0000 0.0000 0.0000 0.0000 0.0000 0.0000 0.0000 0.0000 0.0000 0.0000 0.0000 0.0000 0.0000 0.0000 0.0000 0.0000 0.0000 0.0001 0.0000 0.0000 0.0000 0.0000 0.0000 0.0000 0.0000 0.0000 0.0000 0.0000 0.0000 0.0000 0.0000 0.0000 0.0000 0.0000 0.0000 0.0000 0.0001 0.0000 0.0000 0.0000 0.0001 0.0000 0.0000 0.0000 0.0000 0.0000 0.0000 0.0000 0.0000 0.0001 0.0000 0.0000 0.0000 0.0000 0.0000 0.0000 0.0000 0.0000 0.0000 0.0000 0.0000 0.0000
0.0000 0.0000 0.0000 0.0000 0.0000 0.0004 0.0001 0.0619 0.0000 0.0000 0.0000 0.0000 0.0000 0.0000 0.0000 0.0000 0.0000 0.0000 0.0000 0.0000 0.0000 0.0000 0.0000 0.0000 0.0000 0.0000 0.0000 0.0000 0.0000 0.0000 0.0000 0.0000 0.0000 0.0000 0.0000 0.0000 0.0000 0.0000 0.0000 0.0000 0.0000 0.0000 0.0000 0.0000 0.0000 0.0000 0.0000 0.0000 0.0000 0.0000 0.0000 0.0000 0.0000 0.0000 0.0000 0.0000 0.0000 0.0000 0.0000 0.0000 0.0000 0.0000 0.0000 0.0000
0.0000 0.0000 0.0000 0.0000 0.0000 0.0000 0.0000 0.0000 0.0000 0.0000 0.0001 0.0038 0.0000 0.0000 0.0000 0.0000 0.0000 0.0000 0.0000 0.0189 0.0000 0.0000 0.0000 0.0000 0.0000 0.0000 0.0000 0.0000 0.0000 0.0000 0.0000 0.0000 0.0000 0.0000 0.0000 0.0000 0.0000 0.0000 0.0000 0.0000 0.0000 0.0000 0.0000 0.0000 0.0000 0.0016 0.0025 0.0055 0.0007 0.0015 0.0093 0.0000 0.0000 0.0011 0.0000 0.0001 0.0026 0.0013 0.0036 0.0045 0.0101 0.0099 0.0199 0.0137
0.1361 0.1210 0.0894 0.0533 0.0000 0.0000 0.0042 0.0000 0.0000 0.0000 0.0003 0.0005 0.0001 0.0000 0.0001 0.0001 0.0000 0.0000 0.0000 0.0000 0.0000 0.0000 0.0000 0.0000 0.0000 0.0115 0.0000 0.0003 0.0003 0.0032 0.0000 0.0000 0.0000 0.0000 0.0000 0.0000 0.0000 0.0000 0.0000 0.0000 0.0000 0.0000 0.0000 0.0000 0.0000 0.0000 0.0000 0.0000 0.0000 0.0001 0.0017 0.0000 0.0000 0.0000 0.0060 0.0105 0.0069 0.0000 0.1085 0.0298 0.0190 0.0242 0.0370 0.0054
0.0000 0.0000 0.0000 0.0001 0.0000 0.0000 0.0000 0.0000 0.0000 0.0000 0.0074 0.0011 0.0000 0.0001 0.0000 0.0004 0.0000 0.0000 0.0000 0.0000 0.0000 0.0000 0.0000 0.0000 0.0000 0.0000 0.0000 0.0000 0.0000 0.0000 0.0000 0.0000 0.0000 0.0000 0.0000 0.0000 0.0000 0.0000 0.0000 0.0001 0.0000 0.0000 0.0000 0.0000 0.0000 0.0000 0.0000 0.0000 0.0000 0.0000 0.0000 0.0000 0.0000 0.0000 0.0000 0.0000 0.0000 0.0000 0.0002 0.0001 0.0001 0.0000 0.0001 0.0000
0.0000 0.0000 0.0000 0.0000 0.0000 0.0000 0.0000 0.0000 0.0000 0.0000 0.0000 0.0000 0.0003 0.0000 0.0000 0.0001 0.0000 0.0000 0.0000 0.0000 0.0000 0.0000 0.0006 0.0000 0.0000 0.0000 0.0000 0.0000 0.0000 0.0000 0.0000 0.0000 0.0000 0.0000 0.0000 0.0000 0.0000 0.0000 0.0001 0.0001 0.0000 0.0000 0.0000 0.0000 0.0000 0.0000 0.0000 0.0000 0.0000 0.0000 0.0000 0.0000 0.0001 0.0012 0.0000 0.0000 0.0001 0.0005 0.0000 0.0011 0.0002 0.0000 0.0000 0.0000
0.0000 0.0000 0.0000 0.0000 0.0000 0.0000 0.0000 0.0000 0.0000 0.0000 0.0000 0.0000 0.0000 0.0000 0.0000 0.0000 0.0000 0.0000 0.0000 0.0000 0.0000 0.0000 0.0000 0.0000 0.0000 0.0002 0.0000 0.0000 0.0000 0.0000 0.0000 0.0000 0.0000 0.0000 0.0000 0.0000 0.0000 0.0000 0.0000 0.0009 0.0004 0.0003 0.0001 0.0000 0.0001 0.0000 0.0000 0.0000 0.0000 0.0000 0.0000 0.0000 0.0000 0.0004 0.0000 0.0003 0.0000 0.0000 0.0016 0.0000 0.0000 0.0000 0.0000 0.0000
0.0000 0.1454 0.0000 0.0000 0.0000 0.0000 0.0000 0.0000 0.0000 0.0000 0.0000 0.0000 0.0000 0.0000 0.0000 0.0000 0.0000 0.0000 0.0000 0.0000 0.0000 0.0000 0.0000 0.0516 0.0000 0.0000 0.0000 0.0000 0.0000 0.0006 0.0000 0.0000 0.0000 0.0000 0.0000 0.0000 0.0000 0.0000 0.0000 0.0000 0.0000 0.0000 0.0000 0.0000 0.0000 0.0000 0.0000 0.0002 0.0000 0.0000 0.0000 0.0000 0.0000 0.0000 0.0000 0.0000 0.0000 0.0000 0.0000 0.0000 0.0000 0.0000 0.0000 0.0106
0.0006 0.0000 0.0004 0.0002 0.0023 0.0000 0.0000 0.0000 0.0000 0.0000 0.0000 0.0006 0.0000 0.0000 0.0000 0.0004 0.0000 0.0001 0.0000 0.0000 0.0000 0.0000 0.0000 0.0000 0.0000 0.0000 0.0685 0.1666 0.0868 0.0420 0.1782 0.1348 0.0000 0.0000 0.0857 0.0000 0.0000 0.0000 0.0000 0.0000 0.0000 0.0000 0.0000 0.0000 0.0000 0.0000 0.0000 0.0000 0.0000 0.0000 0.0000 0.0000 0.0000 0.0000 0.0000 0.0000 0.0000 0.0000 0.0015 0.0000 0.0000 0.0000 0.0000 0.0000
0.6434 0.5430 0.5113 0.6087 0.1340 0.0027 0.0148 0.0883 0.0007 0.0003 0.0011 0.0008 0.0005 0.0002 0.0000 0.0004 0.3027 0.2840 0.3469 0.0913 0.0000 0.0000 0.0000 0.0348 0.0000 0.0000 0.0000 0.0000 0.0000 0.0000 0.0000 0.0012 0.0000 0.0000 0.0001 0.0003 0.0001 0.0001 0.0007 0.0025 0.0105 0.2069 0.0040 0.0018 0.0019 0.0041 0.0045 0.0030 0.0041 0.0042 0.0042 0.0039 0.0108 0.2634 0.0335 0.1670 0.2849 0.4948 0.6696 0.3449 0.0661 0.0236 0.0404 0.0152
0.0000 0.0000 0.0000 0.0000 0.0001 0.0001 0.0000 0.0001 0.0001 0.0000 0.0003 0.0001 0.0002 0.0000 0.0000 0.0000 0.0000 0.0000 0.0000 0.0000 0.0295 0.0484 0.0050 0.0000 0.0007 0.0000 0.0021 0.0000 0.0005 0.0001 0.0000 0.0000 0.0000 0.0002 0.0005 0.0000 0.0000 0.0001 0.0001 0.0000 0.0000 0.0000 0.0000 0.0000 0.0000 0.0000 0.0000 0.0000 0.0000 0.0000 0.0003 0.0006 0.0001 0.0005 0.0001 0.0000 0.0007 0.0000 0.0000 0.0000 0.0000 0.0000 0.0000 0.0000
0.0000 0.0000 0.0000 0.0000 0.0001 0.0000 0.0000 0.0000 0.0000 0.0000 0.0000 0.0000 0.0000 0.0000 0.0000 0.0000 0.0000 0.0000 0.0000 0.0000 0.0000 0.0000 0.0000 0.0000 0.0000 0.0000 0.0000 0.0000 0.0000 0.0000 0.0000 0.0000 0.0000 0.0000 0.0000 0.0000 0.0000 0.0000 0.0000 0.0000 0.0000 0.0000 0.0000 0.0000 0.0000 0.0000 0.0000 0.0000 0.0000 0.0000 0.0000 0.0000 0.0000 0.0000 0.0000 0.0000 0.0000 0.0000 0.0000 0.0000 0.0000 0.0000 0.0000 0.0000
0.0000 0.0000 0.0000 0.0000 0.0000 0.0000 0.0000 0.0000 0.0003 0.0001 0.0000 0.0000 0.0000 0.0000 0.0000 0.0000 0.0293 0.0000 0.0000 0.0000 0.0000 0.0000 0.0000 0.0000 0.0010 0.0011 0.0007 0.0006 0.0000 0.0000 0.0000 0.0000 0.0000 0.0000 0.0000 0.0000 0.0000 0.0000 0.0000 0.0000 0.0000 0.0000 0.0000 0.0000 0.0000 0.0000 0.0000 0.0000 0.0000 0.0000 0.0000 0.0000 0.0000 0.0000 0.0000 0.0000 0.0009 0.0013 0.0000 0.0001 0.0000 0.0000 0.0000 0.0000
0.0753 0.0732 0.0663 0.0325 0.0000 0.0000 0.1640 0.0000 0.0359 0.1574 0.0000 0.0000 0.0000 0.0000 0.0000 0.0000 0.0000 0.0000 0.0000 0.0000 0.0000 0.0000 0.0001 0.0000 0.0000 0.0000 0.0000 0.0000 0.0000 0.0000 0.0000 0.0000 0.0009 0.0000 0.0000 0.0164 0.0069 0.0134 0.0094 0.0279 0.0033 0.0000 0.0003 0.0000 0.0000 0.0000 0.0000 0.0000 0.0000 0.0000 0.0000 0.0000 0.0001 0.0000 0.0786 0.0000 0.0000 0.0000 0.0000 0.0000 0.0000 0.0000 0.0000 0.0000
0.0000 0.0000 0.0000 0.0000 0.0000 0.0000 0.0000 0.0000 0.0000 0.0000 0.0000 0.0025 0.0002 0.0000 0.0001 0.0003 0.0000 0.0000 0.0000 0.0070 0.0001 0.0000 0.0000 0.0000 0.0000 0.0000 0.0000 0.0000 0.0000 0.0000 0.0000 0.0000 0.0029 0.0006 0.0031 0.0175 0.0065 0.0165 0.0133 0.0320 0.0186 0.0139 0.0000 0.0019 0.0000 0.0000 0.0000 0.0000 0.0000 0.0000 0.0000 0.0000 0.0068 0.0009 0.0001 0.0079 0.0000 0.0072 0.0022 0.0000 0.0000 0.0000 0.0000 0.0000
0.0000 0.0000 0.0000 0.0000 0.0000 0.0000 0.0000 0.0000 0.0000 0.0000 0.0000 0.0000 0.0000 0.0000 0.0000 0.0000 0.0000 0.0000 0.0000 0.0000 0.0000 0.0000 0.0000 0.0000 0.0000 0.0000 0.0000 0.0000 0.0000 0.0000 0.0002 0.0000 0.0000 0.0000 0.0000 0.0000 0.0000 0.0000 0.0000 0.0000 0.0000 0.0000 0.0000 0.0000 0.0000 0.0000 0.0000 0.0000 0.0000 0.0000 0.0000 0.0000 0.0000 0.0000 0.0000 0.0000 0.0000 0.0000 0.0019 0.0000 0.0000 0.0000 0.0000 0.0000
0.0000 0.0000 0.0000 0.0000 0.0000 0.0020 0.0000 0.0062 0.0000 0.0000 0.0727 0.0000 0.0000 0.1088 0.0040 0.0003 0.0001 0.0046 0.0183 0.0000 0.0027 0.0000 0.0000 0.1351 0.0793 0.0351 0.0246 0.0295 0.0312 0.0360 0.0392 0.0219 0.0042 0.0098 0.0378 0.0198 0.0000 0.0000 0.0065 0.0191 0.0000 0.0000 0.0000 0.0000 0.0000 0.0000 0.0000 0.0000 0.0000 0.0000 0.0000 0.0000 0.0003 0.0003 0.0001 0.0000 0.0000 0.0000 0.0000 0.0000 0.0000 0.0000 0.0000 0.0000
0.0000 0.0026 0.0039 0.0052 0.0000 0.0000 0.0000 0.0000 0.0018 0.0010 0.0039 0.0000 0.0045 0.0009 0.0012 0.0025 0.0027 0.0022 0.0024 0.0190 0.0060 0.0066 0.0163 0.0161 0.0145 0.0081 0.0053 0.0064 0.0053 0.0050 0.0107 0.1939 0.0056 0.0080 0.1614 0.0335 0.0332 0.0704 0.0089 0.0114 0.0146 0.0042 0.0049 0.0017 0.0011 0.0018 0.0020 0.0037 0.0059 0.0033 0.0084 0.0051 0.0051 0.0004 0.0000 0.0112 0.0066 0.0000 0.0000 0.0249 0.0000 0.0000 0.0000 0.0000
0.0000 0.0000 0.0000 0.0000 0.0021 0.0003 0.0032 0.0000 0.0000 0.0000 0.0002 0.0009 0.0000 0.0000 0.0005 0.0000 0.0000 0.0194 0.0000 0.0000 0.0000 0.0000 0.0000 0.0001 0.0000 0.0000 0.0000 0.0000 0.0000 0.0000 0.0000 0.0000 0.0000 0.0000 0.0000 0.0000 0.0000 0.0000 0.0000 0.0013 0.0001 0.0010 0.0003 0.0001 0.0001 0.0002 0.0002 0.0000 0.0000 0.0000 0.0000 0.0001 0.0002 0.0000 0.0000 0.0001 0.0000 0.0000 0.0000 0.0546 0.0000 0.0000 0.0000 0.0000
0.1192 0.0864 0.0339 0.0000 0.0000 0.4977 0.0117 0.0080 0.0000 0.0000 0.0000 0.0000 0.0000 0.0000 0.0000 0.0000 0.0909 0.0000 0.0000 0.0001 0.0000 0.0000 0.0267 0.0000 0.0000 0.0000 0.0000 0.0000 0.0000 0.0000 0.0000 0.0000 0.0000 0.0000 0.0000 0.0000 0.0000 0.0000 0.0000 0.0000 0.0000 0.0000 0.0000 0.0000 0.0000 0.0000 0.0013 0.0055 0.0078 0.0117 0.0181 0.0245 0.0331 0.0065 0.0103 0.0107 0.1606 0.0065 0.1211 0.0993 0.0000 0.0000 0.0000 0.0000
