0.0188 0.0153 0.1443 0.5170 0.0679 0.2765 0.1586 0.2069 0.2334 0.0355 0.4115 0.2686 0.3020 0.3509 0.5167 0.4976 0.5056 0.6574 0.4395 0.4771 0.3516 0.3241 0.4424 0.2708 0.2119 0.2205 0.4582 0.1113 0.3744 0.3964 0.1162 0.2382 0.0000 0.0000 0.0000 0.0000 0.0000 0.0000 0.0000 0.0000 0.0000 0.0018 0.0008 0.0001 0.0000 0.0000 0.0000 0.0000 0.0002 0.0000 0.0003 0.0001 0.0000 0.0000 0.0014 0.0004 0.0001 0.0002 0.0002 0.0002 0.0002 0.0015 0.0008 0.0002
0.0000 0.0000 0.0000 0.0000 0.0000 0.0000 0.0566 0.0000 0.1068 0.1674 0.1544 0.0666 0.0000 0.0000 0.0000 0.0001 0.0000 0.0000 0.0000 0.0000 0.0003 0.0000 0.0000 0.0455 0.0000 0.0002 0.0000 0.0000 0.0000 0.0000 0.0000 0.0000 0.0000 0.0000 0.0000 0.0000 0.0000 0.0000 0.0000 0.0000 0.0000 0.0000 0.0000 0.0000 0.0000 0.0000 0.0000 0.0000 0.0000 0.0000 0.0000 0.0000 0.0000 0.0000 0.0000 0.0000 0.0000 0.0000 0.0000 0.0052 0.0000 0.0000 0.0000 0.0000
0.0000 0.0000 0.0000 0.0007 0.0000 0.0001 0.0000 0.0000 0.0000 0.0000 0.0000 0.0000 0.0000 0.0001 0.0000 0.0000 0.0000 0.0000 0.0000 0.0019 0.0000 0.0000 0.0000 0.0000 0.0000 0.0000 0.0001 0.0000 0.0000 0.0000 0.0082 0.0000 0.0859 0.0000 0.0000 0.0000 0.0000 0.0000 0.0000 0.0000 0.0000 0.0000 0.0000 0.0000 0.0000 0.0000 0.0000 0.0000 0.0000 0.0000 0.0000 0.0000 0.0000 0.0000 0.0001 0.0001 0.0000 0.0000 0.0023 0.0000 0.0000 0.0024 0.0000 0.0000
0.0000 0.0000 0.0000 0.0000 0.0000 0.0000 0.0000 0.0000 0.0000 0.0000 0.0000 0.0000 0.0000 0.0000 0.0000 0.0000 0.0000 0.0000 0.0000 0.0000 0.0000 0.0000 0.0000 0.0000 0.0000 0.0000 0.0000 0.0000 0.0000 0.0000 0.0048 0.0001 0.0014 0.0001 0.0000 0.0000 0.0007 0.0001 0.0000 0.0000 0.0000 0.0000 0.0000 0.0000 0.0000 0.0000 0.0000 0.0000 0.0000 0.0000 0.0000 0.0000 0.0000 0.0000 0.0000 0.0000 0.0000 0.0000 0.0000 0.0000 0.0000 0.0000 0.0000 0.0000
0.0000 0.0000 0.0000 0.0000 0.0000 0.0000 0.0000 0.0000 0.0000 0.0000 0.0000 0.0000 0.0000 0.0000 0.0000 0.0000 0.0000 0.0000 0.1575 0.0094 0.0000 0.0000 0.0004 0.0000 0.0000 0.0000 0.0000 0.0000 0.0000 0.0004 0.0014 0.0000 0.0005 0.0000 0.0000 0.0000 0.0000 0.0000 0.0000 0.0000 0.0000 0.0045 0.0001 0.0000 0.0000 0.0000 0.0000 0.0000 0.0000 0.0000 0.0100 0.0083 0.1119 0.0146 0.0013 0.0000 0.0961 0.0323 0.0265 0.0016 0.0236 0.0195 0.0000 0.0000
0.0000 0.0000 0.0000 0.0000 0.0000 0.0000 0.0000 0.0000 0.0000 0.0000 0.0000 0.0000 0.0000 0.0000 0.0000 0.0000 0.0000 0.0000 0.0000 0.0000 0.0000 0.0000 0.0000 0.0000 0.0000 0.0000 0.0000 0.0000 0.0000 0.0000 0.0000 0.0000 0.0000 0.0000 0.0000 0.0000 0.0000 0.0000 0.0000 0.0000 0.2277 0.2564 0.6019 0.5948 0.8347 0.5337 0.5718 0.5585 0.6916 0.7645 0.5043 0.5346 0.3239 0.4254 0.4165 0.4437 0.4359 0.3875 0.5685 0.6179 0.6386 0.3975 0.2758 0.2323
0.0263 0.0110 0.0129 0.0000 0.0000 0.0000 0.0000 0.0000 0.0000 0.0000 0.0000 0.0000 0.0000 0.0000 0.0000 0.0771 0.0000 0.0000 0.0001 0.0003 0.0704 0.0000 0.0000 0.0000 0.0000 0.0000 0.0000 0.0000 0.0000 0.0000 0.0000 0.0777 0.1700 0.0379 0.0089 0.0000 0.0000 0.0000 0.0000 0.0000 0.0000 0.0000 0.0000 0.0000 0.0000 0.0001 0.0000 0.0580 0.0244 0.0010 0.0000 0.0000 0.0001 0.0000 0.0001 0.0002 0.0002 0.0004 0.0005 0.0000 0.0000 0.0000 0.0000 0.0000
0.0000 0.0000 0.0000 0.0000 0.0000 0.0000 0.0000 0.0000 0.0000 0.0000 0.0000 0.0000 0.0625 0.0000 0.0000 0.0000 0.0000 0.0000 0.0000 0.0000 0.0001 0.0000 0.0024 0.0008 0.0003 0.0002 0.0101 0.0458 0.0080 0.0032 0.0145 0.0055 0.0001 0.0000 0.0000 0.0000 0.0000 0.0001 0.0000 0.0000 0.0000 0.0000 0.0000 0.0001 0.0000 0.0000 0.0000 0.0000 0.0002 0.0000 0.0000 0.0000 0.0001 0.0000 0.0001 0.0002 0.0002 0.0000 0.0000 0.0000 0.0000 0.0002 0.0002 0.0000
0.0409 0.0000 0.0154 0.0000 0.0000 0.0000 0.0000 0.0001 0.0000 0.0000 0.0000 0.0000 0.0000 0.0000 0.0001 0.0001 0.0000 0.0004 0.0001 0.0001 0.0200 0.0001 0.0008 0.0000 0.0005 0.0000 0.0009 0.0044 0.0002 0.0003 0.0006 0.0002 0.0001 0.0006 0.0006 0.0006 0.0000 0.0000 0.0000 0.0000 0.0000 0.0028 0.0000 0.0000 0.0000 0.0000 0.0000 0.0000 0.0001 0.0000 0.0001 0.0000 0.0000 0.0000 0.0000 0.0000 0.0000 0.0003 0.0000 0.0000 0.0000 0.0001 0.0001 0.0000
0.0000 0.0000 0.0000 0.0000 0.0001 0.0681 0.1138 0.3141 0.2460 0.3320 0.1164 0.4061 0.2484 0.1277 0.0000 0.0954 0.0000 0.0000 0.0000 0.0000 0.0004 0.0000 0.0000 0.0023 0.0000 0.0000 0.0002 0.0008 0.0001 0.0007 0.0006 0.0002 0.0002 0.0001 0.0001 0.0000 0.0001 0.0512 0.0007 0.0005 0.0000 0.0000 0.0000 0.0000 0.0000 0.0000 0.0000 0.0000 0.0000 0.0000 0.0000 0.0000 0.0000 0.0000 0.0000 0.0000 0.0000 0.0000 0.0000 0.0000 0.0000 0.0000 0.0000 0.0000
0.0057 0.0043 0.0007 0.0000 0.0000 0.0001 0.0000 0.0000 0.0000 0.0000 0.0000 0.0000 0.0000 0.0000 0.0000 0.0000 0.0001 0.0001 0.0001 0.0014 0.0000 0.0000 0.0000 0.0000 0.0000 0.0021 0.0001 0.0002 0.0001 0.0000 0.0000 0.0000 0.0000 0.0000 0.0000 0.0000 0.0000 0.0000 0.0000 0.0000 0.0000 0.0000 0.0000 0.0000 0.0000 0.0000 0.0000 0.0000 0.0000 0.0000 0.0000 0.0000 0.0000 0.0000 0.0000 0.0002 0.0000 0.0001 0.0000 0.0000 0.0000 0.0000 0.0000 0.0000
0.0000 0.0000 0.0000 0.0000 0.0000 0.0000 0.0000 0.0621 0.0188 0.0002 0.0002 0.0006 0.0001 0.0000 0.0000 0.0000 0.0000 0.0000 0.0000 0.0000 0.0000 0.0016 0.0000 0.0000 0.0002 0.0006 0.0001 0.0003 0.0001 0.0003 0.0001 0.0001 0.0001 0.0000 0.0000 0.0000 0.0000 0.0000 0.0701 0.0087 0.0181 0.0005 0.0003 0.0006 0.0000 0.1414 0.0997 0.0987 0.0007 0.0455 0.1138 0.1552 0.3314 0.2618 0.3863 0.1799 0.1574 0.2462 0.1440 0.0236 0.0961 0.0199 0.0000 0.0000
0.0000 0.0000 0.0000 0.0000 0.0000 0.0000 0.0005 0.0000 0.0000 0.0000 0.0000 0.0000 0.0070 0.0000 0.0310 0.0000 0.0016 0.0030 0.0091 0.0024 0.0000 0.0000 0.0000 0.0000 0.0000 0.0000 0.0000 0.0000 0.0000 0.0000 0.0000 0.0000 0.0000 0.0000 0.0000 0.0000 0.0000 0.0000 0.0000 0.0000 0.0000 0.0000 0.0000 0.0000 0.0000 0.0000 0.0000 0.0000 0.0000 0.0000 0.0000 0.0000 0.0000 0.0000 0.0000 0.0000 0.0000 0.0000 0.0000 0.0000 0.0000 0.0000 0.0000 0.0000
0.0000 0.0000 0.0000 0.0000 0.0000 0.0000 0.0000 0.0000 0.0000 0.0000 0.0000 0.0000 0.0000 0.0000 0.0000 0.0000 0.0000 0.0000 0.0000 0.0196 0.0000 0.0000 0.0000 0.0000 0.0001 0.0001 0.0000 0.0000 0.0000 0.0000 0.0000 0.0001 0.0001 0.0000 0.0002 0.0000 0.0000 0.0006 0.0009 0.0006 0.0002 0.0013 0.0001 0.0001 0.0000 0.0001 0.0001 0.0000 0.0001 0.0000 0.0000 0.0000 0.0000 0.0000 0.0001 0.0000 0.0001 0.0001 0.0019 0.0000 0.0000 0.0001 0.0004 0.0003
0.0000 0.0147 0.0034 0.0059 0.0501 0.0000 0.0931 0.0812 0.0000 0.0303 0.0196 0.0471 0.1409 0.0000 0.0000 0.0000 0.0000 0.0000 0.0000 0.0273 0.0000 0.0510 0.0003 0.0000 0.0000 0.0001 0.0000 0.0000 0.0395 0.0079 0.0019 0.0001 0.0011 0.0009 0.0000 0.0000 0.0003 0.0000 0.0002 0.0002 0.0000 0.0000 0.0000 0.0004 0.0000 0.0000 0.0659 0.0000 0.0001 0.0000 0.0002 0.0004 0.0003 0.0005 0.0000 0.0000 0.0000 0.0004 0.0000 0.0000 0.0164 0.0012 0.0002 0.0002
0.0001 0.0003 0.0059 0.0161 0.0178 0.0571 0.2272 0.2456 0.2289 0.1466 0.0246 0.0009 0.0000 0.0000 0.0000 0.0000 0.0000 0.0000 0.0000 0.0001 0.0963 0.0001 0.0601 0.0000 0.0002 0.0667 0.0296 0.0000 0.0000 0.0000 0.0000 0.0751 0.0874 0.0287 0.0005 0.0001 0.0019 0.0001 0.0000 0.0067 0.0000 0.0000 0.0000 0.0000 0.0000 0.0000 0.0000 0.0000 0.0114 0.0006 0.0000 0.0000 0.0000 0.0000 0.0000 0.0000 0.0000 0.0000 0.0000 0.0000 0.0000 0.0000 0.0000 0.0000
0.5579 0.6306 0.6813 0.1740 0.3667 0.0668 0.0214 0.0071 0.0336 0.0129 0.0034 0.0015 0.0042 0.0014 0.0147 0.0028 0.0006 0.0006 0.0008 0.0008 0.0015 0.0002 0.0000 0.0001 0.0001 0.0000 0.0000 0.0000 0.0000 0.0000 0.0011 0.0000 0.0000 0.0000 0.0000 0.0000 0.0000 0.0000 0.0000 0.0000 0.0000 0.0000 0.0002 0.0001 0.0000 0.0002 0.0000 0.0057 0.0009 0.0001 0.0005 0.0000 0.0000 0.0000 0.0001 0.0002 0.0001 0.0007 0.0004 0.0010 0.0006 0.0034 0.0004 0.0001
0.0000 0.0000 0.0000 0.0000 0.1675 0.1794 0.0000 0.0000 0.0000 0.0000 0.0000 0.0000 0.0000 0.0000 0.0000 0.0000 0.2513 0.0619 0.0000 0.0000 0.0000 0.0000 0.0000 0.0000 0.0000 0.0000 0.0000 0.0174 0.0000 0.0022 0.0102 0.0006 0.0000 0.0000 0.0000 0.0000 0.0000 0.0837 0.0003 0.0000 0.0000 0.0002 0.0051 0.0000 0.0000 0.0002 0.0000 0.1127 0.0035 0.0822 0.2825 0.2934 0.2283 0.2240 0.1674 0.3044 0.2921 0.2977 0.2139 0.3033 0.1615 0.5169 0.7093 0.7619
0.0000 0.0000 0.0000 0.0000 0.0000 0.0000 0.0000 0.0000 0.0000 0.0000 0.0000 0.0000 0.0000 0.0000 0.0000 0.0000 0.0000 0.0000 0.0000 0.0295 0.0000 0.0025 0.0000 0.0000 0.0000 0.0000 0.0000 0.0000 0.0000 0.0000 0.0000 0.0000 0.0000 0.0000 0.0000 0.0000 0.0000 0.0000 0.0000 0.0000 0.0000 0.0001 0.0003 0.1133 0.0345 0.2976 0.2481 0.1510 0.2623 0.1045 0.0831 0.0000 0.0001 0.0000 0.0001 0.0000 0.0000 0.0005 0.0000 0.0000 0.0000 0.0000 0.0000 0.0000
0.0000 0.0016 0.0000 0.0001 0.0000 0.0000 0.0005 0.0013 0.0001 0.0000 0.0000 0.0000 0.0000 0.1397 0.1106 0.0000 0.0000 0.0064 0.0000 0.0000 0.0000 0.0000 0.0000 0.0000 0.0001 0.0000 0.0000 0.0000 0.0198 0.0340 0.0000 0.0000 0.0002 0.0000 0.0000 0.0000 0.0000 0.0000 0.0000 0.0000 0.0000 0.0000 0.0000 0.0000 0.0000 0.0193 0.0000 0.0000 0.0000 0.0000 0.0000 0.0000 0.0002 0.0264 0.0000 0.0000 0.0004 0.0000 0.0000 0.0000 0.0000 0.0000 0.0000 0.0000
0.0000 0.0000 0.0001 0.0000 0.0000 0.0000 0.0138 0.0080 0.0040 0.0214 0.0056 0.0019 0.0003 0.0003 0.0001 0.0003 0.0005 0.0001 0.0002 0.0000 0.1503 0.1845 0.1510 0.1654 0.0208 0.0022 0.0004 0.0003 0.0000 0.0003 0.0009 0.0006 0.0000 0.0001 0.0003 0.0010 0.0006 0.0001 0.0003 0.0038 0.0002 0.0001 0.0000 0.0000 0.0000 0.0000 0.0000 0.0000 0.0000 0.0000 0.0000 0.0000 0.0000 0.0004 0.0000 0.0000 0.0000 0.0000 0.0073 0.0000 0.0000 0.0000 0.0000 0.0000
0.0000 0.0000 0.0000 0.0000 0.0000 0.0000 0.0000 0.0000 0.0000 0.0000 0.0000 0.0000 0.0000 0.0000 0.0000 0.0000 0.0000 0.0000 0.0000 0.0000 0.0000 0.0000 0.0020 0.0008 0.0000 0.0000 0.0000 0.0000 0.0000 0.0000 0.0000 0.0000 0.0000 0.0000 0.0000 0.0000 0.0000 0.0000 0.0000 0.0000 0.0000 0.0000 0.0000 0.0000 0.0000 0.0000 0.0000 0.0000 0.0000 0.0000 0.0000 0.0000 0.0000 0.0000 0.0001 0.0001 0.0001 0.0001 0.0002 0.0005 0.0000 0.0011 0.0000 0.0000
0.0000 0.0000 0.0000 0.0000 0.0000 0.0000 0.0000 0.0000 0.0000 0.0000 0.0000 0.0000 0.0000 0.0000 0.0000 0.0000 0.0000 0.0000 0.0000 0.0000 0.0000 0.0000 0.0000 0.0000 0.0000 0.0000 0.0000 0.0000 0.0000 0.0000 0.0000 0.0000 0.0000 0.0000 0.0000 0.0000 0.0000 0.0000 0.0000 0.0000 0.0000 0.0000 0.0000 0.0000 0.0000 0.0000 0.0000 0.0000 0.0000 0.0000 0.0000 0.0000 0.0000 0.0000 0.0000 0.0062 0.0029 0.0000 0.0000 0.0072 0.0047 0.0000 0.0000 0.0000
0.0181 0.0554 0.0000 0.0000 0.0000 0.0002 0.0000 0.0000 0.0000 0.0000 0.0000 0.0000 0.0000 0.0000 0.0000 0.0013 0.0001 0.0001 0.0001 0.0021 0.0000 0.0000 0.0000 0.0000 0.0006 0.0000 0.0000 0.0000 0.0000 0.0000 0.0000 0.0001 0.0006 0.0001 0.0004 0.0001 0.0002 0.0003 0.0000 0.0000 0.0000 0.0000 0.0002 0.0005 0.0001 0.0007 0.0002 0.0001 0.0000 0.0000 0.0000 0.0000 0.0000 0.0000 0.0000 0.0010 0.0002 0.0005 0.0000 0.0000 0.0000 0.0000 0.0000 0.0000
0.0000 0.0000 0.0001 0.0000 0.0000 0.0000 0.0000 0.0000 0.0000 0.0000 0.0000 0.0000 0.0000 0.0000 0.0000 0.0000 0.0000 0.0000 0.0000 0.0000 0.0000 0.0000 0.0000 0.0000 0.0000 0.0000 0.0000 0.0000 0.0000 0.0000 0.0001 0.0001 0.0000 0.0000 0.0000 0.0000 0.0000 0.0000 0.0000 0.0000 0.0000 0.0000 0.0000 0.0293 0.0000 0.0000 0.0000 0.0000 0.0000 0.0000 0.0000 0.0000 0.0003 0.0000 0.0011 0.0001 0.0000 0.0001 0.0000 0.0000 0.0002 0.0008 0.0005 0.0011
0.0194 0.0091 0.0011 0.0018 0.0007 0.0005 0.0001 0.0005 0.0013 0.0002 0.0007 0.0006 0.0002 0.0017 0.0045 0.0020 0.0002 0.0001 0.0001 0.0016 0.0001 0.0001 0.0003 0.0004 0.0003 0.0004 0.0001 0.0003 0.0002 0.0002 0.0005 0.0005 0.0007 0.0000 0.0000 0.0000 0.0000 0.0000 0.0000 0.0000 0.0000 0.0000 0.0000 0.0000 0.0000 0.0002 0.0001 0.0000 0.0000 0.0000 0.0000 0.0000 0.0000 0.0000 0.0000 0.0000 0.0001 0.0006 0.0009 0.0000 0.0000 0.0001 0.0002 0.0000
0.0000 0.0000 0.0000 0.0000 0.0000 0.0000 0.0000 0.0187 0.0000 0.0000 0.0000 0.0000 0.0000 0.0000 0.0000 0.0000 0.0000 0.0000 0.0001 0.0218 0.0000 0.0000 0.0000 0.0000 0.0000 0.0000 0.0000 0.0000 0.0000 0.0000 0.0000 0.0001 0.0000 0.0000 0.0000 0.0000 0.0000 0.0000 0.0008 0.0007 0.0003 0.0001 0.0001 0.0001 0.0000 0.0000 0.0000 0.0000 0.0000 0.0000 0.0000 0.0000 0.0000 0.0000 0.0000 0.0000 0.0000 0.0000 0.0000 0.0000 0.0000 0.0001 0.0000 0.0001
0.0253 0.0208 0.0070 0.1072 0.0068 0.0895 0.0645 0.0175 0.0004 0.0010 0.0000 0.0361 0.0000 0.0062 0.0009 0.0023 0.0006 0.0000 0.0001 0.0039 0.0000 0.0006 0.0014 0.0000 0.0010 0.0005 0.0000 0.0001 0.0000 0.0000 0.0191 0.0000 0.0000 0.0001 0.0000 0.0000 0.0000 0.0001 0.0005 0.0007 0.0000 0.0018 0.0000 0.0009 0.0000 0.0000 0.0000 0.0000 0.0000 0.0000 0.0000 0.0000 0.0000 0.0000 0.0000 0.0000 0.0000 0.0000 0.0000 0.0000 0.0000 0.0000 0.0000 0.0000
0.0000 0.0000 0.0000 0.0000 0.0000 0.0000 0.0000 0.0000 0.0000 0.0000 0.0000 0.0000 0.0000 0.0000 0.0000 0.0000 0.0000 0.0000 0.0000 0.0021 0.0002 0.0000 0.0000 0.0000 0.0000 0.0004 0.0000 0.0011 0.0005 0.0010 0.0018 0.0006 0.0010 0.0001 0.0001 0.0001 0.0007 0.0001 0.0000 0.0000 0.0000 0.0000 0.0000 0.0000 0.0000 0.0000 0.0000 0.0000 0.0000 0.0000 0.0000 0.0000 0.0000 0.0000 0.0000 0.0000 0.0000 0.0000 0.0000 0.0000 0.0000 0.0000 0.0000 0.0000
0.2315 0.0091 0.1013 0.0739 0.2261 0.1854 0.0000 0.0000 0.0000 0.0000 0.0000 0.0000 0.0000 0.0000 0.0000 0.0000 0.0000 0.0000 0.0000 0.0000 0.0000 0.0000 0.0001 0.0040 0.0000 0.0002 0.0000 0.0001 0.0000 0.0000 0.0895 0.3170 0.6450 0.9297 0.9628 0.9974 0.9919 0.8495 0.7432 0.7103 0.4889 0.2151 0.0000 0.0001 0.0000 0.0000 0.0000 0.0001 0.0000 0.0000 0.0030 0.0052 0.0007 0.0000 0.0001 0.0002 0.0000 0.0000 0.0000 0.0001 0.0000 0.0001 0.0028 0.0002
0.0000 0.0000 0.0000 0.0000 0.0000 0.0000 0.0000 0.0000 0.0000 0.0000 0.0000 0.0000 0.0000 0.0000 0.0000 0.0000 0.0000 0.0073 0.0104 0.0035 0.0089 0.0008 0.0019 0.0058 0.0053 0.0093 0.0021 0.0046 0.0030 0.0030 0.0070 0.0048 0.0000 0.0000 0.0020 0.0000 0.0005 0.0032 0.0029 0.0048 0.0036 0.0020 0.0060 0.0000 0.0000 0.0000 0.0000 0.0000 0.0000 0.0000 0.0000 0.0000 0.0000 0.0000 0.0000 0.0000 0.0000 0.0000 0.0000 0.0000 0.0000 0.0000 0.0000 0.0000
0.0000 0.0000 0.0000 0.0000 0.0000 0.0000 0.1657 0.0000 0.0000 0.0000 0.0000 0.0000 0.0725 0.0000 0.0187 0.0000 0.0000 0.0000 0.0000 0.0000 0.0000 0.0000 0.0000 0.0000 0.0000 0.0000 0.0000 0.0000 0.0253 0.0000 0.0000 0.0000 0.0000 0.0000 0.0000 0.0000 0.0000 0.0000 0.0000 0.0000 0.0000 0.0000 0.0000 0.0001 0.0000 0.0000 0.0000 0.0000 0.0000 0.0000 0.0000 0.0000 0.0000 0.0000 0.0000 0.0000 0.0000 0.0002 0.0000 0.0000 0.0178 0.0000 0.0000 0.0000
0.0001 0.0002 0.0000 0.0003 0.0000 0.0001 0.0002 0.0006 0.0001 0.0023 0.0190 0.0571 0.0000 0.0000 0.0000 0.0000 0.0000 0.0000 0.0000 0.0000 0.0000 0.0000 0.0000 0.0000 0.0000 0.0000 0.0000 0.0000 0.0000 0.0000 0.0000 0.0000 0.0000 0.0000 0.0000 0.0000 0.0000 0.0000 0.0000 0.0558 0.0000 0.0000 0.0000 0.0000 0.0000 0.0000 0.0000 0.0000 0.0000 0.0000 0.0000 0.0000 0.0000 0.0000 0.0000 0.0000 0.0000 0.0000 0.0160 0.0000 0.0000 0.0000 0.0000 0.0000
0.0037 0.0801 0.0037 0.0018 0.0707 0.0003 0.0000 0.0000 0.0000 0.1115 0.0085 0.0000 0.0000 0.0000 0.0000 0.0000 0.0000 0.0197 0.0000 0.0000 0.0000 0.0000 0.0000 0.4231 0.4374 0.3236 0.0001 0.2877 0.0000 0.0001 0.0002 0.1202 0.0006 0.0001 0.0001 0.0001 0.0002 0.0005 0.0047 0.0064 0.0027 0.0013 0.0046 0.0054 0.0000 0.0000 0.0002 0.0083 0.0010 0.0004 0.0006 0.0001 0.0001 0.0001 0.0020 0.0031 0.0001 0.0002 0.0002 0.0002 0.0002 0.0000 0.0000 0.0000
0.0000 0.0000 0.0000 0.0000 0.0000 0.0000 0.0001 0.0000 0.0005 0.0000 0.0338 0.0000 0.0000 0.0000 0.0000 0.0000 0.0000 0.0000 0.0000 0.0000 0.0000 0.0000 0.0000 0.0000 0.0000 0.0000 0.0000 0.0000 0.0000 0.0000 0.0000 0.0000 0.0000 0.0000 0.0000 0.0000 0.0000 0.0000 0.0025 0.0018 0.0010 0.0021 0.0002 0.0001 0.0000 0.0000 0.0000 0.0000 0.0001 0.0000 0.0000 0.0000 0.0000 0.0028 0.0025 0.0000 0.0000 0.0000 0.0045 0.0000 0.0000 0.0026 0.0003 0.0000
0.0000 0.0000 0.0000 0.0000 0.0000 0.0000 0.0000 0.0000 0.0000 0.0000 0.0000 0.0000 0.0000 0.0000 0.0001 0.0000 0.0000 0.0000 0.0000 0.0000 0.0000 0.0000 0.0000 0.0000 0.0000 0.0000 0.0000 0.0000 0.0000 0.0001 0.0027 0.0000 0.0001 0.0000 0.0000 0.0000 0.0000 0.0000 0.0000 0.0000 0.0000 0.0000 0.0000 0.0000 0.0000 0.0000 0.0105 0.0043 0.0013 0.0001 0.0001 0.0010 0.0003 0.0227 0.0125 0.0359 0.0014 0.0011 0.0047 0.0104 0.0062 0.0022 0.0011 0.0001
0.0000 0.0000 0.0000 0.0000 0.0000 0.0000 0.0000 0.0000 0.0000 0.0000 0.0000 0.0000 0.0000 0.0000 0.0000 0.0000 0.0000 0.0000 0.0000 0.0000 0.0000 0.0000 0.0000 0.0000 0.0001 0.0000 0.0000 0.0000 0.0000 0.0000 0.0000 0.0000 0.0001 0.0001 0.0003 0.0001 0.0002 0.0003 0.0001 0.0000 0.0000 0.0000 0.0000 0.0000 0.0000 0.0000 0.0000 0.0000 0.0000 0.0000 0.0000 0.0000 0.0000 0.0000 0.0000 0.0000 0.0000 0.0000 0.0000 0.0000 0.0000 0.0000 0.0000 0.0000
0.0000 0.0000 0.0000 0.0000 0.0000 0.0082 0.0000 0.0000 0.0000 0.0000 0.0001 0.0000 0.0000 0.1264 0.1608 0.1587 0.1663 0.1468 0.0624 0.0000 0.1783 0.1111 0.1755 0.0182 0.0004 0.0001 0.0002 0.0003 0.0000 0.0000 0.0000 0.0000 0.0000 0.0000 0.0000 0.0000 0.0000 0.0000 0.0001 0.0000 0.0000 0.0000 0.0000 0.0000 0.0000 0.0002 0.0000 0.0000 0.0000 0.0000 0.0000 0.0000 0.0000 0.0000 0.0000 0.0000 0.0000 0.0000 0.0000 0.0000 0.0000 0.0000 0.0000 0.0000
0.0169 0.0547 0.0000 0.0000 0.0000 0.0000 0.0000 0.0002 0.0000 0.0000 0.0000 0.0001 0.0011 0.0000 0.0006 0.0012 0.0001 0.0000 0.0000 0.0032 0.0001 0.0000 0.0000 0.0000 0.0000 0.0000 0.0000 0.0000 0.0000 0.0001 0.0000 0.0000 0.0000 0.0000 0.0000 0.0000 0.0000 0.0000 0.0001 0.0000 0.0000 0.0000 0.0006 0.0001 0.0000 0.0000 0.0000 0.0006 0.0000 0.0000 0.0002 0.0000 0.0000 0.0000 0.0000 0.0000 0.0001 0.0000 0.0006 0.0014 0.0023 0.0010 0.0001 0.0000
0.0000 0.0000 0.0000 0.0000 0.0000 0.0000 0.0000 0.0000 0.0000 0.0940 0.1152 0.0931 0.0000 0.0000 0.0000 0.0000 0.0000 0.0000 0.0000 0.0000 0.0000 0.0000 0.0000 0.0020 0.0000 0.0000 0.0000 0.0000 0.0000 0.0000 0.0000 0.0007 0.0000 0.0002 0.0000 0.0000 0.0009 0.0000 0.0000 0.0000 0.1774 0.4183 0.0000 0.0000 0.0000 0.0000 0.0000 0.0000 0.0000 0.0000 0.0000 0.0000 0.0000 0.0000 0.0000 0.0049 0.0000 0.0259 0.0000 0.0000 0.0000 0.0000 0.0000 0.0000
0.0000 0.0000 0.0000 0.0000 0.0000 0.0000 0.0000 0.0000 0.0000 0.0000 0.0000 0.0004 0.0001 0.0000 0.0000 0.0000 0.0000 0.0000 0.0000 0.0000 0.0000 0.0000 0.0000 0.0001 0.0000 0.0006 0.0000 0.0000 0.0000 0.0000 0.0000 0.0000 0.0000 0.0000 0.0000 0.0000 0.0000 0.0000 0.0000 0.0000 0.0000 0.0000 0.0000 0.0000 0.0000 0.0000 0.0000 0.0000 0.0000 0.0000 0.0000 0.0000 0.0000 0.0000 0.0001 0.0000 0.0001 0.0000 0.0005 0.0000 0.0000 0.0000 0.0000 0.0000
0.0000 0.0000 0.0000 0.0000 0.0000 0.0000 0.0000 0.0000 0.0000 0.0000 0.0000 0.0000 0.0000 0.1074 0.0000 0.0000 0.0000 0.0000 0.0000 0.0000 0.0000 0.0000 0.0000 0.0000 0.0000 0.0000 0.0000 0.0000 0.0000 0.0000 0.0000 0.0000 0.0000 0.0000 0.0000 0.0000 0.0000 0.0000 0.0000 0.0000 0.0000 0.0000 0.0000 0.0358 0.0000 0.0000 0.0000 0.0000 0.0000 0.0000 0.0000 0.0000 0.0000 0.0000 0.0061 0.0026 0.0000 0.0000 0.0000 0.0000 0.0000 0.0000 0.0000 0.0000
0.0055 0.0500 0.0029 0.0225 0.0057 0.0049 0.0047 0.0030 0.0039 0.0020 0.0017 0.0011 0.0026 0.0014 0.0033 0.0012 0.0000 0.0000 0.0000 0.0000 0.0001 0.0001 0.0000 0.0000 0.0000 0.0000 0.0000 0.0000 0.0000 0.0000 0.0000 0.0000 0.0000 0.0000 0.0000 0.0000 0.0000 0.0000 0.0000 0.0000 0.0000 0.0000 0.0000 0.0000 0.0000 0.0000 0.0000 0.0000 0.0000 0.0000 0.0000 0.0000 0.0000 0.0000 0.0000 0.0001 0.0000 0.0004 0.0000 0.0009 0.0000 0.0000 0.0000 0.0000
0.0000 0.0000 0.0024 0.0000 0.0000 0.0000 0.0000 0.0000 0.0000 0.0000 0.0000 0.0000 0.0506 0.0000 0.0000 0.0000 0.0302 0.0000 0.0326 0.0821 0.0000 0.0041 0.0002 0.0000 0.0000 0.0065 0.0000 0.0000 0.0000 0.0000 0.0033 0.0015 0.0012 0.0000 0.0002 0.0000 0.0000 0.0000 0.0000 0.0020 0.0041 0.0001 0.0017 0.0000 0.0000 0.0000 0.0001 0.0000 0.0000 0.0000 0.0001 0.0000 0.0000 0.0000 0.0000 0.0000 0.0000 0.0000 0.0000 0.0001 0.0164 0.0026 0.0000 0.0000
0.0000 0.0001 0.0001 0.0003 0.0000 0.0001 0.0002 0.0006 0.0001 0.0005 0.0002 0.0002 0.0000 0.0000 0.0001 0.0000 0.0000 0.0000 0.0001 0.0002 0.0000 0.0000 0.0000 0.0000 0.0000 0.0000 0.0000 0.0000 0.0000 0.0000 0.0000 0.0000 0.0000 0.0000 0.0000 0.0000 0.0000 0.0000 0.0000 0.0000 0.0000 0.0000 0.0295 0.0000 0.0000 0.0000 0.0000 0.0000 0.0000 0.0000 0.0000 0.0000 0.0000 0.0000 0.0000 0.0000 0.0000 0.0000 0.0000 0.0000 0.0000 0.0000 0.0000 0.0000
0.0000 0.0000 0.0000 0.0000 0.0000 0.0001 0.0020 0.0000 0.0065 0.0189 0.0424 0.0073 0.0088 0.0085 0.0220 0.0084 0.0030 0.0034 0.0056 0.0015 0.0022 0.0004 0.0003 0.0034 0.0020 0.0014 0.0000 0.0000 0.0000 0.0000 0.0000 0.0000 0.0000 0.0000 0.0000 0.0000 0.0000 0.0000 0.0000 0.0002 0.0000 0.0000 0.0000 0.0000 0.0000 0.0000 0.0000 0.0000 0.0000 0.0000 0.0000 0.0000 0.0000 0.0000 0.0000 0.0000 0.0000 0.0000 0.0000 0.0000 0.0000 0.0003 0.0000 0.0000
0.0042 0.0114 0.0154 0.0251 0.0168 0.0209 0.0196 0.0255 0.0127 0.0178 0.0000 0.0000 0.0000 0.0088 0.0000 0.0000 0.0001 0.0000 0.0003 0.0004 0.0023 0.0000 0.0000 0.0000 0.0000 0.0000 0.0000 0.0000 0.0000 0.0000 0.0000 0.0000 0.0000 0.0000 0.0000 0.0000 0.0000 0.0002 0.0003 0.0000 0.0000 0.0000 0.0000 0.0000 0.0000 0.0000 0.0000 0.0000 0.0000 0.0000 0.0000 0.0000 0.0000 0.0000 0.0000 0.0000 0.0000 0.0000 0.0000 0.0000 0.0000 0.0000 0.0000 0.0000
0.0000 0.0000 0.0000 0.0000 0.0000 0.0000 0.0000 0.0000 0.0000 0.0000 0.0000 0.0000 0.0004 0.0006 0.0014 0.0014 0.0330 0.0330 0.0939 0.0802 0.0025 0.0000 0.0000 0.0000 0.0000 0.0000 0.0000 0.0605 0.0280 0.0000 0.0000 0.0000 0.0000 0.0000 0.0000 0.0000 0.0000 0.0001 0.0001 0.0002 0.0001 0.0002 0.0009 0.0000 0.0000 0.0002 0.0000 0.0000 0.0004 0.0000 0.0000 0.0000 0.0000 0.0000 0.0000 0.0000 0.0000 0.0000 0.0000 0.0000 0.0002 0.0002 0.0001 0.0000
0.0000 0.0000 0.0000 0.0000 0.0000 0.0000 0.0000 0.0000 0.0000 0.0000 0.0000 0.0004 0.0021 0.0000 0.0001 0.0000 0.0000 0.0000 0.0000 0.0000 0.0043 0.0032 0.0016 0.0010 0.0002 0.0000 0.0023 0.0146 0.0000 0.0024 0.0009 0.0014 0.0000 0.0000 0.0000 0.0000 0.0000 0.0001 0.1196 0.0055 0.0022 0.0000 0.0014 0.0005 0.0000 0.0002 0.0000 0.0002 0.0001 0.0000 0.0000 0.0000 0.0000 0.0000 0.0000 0.0000 0.0002 0.0000 0.0005 0.0013 0.0006 0.0002 0.0013 0.0000
0.0000 0.0000 0.0000 0.0000 0.0000 0.0000 0.0000 0.0000 0.0000 0.0000 0.0000 0.0000 0.0860 0.0000 0.0000 0.0002 0.0000 0.0000 0.0000 0.0000 0.0003 0.0000 0.0004 0.0048 0.0350 0.1482 0.0848 0.0001 0.0246 0.0340 0.0000 0.0000 0.0000 0.0000 0.0000 0.0000 0.0000 0.0000 0.0000 0.0000 0.0000 0.0000 0.0000 0.0000 0.0000 0.0000 0.0000 0.0000 0.0000 0.0000 0.0000 0.0000 0.0000 0.0000 0.0000 0.0000 0.0054 0.0000 0.0001 0.0005 0.0062 0.0000 0.0000 0.0000
0.0000 0.0000 0.0000 0.0001 0.0000 0.0037 0.0000 0.0032 0.0002 0.0053 0.0018 0.0018 0.0001 0.0001 0.0002 0.0001 0.0000 0.0000 0.0001 0.0001 0.0001 0.0000 0.0003 0.0312 0.0007 0.0450 0.0000 0.0002 0.0004 0.0000 0.0002 0.0000 0.0000 0.0000 0.0191 0.0000 0.0000 0.0000 0.0000 0.0429 0.0000 0.0000 0.0000 0.0000 0.0328 0.0000 0.0000 0.0000 0.0000 0.0000 0.0000 0.0000 0.0000 0.0020 0.0000 0.0123 0.0000 0.0000 0.0000 0.0000 0.0000 0.0000 0.0000 0.0000
0.0000 0.0000 0.0000 0.0000 0.0000 0.0000 0.0000 0.0000 0.0000 0.0000 0.0000 0.0000 0.0000 0.0000 0.0000 0.0000 0.0000 0.0000 0.0000 0.0000 0.0000 0.0000 0.0000 0.0004 0.0000 0.0000 0.0000 0.0000 0.0000 0.0000 0.0000 0.0000 0.0000 0.0000 0.0000 0.0000 0.0000 0.0000 0.0000 0.0000 0.0000 0.0000 0.0000 0.0000 0.0000 0.0000 0.0000 0.0000 0.0000 0.0000 0.0000 0.0000 0.0000 0.0000 0.0000 0.0000 0.0000 0.0000 0.0000 0.0000 0.0000 0.0000 0.0000 0.0001
0.0078 0.0308 0.0006 0.0111 0.0006 0.0000 0.0000 0.0000 0.0000 0.0000 0.0000 0.0009 0.0000 0.0000 0.0000 0.0000 0.0000 0.0000 0.0000 0.0000 0.0000 0.0000 0.0000 0.0000 0.0000 0.0000 0.0000 0.0000 0.0000 0.0000 0.0000 0.0000 0.0000 0.0000 0.0000 0.0000 0.0000 0.0000 0.0000 0.0000 0.0000 0.0000 0.0000 0.0000 0.0000 0.0000 0.0000 0.0000 0.0000 0.0000 0.0000 0.0000 0.0000 0.0000 0.0000 0.0000 0.0000 0.0000 0.0000 0.0000 0.0000 0.0000 0.0000 0.0000
0.0000 0.0000 0.0000 0.0000 0.0000 0.0000 0.0000 0.0001 0.0000 0.0000 0.0000 0.0000 0.0000 0.0389 0.0000 0.0984 0.0000 0.0000 0.0000 0.0000 0.0082 0.0000 0.0015 0.0002 0.0000 0.0000 0.0000 0.0000 0.0000 0.0000 0.0000 0.0000 0.0000 0.0000 0.0000 0.0000 0.0001 0.0002 0.0044 0.0002 0.0002 0.0004 0.0010 0.0010 0.0003 0.0009 0.0008 0.0002 0.0002 0.0001 0.0001 0.0001 0.0000 0.0000 0.0002 0.0000 0.0000 0.0000 0.0000 0.0002 0.0002 0.0003 0.0003 0.0001
0.0000 0.0000 0.0000 0.0401 0.0000 0.0002 0.0000 0.0012 0.0000 0.0000 0.0000 0.0000 0.0000 0.0000 0.0000 0.0000 0.0000 0.0000 0.0000 0.0000 0.0000 0.0000 0.0000 0.0000 0.0458 0.0000 0.0000 0.0000 0.0000 0.0002 0.0000 0.0000 0.0000 0.0000 0.0000 0.0000 0.0002 0.0043 0.0393 0.1419 0.0677 0.0845 0.2676 0.2124 0.0906 0.0002 0.0000 0.0000 0.0000 0.0000 0.0000 0.0000 0.0000 0.0159 0.0000 0.0000 0.0000 0.0000 0.0000 0.0005 0.0000 0.0000 0.0019 0.0001
0.0001 0.0002 0.0013 0.0009 0.0000 0.0002 0.0000 0.0004 0.0000 0.0000 0.0000 0.0000 0.0000 0.0000 0.0000 0.0000 0.0000 0.0000 0.0000 0.0000 0.0000 0.0000 0.0000 0.0000 0.0000 0.0000 0.0012 0.0059 0.0014 0.0024 0.0026 0.0021 0.0035 0.0014 0.0013 0.0003 0.0013 0.0052 0.0041 0.0061 0.0055 0.0059 0.0058 0.0041 0.0020 0.0042 0.0024 0.0013 0.0012 0.0009 0.0011 0.0012 0.0017 0.0030 0.0016 0.0023 0.0056 0.0041 0.0060 0.0085 0.0078 0.0034 0.0040 0.0000
0.0000 0.0000 0.0000 0.0000 0.0000 0.0000 0.0000 0.0000 0.1024 0.0000 0.0000 0.0000 0.0000 0.0000 0.0000 0.0000 0.0000 0.0000 0.0000 0.0000 0.0000 0.0000 0.0000 0.0000 0.1121 0.1624 0.0953 0.1408 0.0000 0.0000 0.0000 0.0000 0.0000 0.0000 0.0000 0.0000 0.0000 0.0000 0.0000 0.0000 0.0000 0.0000 0.0000 0.0000 0.0000 0.0000 0.0000 0.0000 0.0000 0.0000 0.0000 0.0000 0.0000 0.0000 0.0000 0.0015 0.0012 0.0000 0.0000 0.0155 0.0000 0.0000 0.0000 0.0000
0.0000 0.0000 0.0000 0.0000 0.0000 0.0000 0.0000 0.0015 0.0000 0.0000 0.0411 0.0071 0.0102 0.0798 0.1119 0.0513 0.0065 0.0597 0.1865 0.2068 0.1011 0.2421 0.1437 0.0043 0.0024 0.0086 0.3103 0.2526 0.4697 0.5092 0.6920 0.1521 0.0000 0.0001 0.0030 0.0000 0.0000 0.0000 0.0000 0.0000 0.0001 0.0003 0.0014 0.0000 0.0000 0.0006 0.0001 0.0000 0.0000 0.0000 0.0000 0.0002 0.0001 0.0000 0.0000 0.0000 0.0000 0.0000 0.0000 0.0000 0.0000 0.0003 0.0000 0.0000
0.0174 0.0000 0.0000 0.0000 0.0000 0.0000 0.0000 0.0000 0.0000 0.0000 0.0000 0.0000 0.0000 0.0000 0.0000 0.0000 0.0002 0.0000 0.0001 0.0000 0.0000 0.0679 0.0128 0.0146 0.1223 0.0001 0.0037 0.0506 0.0046 0.0013 0.0055 0.0000 0.0000 0.0000 0.0000 0.0000 0.0000 0.0000 0.0047 0.0000 0.0000 0.0000 0.0701 0.0000 0.0048 0.0000 0.0000 0.0000 0.0000 0.0000 0.0000 0.0000 0.0002 0.0000 0.0000 0.0002 0.0000 0.0003 0.0001 0.0000 0.0000 0.0000 0.0000 0.0000
0.0001 0.0002 0.0000 0.0012 0.0003 0.0001 0.0005 0.0004 0.0004 0.0004 0.0001 0.0004 0.0000 0.0001 0.0001 0.0001 0.0001 0.0000 0.0002 0.0003 0.0003 0.0002 0.0002 0.0006 0.0002 0.0001 0.0001 0.0002 0.0000 0.0000 0.0000 0.0000 0.0000 0.0000 0.0000 0.0000 0.0000 0.0000 0.0000 0.0000 0.0000 0.0000 0.0000 0.0000 0.0000 0.0000 0.0000 0.0000 0.0000 0.0000 0.0000 0.0000 0.0000 0.0000 0.0000 0.0000 0.0000 0.0000 0.0000 0.0000 0.0000 0.0000 0.0000 0.0032
0.0000 0.0000 0.0000 0.0000 0.0000 0.0000 0.0000 0.0000 0.0000 0.0000 0.0000 0.0000 0.0000 0.0000 0.0000 0.0000 0.0000 0.0000 0.0000 0.0000 0.0000 0.0051 0.0000 0.0000 0.0000 0.0000 0.0000 0.0000 0.0000 0.0000 0.0000 0.0001 0.0000 0.0000 0.0000 0.0000 0.0000 0.0000 0.0000 0.0000 0.0000 0.0000 0.0000 0.0000 0.0000 0.0000 0.0000 0.0000 0.0000 0.0000 0.0000 0.0000 0.0000 0.0000 0.0000 0.0000 0.0000 0.0000 0.0000 0.0000 0.0000 0.0000 0.0000 0.0000
0.0000 0.0000 0.0000 0.0000 0.0000 0.0000 0.0000 0.0000 0.0000 0.0000 0.0000 0.0000 0.0000 0.0000 0.0000 0.0001 0.0000 0.0000 0.0000 0.0000 0.0000 0.0000 0.0000 0.0000 0.0000 0.0000 0.0000 0.0000 0.0000 0.0000 0.0000 0.0000 0.0000 0.0000 0.0000 0.0000 0.0000 0.0000 0.0000 0.0000 0.0000 0.0000 0.0000 0.0000 0.0000 0.0000 0.0000 0.0000 0.0000 0.0000 0.0000 0.0000 0.0000 0.0000 0.0000 0.0000 0.0000 0.0000 0.0000 0.0000 0.0000 0.0000 0.0000 0.0000
0.0000 0.0000 0.0000 0.0000 0.0019 0.0374 0.0570 0.0002 0.0000 0.0000 0.0000 0.0000 0.0000 0.0000 0.0024 0.0000 0.0000 0.0000 0.0000 0.0000 0.0000 0.0000 0.0000 0.0000 0.0000 0.0000 0.0000 0.0000 0.0000 0.0000 0.0139 0.0000 0.0000 0.0000 0.0000 0.0000 0.0000 0.0000 0.0000 0.0000 0.0000 0.0000 0.0000 0.0000 0.0000 0.0000 0.0000 0.0000 0.0000 0.0000 0.0000 0.0000 0.0000 0.0000 0.0000 0.0000 0.0000 0.0000 0.0000 0.0000 0.0000 0.0220 0.0000 0.0000
0.0000 0.0000 0.0000 0.0000 0.0000 0.0000 0.0000 0.0000 0.0000 0.0000 0.0000 0.0000 0.0000 0.0000 0.0000 0.0000 0.0000 0.0000 0.0002 0.0204 0.0000 0.0000 0.0002 0.0000 0.0000 0.0000 0.0000 0.0000 0.0000 0.0000 0.0000 0.0000 0.0000 0.0000 0.0000 0.0000 0.0000 0.0000 0.0000 0.0000 0.0000 0.0000 0.0000 0.0000 0.0000 0.0001 0.0000 0.0000 0.0000 0.0000 0.0000 0.0000 0.0000 0.0000 0.0000 0.0000 0.0000 0.0000 0.0000 0.0000 0.0000 0.0000 0.0000 0.0000
