0.0698 0.0799 0.1071 0.0462 0.0000 0.0041 0.0000 0.0000 0.0000 0.0000 0.0000 0.0000 0.0000 0.0000 0.0000 0.0000 0.0000 0.0000 0.0000 0.0000 0.0000 0.0000 0.0000 0.0000 0.0000 0.0000 0.0000 0.0000 0.0000 0.0000 0.0000 0.0000 0.0000 0.0000 0.0000 0.0000 0.0001 0.0051 0.0000 0.0000 0.0000 0.0000 0.0000 0.0000 0.0000 0.0047 0.0214 0.0280 0.0624 0.0705 0.0466 0.1296 0.0002 0.0187 0.0421 0.0346 0.2476 0.1932 0.2534 0.1061 0.0301 0.0450 0.0391 0.0247
0.0000 0.0000 0.0000 0.0000 0.0000 0.0000 0.0075 0.0000 0.0020 0.0028 0.0042 0.0031 0.0000 0.0000 0.0000 0.0352 0.0000 0.0000 0.0000 0.0001 0.0510 0.0000 0.0000 0.0190 0.0123 0.0153 0.0000 0.0778 0.0564 0.0576 0.1629 0.2100 0.0436 0.0796 0.0000 0.0388 0.0000 0.0000 0.0000 0.2865 0.3512 0.3229 0.1545 0.2251 0.3920 0.1841 0.0000 0.0213 0.0002 0.0082 0.1177 0.0395 0.0000 0.0000 0.0000 0.0000 0.0000 0.0019 0.0000 0.0026 0.0000 0.0000 0.2197 0.2105
0.0000 0.0000 0.0000 0.0009 0.0000 0.0020 0.0000 0.0000 0.0000 0.0001 0.0000 0.0000 0.0000 0.1145 0.0000 0.0000 0.0000 0.0000 0.0000 0.0005 0.0000 0.0000 0.0003 0.0000 0.0011 0.0006 0.0000 0.0000 0.0000 0.0000 0.0005 0.0000 0.0000 0.0000 0.0000 0.0000 0.0000 0.0000 0.0029 0.0015 0.0044 0.0023 0.0062 0.0030 0.0017 0.0025 0.0028 0.0056 0.0029 0.0034 0.0004 0.0007 0.0000 0.0000 0.0030 0.0023 0.0131 0.0004 0.0001 0.0000 0.0000 0.0000 0.0000 0.0000
0.0000 0.0000 0.0000 0.0000 0.0000 0.0000 0.0000 0.0000 0.0000 0.0000 0.0000 0.0000 0.0000 0.0000 0.0000 0.0000 0.0000 0.0000 0.0000 0.0000 0.0000 0.0000 0.0000 0.0000 0.0000 0.0000 0.0000 0.0000 0.0000 0.0000 0.0000 0.0000 0.0000 0.0000 0.0000 0.0000 0.0001 0.0000 0.0000 0.0000 0.0000 0.0000 0.0000 0.0000 0.0000 0.0000 0.0000 0.0000 0.0000 0.0000 0.0000 0.0000 0.0000 0.0000 0.0000 0.0000 0.0000 0.0000 0.0000 0.0000 0.0000 0.0000 0.0000 0.0000
0.0000 0.0002 0.0000 0.0001 0.0000 0.0000 0.0000 0.0000 0.0000 0.0000 0.0007 0.0105 0.0000 0.0000 0.0018 0.0000 0.0000 0.0852 0.0051 0.0144 0.0049 0.0000 0.0000 0.0000 0.0000 0.0000 0.0000 0.0000 0.0000 0.0000 0.0001 0.0002 0.0000 0.0000 0.0005 0.0007 0.0005 0.0008 0.0019 0.0006 0.0014 0.0021 0.0100 0.0000 0.0001 0.0000 0.0001 0.0000 0.0000 0.0352 0.0091 0.0020 0.0000 0.0000 0.0518 0.0579 0.0000 0.0000 0.0000 0.0021 0.0000 0.0069 0.0000 0.0002
0.3711 0.2985 0.3120 0.2062 0.3333 0.3105 0.2605 0.1894 0.1743 0.1662 0.2076 0.2301 0.2641 0.0514 0.2722 0.0071 0.4738 0.4458 0.3414 0.3381 0.2248 0.0811 0.0000 0.2883 0.2710 0.2863 0.2216 0.2589 0.0028 0.0000 0.0007 0.0492 0.2565 0.2225 0.0568 0.1867 0.1508 0.1486 0.0216 0.0001 0.0000 0.0000 0.0000 0.0000 0.0000 0.0000 0.0000 0.0000 0.0000 0.0000 0.0000 0.0000 0.0000 0.0000 0.0000 0.0000 0.0000 0.0000 0.0000 0.0000 0.0000 0.0006 0.0367 0.0598
0.0000 0.0000 0.0000 0.0000 0.0185 0.0118 0.0084 0.0054 0.0000 0.0000 0.0000 0.0124 0.0042 0.0008 0.0000 0.0034 0.0345 0.0000 0.0124 0.0311 0.0033 0.2488 0.2123 0.0001 0.0000 0.0634 0.0767 0.0000 0.0000 0.0000 0.0005 0.0140 0.0090 0.0065 0.0249 0.0114 0.0000 0.0001 0.0001 0.0001 0.0000 0.0000 0.0001 0.0000 0.0000 0.0222 0.0034 0.0737 0.0116 0.0066 0.0000 0.0001 0.0467 0.0501 0.0521 0.0419 0.0562 0.0417 0.0446 0.0000 0.0000 0.0000 0.0000 0.0000
0.0399 0.0308 0.0213 0.0000 0.0000 0.0000 0.0000 0.0000 0.0000 0.0000 0.0000 0.0000 0.0017 0.0000 0.0000 0.0001 0.0000 0.0000 0.0000 0.0000 0.0004 0.0000 0.0009 0.0007 0.0014 0.0004 0.0014 0.0025 0.0015 0.0009 0.0011 0.0017 0.0017 0.0000 0.0000 0.0000 0.0000 0.0006 0.0000 0.0000 0.0000 0.0000 0.0000 0.0000 0.0000 0.0000 0.0000 0.0000 0.0004 0.0232 0.0155 0.0000 0.0328 0.0570 0.0512 0.0590 0.0291 0.0000 0.0000 0.0000 0.0000 0.0000 0.0000 0.0000
0.0000 0.0272 0.0000 0.0195 0.0166 0.0171 0.0041 0.0058 0.0066 0.0060 0.0000 0.0000 0.0000 0.0000 0.0023 0.0029 0.0216 0.0005 0.0008 0.0060 0.0001 0.0021 0.0009 0.0000 0.0019 0.0000 0.0030 0.0013 0.0035 0.0030 0.0023 0.0030 0.0018 0.0004 0.0006 0.0000 0.0251 0.0234 0.0345 0.0438 0.0744 0.0000 0.0000 0.0000 0.0000 0.0000 0.0000 0.0000 0.0001 0.0000 0.0134 0.0000 0.0003 0.0000 0.0000 0.0006 0.0000 0.0005 0.0000 0.0000 0.0000 0.0000 0.0000 0.0000
0.0000 0.0000 0.0000 0.0002 0.0009 0.0006 0.0000 0.0000 0.0000 0.0000 0.0000 0.0000 0.0000 0.0000 0.0000 0.0000 0.0452 0.0000 0.0000 0.0000 0.0561 0.0000 0.0000 0.0495 0.0000 0.0022 0.0357 0.0194 0.0596 0.0395 0.0333 0.0861 0.0460 0.0283 0.0828 0.0247 0.0271 0.0581 0.1525 0.0628 0.0508 0.1979 0.0008 0.1606 0.0074 0.2167 0.2156 0.2940 0.2993 0.4384 0.2802 0.3198 0.2335 0.4457 0.5122 0.5381 0.3803 0.4325 0.2844 0.4558 0.4965 0.4577 0.1843 0.3702
0.0000 0.0000 0.0000 0.0000 0.0000 0.0000 0.0000 0.0000 0.0000 0.0000 0.0000 0.0000 0.0000 0.0000 0.0000 0.0000 0.0000 0.0000 0.0000 0.0000 0.0000 0.0000 0.0000 0.0000 0.0000 0.0000 0.0000 0.0000 0.0000 0.0000 0.0000 0.0000 0.0001 0.0000 0.0009 0.0000 0.0000 0.0000 0.0000 0.0000 0.0000 0.0000 0.0000 0.0000 0.0000 0.0000 0.0000 0.0000 0.0000 0.0000 0.0000 0.0000 0.0000 0.0000 0.0000 0.0000 0.0000 0.0000 0.0000 0.0000 0.0000 0.0000 0.0000 0.0000
0.0260 0.1485 0.1459 0.1596 0.1775 0.2090 0.1767 0.3297 0.3256 0.3624 0.3010 0.3262 0.3466 0.0072 0.2298 0.0068 0.0592 0.1585 0.1901 0.2043 0.0202 0.0975 0.0014 0.1275 0.1206 0.1095 0.0672 0.0387 0.3382 0.1332 0.2020 0.2046 0.0556 0.0829 0.2910 0.0889 0.1181 0.1318 0.1591 0.0162 0.0300 0.0188 0.0551 0.1031 0.0494 0.0000 0.0000 0.0000 0.0362 0.0000 0.0000 0.0000 0.0000 0.0000 0.0000 0.0000 0.0000 0.0000 0.0000 0.0699 0.0019 0.0004 0.0094 0.0145
0.0000 0.0000 0.0000 0.0000 0.0000 0.0000 0.0017 0.0000 0.0000 0.0000 0.0000 0.0000 0.0000 0.0000 0.0000 0.0000 0.0000 0.0000 0.0000 0.0000 0.0000 0.0000 0.0000 0.0000 0.0000 0.0000 0.0000 0.0000 0.0000 0.0000 0.0000 0.0000 0.0000 0.0000 0.0000 0.0000 0.0000 0.0000 0.0001 0.0000 0.0000 0.0001 0.0000 0.0000 0.0000 0.0000 0.0000 0.0000 0.0000 0.0000 0.0001 0.0000 0.0000 0.0001 0.0000 0.0000 0.0000 0.0000 0.0000 0.0000 0.0000 0.0000 0.0000 0.0000
0.0000 0.0002 0.0000 0.0000 0.0000 0.0000 0.0000 0.0000 0.0000 0.0000 0.0000 0.0000 0.0000 0.0000 0.0000 0.0000 0.0000 0.0000 0.0000 0.0004 0.0000 0.0000 0.0000 0.0000 0.0005 0.0002 0.0000 0.0000 0.0000 0.0000 0.0000 0.0014 0.0009 0.0000 0.0010 0.0010 0.0011 0.0009 0.0013 0.0007 0.0009 0.0019 0.0008 0.0016 0.0016 0.0009 0.0023 0.0023 0.0007 0.0006 0.0003 0.0004 0.0022 0.0000 0.0001 0.0108 0.0000 0.0000 0.0341 0.0000 0.0000 0.0011 0.0004 0.0128
0.0000 0.0000 0.0001 0.0001 0.0002 0.0000 0.0006 0.0005 0.0000 0.0001 0.0002 0.0000 0.0000 0.0000 0.0000 0.0000 0.0000 0.0000 0.0000 0.0019 0.0000 0.0042 0.0133 0.0000 0.0000 0.0013 0.0000 0.0000 0.0075 0.0014 0.0000 0.0000 0.0000 0.0000 0.0000 0.0000 0.0000 0.0000 0.0000 0.0000 0.0000 0.0000 0.0000 0.0000 0.0000 0.0000 0.0229 0.0000 0.0297 0.0371 0.0000 0.0000 0.0539 0.0532 0.0000 0.0006 0.0000 0.0000 0.0000 0.0000 0.0002 0.0000 0.0000 0.0000
0.0010 0.0015 0.0007 0.0008 0.0006 0.0018 0.0011 0.0014 0.0007 0.0003 0.0000 0.0018 0.0000 0.0000 0.0000 0.0014 0.0000 0.0000 0.0000 0.0000 0.0034 0.0000 0.0039 0.0000 0.0000 0.0023 0.0013 0.0000 0.0000 0.0000 0.0000 0.0195 0.0019 0.0031 0.0000 0.0000 0.0001 0.0000 0.0001 0.0009 0.0002 0.0001 0.0012 0.0022 0.0065 0.0036 0.0091 0.0000 0.0012 0.0027 0.0000 0.0000 0.0000 0.0000 0.0000 0.0019 0.0035 0.0040 0.0096 0.0040 0.0106 0.0136 0.0121 0.0135
0.0000 0.0000 0.0000 0.0000 0.0000 0.0000 0.0000 0.0000 0.0000 0.0000 0.0000 0.0002 0.0000 0.0000 0.0000 0.0000 0.0000 0.0000 0.0000 0.0000 0.0000 0.0000 0.0000 0.0000 0.0000 0.0000 0.0000 0.0000 0.0000 0.0000 0.0022 0.0154 0.0081 0.0001 0.1066 0.0067 0.0512 0.0528 0.0492 0.1762 0.1550 0.0000 0.0000 0.0000 0.0002 0.0003 0.0000 0.0283 0.2905 0.0036 0.1561 0.0830 0.0002 0.0000 0.0190 0.0650 0.0000 0.0036 0.0003 0.0001 0.0001 0.0000 0.0000 0.0000
0.0000 0.0133 0.0793 0.1098 0.0071 0.0155 0.0710 0.0444 0.0644 0.0481 0.0640 0.0506 0.0001 0.1959 0.0012 0.2265 0.0113 0.0095 0.0486 0.0096 0.0431 0.0000 0.0000 0.0000 0.0000 0.0000 0.0000 0.0000 0.0048 0.0006 0.0010 0.0003 0.0000 0.0000 0.0000 0.0000 0.0000 0.0062 0.0027 0.0000 0.0000 0.0013 0.0037 0.0000 0.0000 0.0000 0.0000 0.0000 0.0000 0.0000 0.0000 0.0002 0.0005 0.0000 0.0000 0.0000 0.0000 0.0000 0.0000 0.0000 0.0000 0.0001 0.0052 0.0083
0.0000 0.0000 0.0000 0.0460 0.0832 0.0822 0.0302 0.0359 0.0196 0.0218 0.0386 0.0002 0.0000 0.0000 0.0001 0.0000 0.0000 0.0000 0.0000 0.0009 0.0000 0.0002 0.0000 0.0000 0.0000 0.0000 0.0000 0.0000 0.0000 0.0000 0.0000 0.0000 0.0000 0.0000 0.0000 0.0006 0.0005 0.0000 0.0000 0.0000 0.0000 0.0154 0.0356 0.0000 0.0000 0.0000 0.0000 0.0000 0.0000 0.0000 0.0000 0.0144 0.0212 0.0000 0.0001 0.0000 0.0000 0.0228 0.0000 0.0000 0.0000 0.0000 0.0000 0.0000
0.0620 0.0000 0.0526 0.0534 0.0279 0.0476 0.0891 0.0699 0.0502 0.0000 0.0000 0.0000 0.0010 0.0020 0.0030 0.0000 0.0000 0.0004 0.0000 0.0012 0.0000 0.0000 0.1182 0.0000 0.0000 0.0000 0.0000 0.0000 0.0575 0.0042 0.0000 0.0000 0.0000 0.0460 0.0000 0.0000 0.0000 0.0000 0.0001 0.0001 0.0000 0.0000 0.0000 0.0000 0.0000 0.0046 0.0000 0.0000 0.0000 0.0000 0.0000 0.0001 0.0040 0.0160 0.0002 0.0000 0.0001 0.0013 0.0028 0.0024 0.0042 0.0042 0.0012 0.0008
0.0000 0.0000 0.0001 0.0000 0.0001 0.0000 0.0012 0.0008 0.0008 0.0014 0.0025 0.0024 0.0019 0.0021 0.0017 0.0029 0.0022 0.0028 0.0009 0.0000 0.0061 0.0386 0.0069 0.0061 0.0002 0.0000 0.0000 0.0000 0.0000 0.0000 0.0000 0.0001 0.0000 0.0000 0.0000 0.0001 0.0000 0.0001 0.0000 0.0001 0.0000 0.0000 0.0000 0.0000 0.0000 0.0000 0.0000 0.0000 0.0000 0.0000 0.0000 0.0000 0.0000 0.0000 0.0000 0.0000 0.0000 0.0000 0.0011 0.0000 0.0000 0.0000 0.1629 0.0000
0.0000 0.0000 0.0000 0.0000 0.0000 0.0000 0.0000 0.0000 0.0000 0.0000 0.0000 0.0000 0.0000 0.0000 0.0005 0.0000 0.0000 0.0000 0.0000 0.0000 0.0000 0.0000 0.0003 0.0006 0.0000 0.0000 0.0000 0.0000 0.0000 0.0000 0.0000 0.0000 0.0005 0.0000 0.0000 0.0000 0.0000 0.0000 0.0000 0.0000 0.0000 0.0033 0.0206 0.0000 0.0000 0.0000 0.0040 0.0013 0.0004 0.0004 0.0003 0.0005 0.0004 0.0012 0.0010 0.0007 0.0003 0.0005 0.0002 0.0002 0.0000 0.0001 0.0000 0.0000
0.0000 0.0000 0.0000 0.0000 0.0000 0.0000 0.0000 0.0000 0.0000 0.0000 0.0000 0.0000 0.0000 0.0000 0.0000 0.0000 0.0000 0.0000 0.0000 0.0000 0.0000 0.0000 0.0000 0.0002 0.0000 0.0000 0.0000 0.0000 0.0000 0.0001 0.0000 0.0000 0.0000 0.0000 0.0000 0.0000 0.0000 0.0000 0.0000 0.0000 0.0000 0.0000 0.0000 0.0000 0.0000 0.0000 0.0000 0.0000 0.0000 0.0000 0.0000 0.0001 0.0000 0.0000 0.0001 0.0001 0.0000 0.0000 0.0000 0.0000 0.0000 0.0000 0.0000 0.0000
0.0000 0.0000 0.0000 0.0000 0.0000 0.0000 0.0000 0.0000 0.0000 0.0000 0.0000 0.0000 0.0000 0.0000 0.0000 0.0000 0.0000 0.0000 0.0000 0.0001 0.0000 0.0000 0.0000 0.0000 0.0000 0.0000 0.0000 0.0000 0.0000 0.0000 0.0000 0.0000 0.0000 0.0000 0.0000 0.0000 0.0000 0.0000 0.0000 0.0000 0.0000 0.0000 0.0000 0.0000 0.0000 0.0000 0.0000 0.0000 0.0000 0.0000 0.0000 0.0001 0.0000 0.0000 0.0000 0.0000 0.0001 0.0002 0.0000 0.0000 0.0000 0.0000 0.0000 0.0000
0.0000 0.0000 0.0001 0.0000 0.0001 0.0001 0.0000 0.0000 0.0000 0.0000 0.0000 0.0000 0.0000 0.0000 0.0000 0.0001 0.0000 0.0001 0.0001 0.0000 0.0000 0.0001 0.0000 0.0000 0.0000 0.0000 0.0000 0.0001 0.0001 0.0001 0.0000 0.0001 0.0000 0.0000 0.0000 0.0000 0.0000 0.0000 0.0000 0.0000 0.0000 0.0000 0.0000 0.0068 0.0000 0.0000 0.0000 0.0000 0.0001 0.0000 0.0001 0.0002 0.0001 0.0000 0.0000 0.0006 0.0006 0.0005 0.0000 0.0000 0.0006 0.0002 0.0003 0.0004
0.0000 0.0000 0.0000 0.0000 0.0000 0.0000 0.0000 0.0000 0.0000 0.0000 0.0000 0.0000 0.0000 0.0000 0.0000 0.0000 0.0000 0.0000 0.0000 0.0000 0.0000 0.0000 0.0000 0.0000 0.0000 0.0000 0.0000 0.0000 0.0000 0.0000 0.0000 0.0000 0.0000 0.0000 0.0000 0.0000 0.0000 0.0000 0.0000 0.0000 0.0000 0.0000 0.0000 0.0000 0.0000 0.0000 0.0000 0.0000 0.0000 0.0000 0.0000 0.0001 0.0000 0.0000 0.0000 0.0001 0.0000 0.0000 0.0000 0.0000 0.0000 0.0000 0.0000 0.0000
0.0000 0.0000 0.0000 0.0000 0.0000 0.0000 0.0000 0.0049 0.0000 0.0000 0.0000 0.0000 0.0000 0.0000 0.0000 0.0000 0.0000 0.0010 0.0003 0.0009 0.0000 0.0000 0.0000 0.0000 0.0000 0.0000 0.0000 0.0000 0.0000 0.0000 0.0000 0.0003 0.0000 0.0000 0.0000 0.0000 0.0000 0.0000 0.0023 0.0138 0.0293 0.0131 0.0448 0.0556 0.0347 0.0174 0.0000 0.0000 0.0000 0.0000 0.0000 0.0001 0.0429 0.0000 0.0000 0.0000 0.0000 0.0000 0.0000 0.0000 0.0000 0.0039 0.0000 0.0103
0.0000 0.0000 0.0000 0.0000 0.0000 0.0002 0.0002 0.0001 0.0004 0.0000 0.0000 0.0004 0.0000 0.0000 0.0000 0.0000 0.0006 0.0000 0.0000 0.0001 0.0068 0.0000 0.0001 0.0000 0.0000 0.0000 0.0000 0.0000 0.0000 0.0000 0.0000 0.0000 0.0002 0.0000 0.0137 0.0009 0.0012 0.0021 0.0043 0.0036 0.0001 0.0044 0.0008 0.0098 0.0263 0.0045 0.0105 0.0148 0.0008 0.0000 0.0000 0.0084 0.0000 0.0000 0.0000 0.0000 0.0000 0.0000 0.0000 0.0000 0.0000 0.0001 0.0000 0.0000
0.0000 0.0000 0.0000 0.0000 0.0000 0.0000 0.0000 0.0000 0.0000 0.0000 0.0000 0.0000 0.0000 0.0000 0.0000 0.0000 0.0000 0.0000 0.0000 0.0000 0.0000 0.0000 0.0000 0.0000 0.0000 0.0000 0.0000 0.0000 0.0000 0.0001 0.0000 0.0000 0.0000 0.0000 0.0000 0.0000 0.0000 0.0000 0.0001 0.0000 0.0000 0.0000 0.0000 0.0000 0.0000 0.0000 0.0000 0.0000 0.0000 0.0000 0.0000 0.0001 0.0000 0.0000 0.0000 0.0000 0.0000 0.0000 0.0000 0.0000 0.0000 0.0000 0.0000 0.0000
0.0000 0.0725 0.0000 0.0001 0.0002 0.0002 0.0297 0.0014 0.0011 0.0007 0.0001 0.0001 0.0001 0.0000 0.0000 0.0008 0.0000 0.0000 0.0000 0.0000 0.0000 0.0000 0.0121 0.0143 0.0119 0.0250 0.0000 0.0627 0.0000 0.0395 0.0000 0.0000 0.0000 0.0000 0.0000 0.0000 0.0000 0.0000 0.0000 0.0000 0.0000 0.0010 0.0013 0.0059 0.0627 0.0048 0.0108 0.0056 0.0010 0.0000 0.0381 0.0712 0.1100 0.1458 0.1143 0.0808 0.0969 0.1341 0.1403 0.1099 0.1868 0.1262 0.1034 0.0244
0.0000 0.0000 0.0000 0.0000 0.0000 0.0000 0.0000 0.0000 0.0000 0.0000 0.0000 0.0000 0.0000 0.0000 0.0000 0.0000 0.0000 0.0000 0.0000 0.0000 0.0000 0.0000 0.0000 0.0000 0.0000 0.0000 0.0000 0.0000 0.0000 0.0000 0.0000 0.0000 0.0013 0.0003 0.0001 0.0009 0.0000 0.0000 0.0000 0.0000 0.0000 0.0000 0.0000 0.0000 0.0000 0.0000 0.0000 0.0000 0.0000 0.0000 0.0000 0.0000 0.0000 0.0000 0.0000 0.0000 0.0000 0.0000 0.0000 0.0000 0.0000 0.0000 0.0000 0.0000
0.0000 0.0000 0.0000 0.0000 0.0184 0.0000 0.0058 0.0000 0.0000 0.0000 0.0000 0.0000 0.0017 0.0002 0.0017 0.0000 0.0000 0.0000 0.0000 0.0000 0.0000 0.0000 0.0000 0.0000 0.0000 0.0000 0.0000 0.0000 0.0057 0.0000 0.0000 0.0000 0.0000 0.0000 0.0000 0.0003 0.0005 0.0000 0.0000 0.0000 0.0000 0.0000 0.0000 0.0030 0.0000 0.0000 0.0001 0.0001 0.0000 0.0001 0.0000 0.0001 0.0000 0.0000 0.0000 0.0000 0.0000 0.0000 0.0000 0.0000 0.0038 0.0000 0.0000 0.0000
0.0040 0.0018 0.0000 0.0345 0.0270 0.0262 0.0379 0.0421 0.0495 0.0773 0.0221 0.0039 0.0001 0.0000 0.0000 0.0000 0.0000 0.0000 0.0043 0.0041 0.0002 0.0001 0.0001 0.0016 0.0002 0.0021 0.0000 0.0000 0.0000 0.0000 0.0001 0.0000 0.0000 0.0002 0.0000 0.0000 0.0000 0.0000 0.0000 0.0052 0.0004 0.0002 0.0000 0.0000 0.0000 0.0000 0.0000 0.0000 0.0000 0.0000 0.0007 0.0039 0.0012 0.0042 0.0032 0.0066 0.0027 0.0014 0.0039 0.0000 0.0003 0.0027 0.0008 0.0007
0.0329 0.0031 0.0001 0.0030 0.0000 0.0104 0.0000 0.0000 0.0000 0.0000 0.0000 0.0000 0.0031 0.0000 0.0001 0.0000 0.0000 0.0030 0.0000 0.0000 0.0000 0.0000 0.0000 0.0003 0.0000 0.0000 0.0000 0.0000 0.0000 0.0000 0.0000 0.0000 0.0000 0.0000 0.0000 0.0000 0.0000 0.0000 0.0000 0.0000 0.0000 0.0000 0.0000 0.0051 0.0324 0.0188 0.0078 0.0118 0.0163 0.0297 0.0189 0.0030 0.0538 0.0060 0.0141 0.0106 0.0225 0.0260 0.0334 0.0182 0.0149 0.0000 0.0000 0.0000
0.0000 0.0000 0.0000 0.0000 0.0001 0.0000 0.0292 0.0000 0.0453 0.0000 0.0010 0.0000 0.0045 0.0000 0.0000 0.0002 0.0001 0.0001 0.0000 0.0000 0.0000 0.0000 0.0000 0.0000 0.0000 0.0000 0.0000 0.0000 0.0000 0.0000 0.0000 0.0000 0.0000 0.0000 0.0000 0.0000 0.0000 0.0000 0.0001 0.0000 0.0000 0.0000 0.0000 0.0000 0.0000 0.0000 0.0023 0.0000 0.0000 0.0000 0.0000 0.0001 0.0374 0.0009 0.0002 0.0002 0.0000 0.0004 0.0000 0.0000 0.0000 0.0001 0.0000 0.0000
0.0000 0.0000 0.0592 0.0390 0.0001 0.0179 0.0260 0.0173 0.0297 0.0258 0.0380 0.0312 0.0000 0.3204 0.0954 0.2417 0.0003 0.0035 0.0435 0.0294 0.1850 0.1550 0.2843 0.1184 0.1141 0.0703 0.0900 0.1073 0.1249 0.3013 0.2843 0.1267 0.1467 0.0870 0.0000 0.1741 0.1219 0.0968 0.0490 0.0000 0.0000 0.0000 0.0002 0.0006 0.0012 0.0087 0.0594 0.0720 0.0457 0.0387 0.0387 0.0000 0.0245 0.0000 0.0748 0.0358 0.0597 0.0003 0.0005 0.0421 0.0370 0.0002 0.0000 0.0000
0.0000 0.0000 0.0000 0.0000 0.0000 0.0000 0.0000 0.0000 0.0000 0.0003 0.0000 0.0068 0.0053 0.0038 0.0000 0.0000 0.0000 0.0000 0.0000 0.0000 0.0000 0.0000 0.0000 0.0000 0.0004 0.0000 0.0000 0.0000 0.0000 0.0000 0.0000 0.0000 0.0024 0.0018 0.0026 0.0024 0.0021 0.0036 0.0015 0.0000 0.0000 0.0000 0.0893 0.0000 0.0000 0.0000 0.0000 0.0000 0.0000 0.0175 0.0075 0.0266 0.0171 0.0002 0.0249 0.0131 0.0042 0.0053 0.0096 0.0005 0.0000 0.0000 0.0000 0.0000
0.0000 0.0000 0.0000 0.0000 0.0000 0.0001 0.0000 0.0000 0.0000 0.0000 0.0001 0.0000 0.0000 0.0000 0.0000 0.0000 0.0000 0.0000 0.0000 0.0023 0.0000 0.0000 0.0000 0.0656 0.0722 0.1627 0.1950 0.0990 0.0000 0.1290 0.0000 0.1240 0.0984 0.0000 0.0604 0.0374 0.0399 0.0000 0.0338 0.0000 0.0000 0.0250 0.0010 0.0074 0.0000 0.0121 0.0000 0.0219 0.0038 0.0003 0.0070 0.0199 0.0067 0.0095 0.0010 0.0014 0.0026 0.0058 0.0057 0.0000 0.0000 0.0000 0.0000 0.0000
0.0000 0.0000 0.0000 0.0000 0.0000 0.0000 0.0000 0.0000 0.0000 0.0000 0.0306 0.0149 0.0000 0.0000 0.0000 0.0000 0.0000 0.0016 0.0000 0.0001 0.0000 0.0000 0.0000 0.0000 0.0001 0.0000 0.0000 0.0082 0.0030 0.0392 0.0341 0.0099 0.0016 0.0222 0.0000 0.0000 0.0000 0.0000 0.0311 0.0000 0.0000 0.0388 0.0995 0.0573 0.0000 0.0000 0.1153 0.0000 0.0000 0.0000 0.0000 0.0000 0.0001 0.0000 0.0000 0.0001 0.0001 0.0000 0.0000 0.0001 0.0000 0.0000 0.0000 0.0000
0.0000 0.0000 0.0000 0.0000 0.0000 0.0000 0.0000 0.0000 0.0000 0.0009 0.0029 0.0035 0.0000 0.0000 0.0000 0.0001 0.0000 0.0000 0.0000 0.0000 0.0000 0.0000 0.0007 0.0141 0.0000 0.0005 0.0000 0.0000 0.0000 0.0000 0.0000 0.0000 0.0000 0.0001 0.0006 0.0000 0.0000 0.0000 0.0069 0.0025 0.0313 0.0259 0.0056 0.0024 0.0010 0.0024 0.0027 0.0000 0.0000 0.0000 0.0002 0.0088 0.0000 0.0000 0.0006 0.0057 0.0000 0.0040 0.0035 0.0011 0.0016 0.0001 0.0000 0.1410
0.0524 0.0393 0.0549 0.0583 0.0646 0.0745 0.0058 0.0565 0.0477 0.0640 0.0670 0.0782 0.0973 0.1061 0.0639 0.0684 0.0536 0.0630 0.0648 0.0622 0.0264 0.0000 0.0000 0.0000 0.0000 0.0018 0.0000 0.0000 0.0000 0.0000 0.0000 0.0000 0.0000 0.0000 0.0000 0.0000 0.0000 0.0000 0.0000 0.0000 0.0000 0.0000 0.0000 0.0000 0.0085 0.0214 0.0000 0.0000 0.0000 0.0000 0.0000 0.0000 0.0000 0.0000 0.0001 0.0000 0.0000 0.0000 0.0001 0.0000 0.0000 0.0000 0.0000 0.0000
0.0000 0.0000 0.0000 0.0000 0.0000 0.0000 0.0000 0.0060 0.0049 0.0045 0.0070 0.0000 0.0000 0.0009 0.0000 0.0006 0.0000 0.0000 0.0000 0.0000 0.0000 0.0098 0.0000 0.0000 0.0324 0.1098 0.1721 0.1583 0.0033 0.0000 0.0000 0.0000 0.0720 0.1311 0.0000 0.0000 0.0439 0.0000 0.0000 0.0001 0.0000 0.0000 0.0000 0.0060 0.0000 0.0000 0.0000 0.0000 0.0000 0.0001 0.0000 0.0000 0.0000 0.0000 0.0050 0.0024 0.0000 0.0000 0.0000 0.0000 0.0000 0.0000 0.0000 0.0000
0.0000 0.0000 0.0000 0.0000 0.0000 0.0000 0.0000 0.0000 0.0000 0.0000 0.0000 0.0000 0.0000 0.0000 0.0000 0.0000 0.0000 0.0000 0.0000 0.0000 0.0000 0.0000 0.0000 0.0000 0.0000 0.0000 0.0000 0.0000 0.0000 0.0000 0.0000 0.0016 0.0003 0.0000 0.0066 0.0000 0.0000 0.0348 0.0614 0.0952 0.0000 0.0000 0.0000 0.0000 0.0000 0.0000 0.0000 0.0000 0.0000 0.0000 0.0000 0.0001 0.0000 0.0000 0.0000 0.0000 0.0000 0.0000 0.0000 0.0000 0.0000 0.0000 0.0000 0.0000
0.0000 0.0000 0.0000 0.0000 0.0000 0.0000 0.0000 0.0000 0.0000 0.0000 0.0000 0.0000 0.0019 0.0022 0.0042 0.0029 0.0000 0.0000 0.0000 0.0001 0.0000 0.0000 0.0000 0.0000 0.0000 0.0000 0.0000 0.0000 0.0000 0.0000 0.0000 0.0000 0.0000 0.0001 0.0000 0.0000 0.0000 0.0000 0.0000 0.0001 0.0000 0.0000 0.0000 0.0000 0.0000 0.0000 0.0277 0.0489 0.0012 0.0344 0.0059 0.0062 0.0323 0.0033 0.0000 0.0002 0.0001 0.0000 0.0135 0.0065 0.0030 0.0000 0.0001 0.0000
0.0894 0.0929 0.0631 0.0735 0.0672 0.0771 0.1086 0.0717 0.0872 0.0924 0.0756 0.0854 0.0788 0.0630 0.1168 0.0001 0.0000 0.0001 0.0352 0.0408 0.0001 0.0000 0.0000 0.0000 0.0005 0.0004 0.0000 0.0000 0.0041 0.0013 0.0020 0.0648 0.0000 0.0002 0.0000 0.0000 0.0000 0.0000 0.0001 0.0000 0.0000 0.0372 0.0091 0.0672 0.0000 0.0769 0.0896 0.0162 0.0042 0.0049 0.0057 0.0064 0.0017 0.0094 0.0067 0.0064 0.0049 0.0033 0.0037 0.0049 0.0073 0.0065 0.0017 0.0017
0.0000 0.0000 0.0000 0.0000 0.0012 0.0000 0.0000 0.0000 0.0000 0.0000 0.0000 0.0000 0.0000 0.0000 0.0000 0.0000 0.0000 0.0000 0.0000 0.0000 0.0000 0.0000 0.0000 0.0000 0.0000 0.0000 0.0000 0.0000 0.0000 0.0000 0.0000 0.0000 0.0006 0.0000 0.0000 0.0000 0.0000 0.0000 0.0000 0.0000 0.0000 0.0000 0.0000 0.0000 0.0000 0.0000 0.0000 0.0000 0.0000 0.0000 0.0000 0.0000 0.0000 0.0000 0.0000 0.0000 0.0000 0.0000 0.0000 0.0000 0.0000 0.0000 0.0000 0.0000
0.0000 0.0000 0.0000 0.0000 0.0000 0.0000 0.0008 0.0001 0.0000 0.0000 0.0000 0.0090 0.0000 0.0000 0.0000 0.0000 0.0006 0.0009 0.0003 0.0042 0.0000 0.0000 0.0000 0.0000 0.0000 0.0000 0.0000 0.0000 0.0000 0.0000 0.0000 0.0000 0.0000 0.0000 0.0000 0.0000 0.0000 0.0000 0.0000 0.0000 0.0000 0.0000 0.0000 0.0000 0.0000 0.0344 0.0217 0.0133 0.0507 0.0308 0.0421 0.0000 0.0000 0.0508 0.0000 0.0002 0.0505 0.0961 0.0685 0.0843 0.1126 0.1060 0.0441 0.0632
0.0001 0.0000 0.0000 0.0000 0.0000 0.0000 0.0000 0.0000 0.0000 0.0000 0.0009 0.0026 0.0000 0.0000 0.0000 0.0000 0.0000 0.0000 0.0000 0.0000 0.0000 0.0000 0.0000 0.0000 0.0000 0.0000 0.0000 0.0027 0.0047 0.0000 0.0000 0.0000 0.0829 0.1025 0.1054 0.1419 0.0727 0.0933 0.1178 0.1026 0.0995 0.1062 0.0711 0.1041 0.1391 0.0696 0.1118 0.0710 0.0377 0.1134 0.0000 0.0000 0.0000 0.0000 0.0011 0.0002 0.0001 0.0000 0.0000 0.0000 0.0000 0.0000 0.0000 0.0000
0.0007 0.0003 0.0001 0.0000 0.0118 0.0000 0.0000 0.0000 0.0000 0.0000 0.0033 0.0006 0.0000 0.0000 0.0000 0.0001 0.0000 0.0000 0.0000 0.0000 0.0005 0.0004 0.0004 0.0008 0.0006 0.0000 0.0003 0.0003 0.0004 0.0012 0.0008 0.0015 0.0013 0.0000 0.0004 0.0005 0.0001 0.0013 0.0000 0.0078 0.0053 0.0000 0.0254 0.0000 0.0000 0.0227 0.0005 0.0138 0.0013 0.0191 0.0044 0.0054 0.0000 0.0000 0.0000 0.0000 0.0175 0.0000 0.0510 0.0579 0.0737 0.0173 0.0145 0.0000
0.0000 0.0000 0.0000 0.0000 0.0000 0.0000 0.0000 0.0000 0.0000 0.0000 0.0000 0.0000 0.0022 0.0000 0.0000 0.1044 0.1315 0.0000 0.0000 0.0000 0.0468 0.0919 0.0594 0.0273 0.0000 0.0000 0.0000 0.0454 0.0000 0.0001 0.0000 0.0000 0.0672 0.0999 0.0000 0.1489 0.2285 0.2220 0.0907 0.0022 0.0103 0.0034 0.0147 0.0101 0.0019 0.0034 0.0084 0.0220 0.0112 0.0122 0.0077 0.0933 0.1276 0.0001 0.0000 0.0004 0.0012 0.0000 0.0001 0.0001 0.0111 0.0600 0.0000 0.0000
0.0139 0.0263 0.0000 0.0668 0.0347 0.0039 0.0000 0.0000 0.0549 0.0834 0.1112 0.1106 0.1186 0.1054 0.1424 0.1365 0.0996 0.1321 0.1980 0.1651 0.1726 0.1536 0.1106 0.0726 0.1650 0.0024 0.0000 0.0371 0.1633 0.1700 0.1810 0.0000 0.0000 0.0000 0.0000 0.0000 0.0000 0.0000 0.0000 0.0082 0.0000 0.0000 0.1198 0.0000 0.0231 0.0000 0.0000 0.0000 0.0000 0.0000 0.0723 0.0389 0.0000 0.0426 0.0008 0.0053 0.0004 0.0029 0.0000 0.0000 0.0000 0.0000 0.1143 0.0010
0.0000 0.0000 0.0000 0.0000 0.0000 0.0000 0.0000 0.0000 0.0000 0.0000 0.0000 0.0000 0.0000 0.0000 0.0000 0.0000 0.0000 0.0000 0.0000 0.0000 0.0000 0.0000 0.0000 0.0000 0.0000 0.0000 0.0000 0.0000 0.0000 0.0000 0.0000 0.0000 0.0000 0.0000 0.0000 0.0000 0.0000 0.0000 0.0000 0.0000 0.0000 0.0000 0.0000 0.0000 0.0000 0.0000 0.0000 0.0000 0.0000 0.0000 0.0000 0.0001 0.0000 0.0000 0.0000 0.0000 0.0000 0.0000 0.0000 0.0000 0.0000 0.0000 0.0000 0.0000
0.0000 0.0000 0.0000 0.0000 0.0000 0.0000 0.0000 0.0000 0.0000 0.0000 0.0000 0.0001 0.0000 0.0000 0.0000 0.0000 0.0000 0.0000 0.0000 0.0000 0.0000 0.0000 0.0000 0.0000 0.0000 0.0000 0.0000 0.0000 0.0000 0.0000 0.0000 0.0000 0.0000 0.0000 0.0135 0.0000 0.0000 0.0000 0.0000 0.0000 0.0000 0.0000 0.0000 0.0000 0.0000 0.0000 0.0000 0.0000 0.0000 0.0000 0.0000 0.0000 0.0001 0.0000 0.0000 0.0000 0.0000 0.0000 0.0000 0.0000 0.0000 0.0000 0.0000 0.0000
0.0001 0.0000 0.0000 0.0000 0.0000 0.0000 0.0436 0.0089 0.0000 0.0000 0.0000 0.0001 0.0003 0.0025 0.0000 0.0039 0.0000 0.0000 0.0000 0.0000 0.0006 0.0000 0.0003 0.0000 0.0000 0.0000 0.0000 0.0000 0.0000 0.0000 0.0000 0.0000 0.0000 0.0000 0.0000 0.0000 0.0000 0.0000 0.0000 0.0000 0.0000 0.0000 0.0000 0.0000 0.0000 0.0000 0.0000 0.0011 0.0000 0.0000 0.0000 0.0000 0.0098 0.0000 0.0002 0.0001 0.0000 0.0000 0.0000 0.0000 0.0000 0.0000 0.0000 0.0000
0.2324 0.1288 0.0754 0.0473 0.1036 0.0810 0.0001 0.0714 0.0000 0.0000 0.0000 0.0000 0.0000 0.0000 0.0001 0.0656 0.0000 0.0000 0.0000 0.0000 0.0000 0.0000 0.0000 0.0000 0.0044 0.0000 0.0000 0.0000 0.0000 0.0108 0.0175 0.0103 0.0223 0.0001 0.0000 0.0274 0.0252 0.0373 0.0529 0.0000 0.0000 0.0000 0.0000 0.0000 0.0000 0.0000 0.0000 0.0000 0.0000 0.0003 0.0003 0.0000 0.0000 0.0169 0.0001 0.0000 0.0000 0.0000 0.0229 0.0234 0.0000 0.1197 0.0457 0.0375
0.0010 0.0010 0.0030 0.0026 0.0001 0.0030 0.0004 0.0020 0.0000 0.0000 0.0000 0.0000 0.0000 0.0000 0.0000 0.0000 0.0000 0.0000 0.0000 0.0000 0.0006 0.0000 0.0005 0.0000 0.0004 0.0008 0.0000 0.0000 0.0000 0.0000 0.0000 0.0000 0.0000 0.0000 0.0000 0.0000 0.0000 0.0000 0.0000 0.0000 0.0000 0.0000 0.0000 0.0000 0.0000 0.0000 0.0000 0.0000 0.0000 0.0000 0.0000 0.0000 0.0000 0.0000 0.0000 0.0000 0.0000 0.0000 0.0000 0.0000 0.0000 0.0000 0.0000 0.0000
0.0000 0.0000 0.0000 0.0000 0.0000 0.0000 0.0000 0.0000 0.0014 0.0000 0.0000 0.0000 0.0000 0.0000 0.0000 0.0000 0.0000 0.0000 0.0000 0.0000 0.0000 0.0000 0.0000 0.0000 0.0063 0.0038 0.0061 0.0052 0.0000 0.0000 0.0000 0.0000 0.0000 0.0000 0.0000 0.0000 0.0000 0.0000 0.0000 0.0000 0.0000 0.0000 0.0000 0.0000 0.0000 0.0000 0.0000 0.0000 0.0000 0.0000 0.0000 0.0000 0.0000 0.0000 0.0000 0.0002 0.0003 0.0000 0.0000 0.0016 0.0000 0.0000 0.0000 0.0000
0.0021 0.0019 0.0007 0.0003 0.0000 0.0000 0.0000 0.0016 0.0001 0.0000 0.0000 0.0000 0.0000 0.0000 0.0000 0.0001 0.0000 0.0002 0.0001 0.0011 0.0014 0.0020 0.0023 0.0019 0.0040 0.0015 0.0016 0.0033 0.0015 0.0017 0.0002 0.0019 0.0025 0.0000 0.0000 0.0059 0.0067 0.0048 0.0093 0.0242 0.0124 0.0685 0.1244 0.0698 0.0740 0.1098 0.0949 0.0783 0.0000 0.0015 0.0137 0.0575 0.0588 0.0072 0.0001 0.0031 0.0051 0.0127 0.0123 0.0062 0.0033 0.0096 0.0027 0.0042
0.0000 0.0000 0.0000 0.0000 0.0000 0.0000 0.0000 0.0000 0.0000 0.0000 0.0000 0.0111 0.0001 0.0000 0.0001 0.0001 0.0007 0.0023 0.0005 0.0001 0.0000 0.0002 0.0001 0.0008 0.0000 0.0003 0.0003 0.0003 0.0003 0.0004 0.0006 0.0000 0.0028 0.0000 0.0002 0.0071 0.0092 0.0067 0.0289 0.0159 0.0108 0.0047 0.0001 0.0038 0.0000 0.0000 0.0000 0.0000 0.0000 0.0000 0.0000 0.0000 0.0000 0.0000 0.0000 0.0001 0.0000 0.0000 0.0000 0.0000 0.0000 0.0000 0.0000 0.0000
0.0011 0.0009 0.0000 0.0018 0.0045 0.0022 0.0023 0.0019 0.0034 0.0023 0.0026 0.0032 0.0040 0.0016 0.0019 0.0029 0.0015 0.0018 0.0014 0.0017 0.0017 0.0012 0.0007 0.0015 0.0017 0.0012 0.0026 0.0019 0.0000 0.0000 0.0000 0.0000 0.0000 0.0000 0.0000 0.0000 0.0000 0.0000 0.0000 0.0000 0.0000 0.0000 0.0000 0.0000 0.0000 0.0000 0.0000 0.0000 0.0000 0.0000 0.0000 0.0000 0.0000 0.0000 0.0000 0.0000 0.0000 0.0000 0.0000 0.0000 0.0000 0.0000 0.0000 0.0000
0.0000 0.0000 0.0000 0.0000 0.0000 0.0000 0.0000 0.0001 0.0000 0.0000 0.0000 0.0000 0.0000 0.0000 0.0029 0.0000 0.0000 0.0064 0.0046 0.0000 0.0114 0.0009 0.0000 0.0118 0.0149 0.0140 0.0088 0.0079 0.0135 0.0044 0.0040 0.0041 0.0056 0.0031 0.0114 0.0055 0.0000 0.0000 0.0094 0.0133 0.0000 0.0000 0.0000 0.0000 0.0000 0.0000 0.0000 0.0000 0.0000 0.0000 0.0000 0.0120 0.0000 0.0000 0.0000 0.0000 0.0000 0.0000 0.0000 0.0000 0.0000 0.0000 0.0000 0.0000
0.0000 0.0309 0.0240 0.0298 0.0000 0.0000 0.0000 0.0000 0.0301 0.0392 0.0186 0.0000 0.0623 0.0200 0.0532 0.0850 0.0635 0.0798 0.0462 0.0767 0.1323 0.1054 0.1669 0.1671 0.1600 0.1171 0.1117 0.0588 0.0643 0.0586 0.0686 0.0357 0.0599 0.0760 0.0907 0.0801 0.0690 0.0646 0.0663 0.1084 0.1182 0.0986 0.1039 0.0893 0.1362 0.1073 0.1277 0.1325 0.0620 0.0450 0.0347 0.0287 0.0190 0.0562 0.0000 0.0001 0.0000 0.0000 0.0000 0.0000 0.0000 0.0000 0.0000 0.0000
0.0000 0.0000 0.0000 0.0000 0.0003 0.0010 0.0058 0.0000 0.0000 0.0000 0.0000 0.0005 0.0000 0.0000 0.0045 0.0000 0.0000 0.0000 0.0000 0.0000 0.0000 0.0068 0.0028 0.0097 0.0017 0.0048 0.0044 0.0027 0.0789 0.0020 0.0000 0.0131 0.0065 0.0057 0.1290 0.0069 0.0043 0.0040 0.0082 0.0071 0.0138 0.0067 0.0000 0.0000 0.0000 0.0002 0.0020 0.0060 0.0019 0.0019 0.0019 0.0034 0.0462 0.0000 0.0001 0.0003 0.0000 0.0000 0.0000 0.0000 0.0000 0.0171 0.0010 0.0000
0.0001 0.0000 0.0002 0.0000 0.0000 0.0000 0.0519 0.0308 0.0000 0.0000 0.0000 0.0000 0.0000 0.0000 0.0000 0.0000 0.0000 0.0013 0.0011 0.0023 0.0000 0.0000 0.0000 0.0000 0.0000 0.0000 0.0000 0.0000 0.0000 0.0000 0.0000 0.0000 0.0000 0.0000 0.0000 0.0000 0.0000 0.0000 0.0000 0.0000 0.0000 0.0000 0.0000 0.0000 0.0000 0.0457 0.0252 0.0160 0.0262 0.0202 0.0599 0.0147 0.0147 0.0046 0.0195 0.0124 0.0000 0.0044 0.0000 0.0000 0.0000 0.0000 0.0000 0.0000
