0.1275 0.1619 0.1053 0.0141 0.0000 0.0001 0.0002 0.0001 0.0000 0.0001 0.0001 0.0001 0.0000 0.0000 0.0000 0.0001 0.0000 0.0000 0.0000 0.0000 0.0000 0.0001 0.0000 0.0000 0.0001 0.0000 0.0000 0.0000 0.0000 0.0002 0.0001 0.0001 0.0002 0.0000 0.0001 0.0000 0.0000 0.0000 0.0000 0.0000 0.0000 0.0022 0.0000 0.0000 0.0000 0.0824 0.0937 0.1136 0.0309 0.1028 0.1517 0.1004 0.0192 0.1245 0.1783 0.0445 0.0269 0.0231 0.0682 0.0870 0.1044 0.0178 0.0007 0.0024
0.0000 0.0000 0.0000 0.0000 0.0000 0.0000 0.0001 0.0000 0.0000 0.0000 0.0000 0.0000 0.0000 0.0000 0.0000 0.0061 0.0000 0.0000 0.0000 0.0000 0.0324 0.0000 0.0000 0.0169 0.0244 0.0533 0.0000 0.0000 0.0001 0.0003 0.0003 0.0002 0.0000 0.0000 0.0000 0.0000 0.0000 0.0002 0.0405 0.0003 0.0003 0.0001 0.0002 0.0017 0.0004 0.0004 0.0000 0.0073 0.0032 0.0000 0.0006 0.0006 0.0000 0.0000 0.0000 0.0000 0.0000 0.0007 0.0003 0.0000 0.0000 0.0000 0.0001 0.0002
0.0000 0.0000 0.0000 0.0000 0.0000 0.0000 0.0000 0.0000 0.0000 0.0000 0.0000 0.0000 0.0000 0.1465 0.0000 0.0000 0.0000 0.0000 0.0000 0.0000 0.0824 0.0000 0.1123 0.0000 0.1747 0.0682 0.0000 0.0000 0.0000 0.0367 0.0000 0.0032 0.0001 0.0000 0.0000 0.0000 0.0001 0.0000 0.0007 0.0012 0.0008 0.0022 0.0013 0.0014 0.0011 0.0018 0.0034 0.0030 0.0013 0.0011 0.0006 0.0012 0.0001 0.0000 0.0018 0.0007 0.0002 0.0000 0.0000 0.0000 0.0000 0.0000 0.0000 0.0000
0.0000 0.0000 0.0000 0.0000 0.0000 0.0000 0.0000 0.0000 0.0000 0.0000 0.0000 0.0000 0.0000 0.0000 0.0000 0.0000 0.0000 0.0000 0.0000 0.0000 0.0000 0.0000 0.0000 0.0000 0.0000 0.0000 0.0000 0.0000 0.0000 0.0000 0.0000 0.0000 0.0000 0.0000 0.0000 0.0000 0.0000 0.0000 0.0000 0.0000 0.0000 0.0000 0.0000 0.0000 0.0000 0.0000 0.0000 0.0000 0.0000 0.0000 0.0000 0.0000 0.0000 0.0000 0.0000 0.0000 0.0000 0.0000 0.0000 0.0000 0.0000 0.0000 0.0000 0.0000
0.0006 0.0248 0.0004 0.0003 0.0003 0.0002 0.0001 0.0001 0.0000 0.0000 0.0000 0.0000 0.0000 0.0000 0.0000 0.0000 0.0000 0.0000 0.0001 0.0000 0.0000 0.0000 0.0000 0.0000 0.0002 0.0001 0.0000 0.0000 0.0000 0.0001 0.0002 0.0753 0.0000 0.0001 0.1513 0.1742 0.2351 0.2388 0.2416 0.2488 0.3326 0.2660 0.4269 0.3201 0.3565 0.2107 0.1992 0.1392 0.0000 0.0000 0.0015 0.0004 0.0001 0.0002 0.0057 0.0001 0.0001 0.0001 0.0004 0.0004 0.0000 0.0167 0.0002 0.0852
0.0017 0.0030 0.0021 0.0022 0.0018 0.0030 0.0094 0.0030 0.0026 0.0022 0.0019 0.0007 0.0004 0.0009 0.0007 0.0009 0.0004 0.0001 0.0001 0.0002 0.0001 0.0001 0.0000 0.0003 0.0006 0.0003 0.0002 0.0001 0.0007 0.0000 0.0007 0.0000 0.0003 0.0001 0.0001 0.0001 0.0001 0.0001 0.0020 0.0001 0.0001 0.0003 0.0000 0.0001 0.0000 0.0000 0.0001 0.0001 0.0001 0.0001 0.0001 0.0001 0.0001 0.0000 0.0001 0.0001 0.0000 0.0001 0.0001 0.0002 0.0017 0.0019 0.0030 0.0072
0.0000 0.0001 0.0000 0.0001 0.0005 0.0002 0.0001 0.0001 0.0000 0.0000 0.0000 0.0002 0.0003 0.0000 0.0000 0.0000 0.0000 0.0000 0.0002 0.0003 0.0000 0.0002 0.0001 0.0000 0.0005 0.0003 0.0000 0.0000 0.0000 0.0000 0.0008 0.0005 0.0007 0.0002 0.0001 0.0000 0.0000 0.0000 0.0000 0.0001 0.0002 0.0005 0.0770 0.1038 0.0451 0.0000 0.0000 0.0154 0.0011 0.0026 0.0000 0.0000 0.0046 0.0379 0.1269 0.1099 0.1682 0.1339 0.1080 0.0002 0.0002 0.0003 0.0001 0.0002
0.0000 0.0000 0.0000 0.0000 0.0000 0.0000 0.0000 0.0277 0.0000 0.0000 0.0000 0.0000 0.0000 0.0000 0.0000 0.0000 0.0000 0.0000 0.0000 0.0001 0.0005 0.0001 0.0000 0.0000 0.0000 0.0001 0.0001 0.0000 0.0001 0.0002 0.0005 0.0000 0.0000 0.0000 0.0000 0.0000 0.0000 0.0000 0.0000 0.0000 0.0000 0.0000 0.0000 0.0000 0.0000 0.0000 0.0000 0.0000 0.0000 0.0000 0.0826 0.0000 0.0604 0.0684 0.1440 0.1534 0.0652 0.0000 0.0000 0.0000 0.0000 0.0000 0.0000 0.0000
0.0000 0.0000 0.0000 0.0000 0.0000 0.0000 0.0000 0.0000 0.0000 0.0000 0.0324 0.0414 0.0622 0.0825 0.0000 0.0000 0.0000 0.0003 0.0010 0.0019 0.0001 0.0004 0.0008 0.0000 0.0258 0.0000 0.0184 0.0197 0.0576 0.0580 0.1049 0.0494 0.0732 0.0560 0.0203 0.0095 0.0000 0.0000 0.0000 0.0000 0.0000 0.0007 0.0000 0.0000 0.0000 0.0000 0.0000 0.0000 0.0000 0.0000 0.0006 0.0000 0.0000 0.0281 0.0599 0.0000 0.0501 0.0000 0.0000 0.0001 0.0000 0.0000 0.0000 0.0000
0.0000 0.0000 0.0000 0.0000 0.0003 0.0048 0.0009 0.0005 0.0001 0.0002 0.0001 0.0000 0.0000 0.0000 0.0354 0.0000 0.0620 0.0000 0.0000 0.0000 0.0296 0.0000 0.0000 0.1740 0.0000 0.0010 0.0836 0.0572 0.0950 0.0980 0.1472 0.0935 0.1422 0.0856 0.1687 0.0843 0.0700 0.0656 0.0113 0.0011 0.0001 0.0001 0.0319 0.0045 0.0434 0.0094 0.0188 0.0272 0.0099 0.0164 0.0094 0.0101 0.0032 0.0006 0.0009 0.0021 0.0007 0.0004 0.0013 0.0005 0.0007 0.0005 0.0001 0.0003
0.0000 0.0000 0.0000 0.0000 0.0000 0.0000 0.0000 0.0000 0.0000 0.0000 0.0000 0.0000 0.0000 0.0000 0.0000 0.0000 0.0000 0.0000 0.0000 0.0000 0.0000 0.0000 0.0000 0.0000 0.0000 0.0000 0.0000 0.0000 0.0000 0.0000 0.0000 0.0000 0.0000 0.0000 0.0000 0.0000 0.0000 0.0000 0.0000 0.0000 0.0000 0.0000 0.0000 0.0000 0.0000 0.0000 0.0000 0.0000 0.0000 0.0000 0.0000 0.0000 0.0000 0.0000 0.0000 0.0000 0.0000 0.0000 0.0000 0.0000 0.0000 0.0000 0.0000 0.0000
0.0006 0.0003 0.0003 0.0002 0.0002 0.0003 0.0008 0.0277 0.0441 0.0911 0.0908 0.0790 0.1118 0.0005 0.0014 0.0051 0.0294 0.0778 0.0032 0.0015 0.0007 0.2115 0.0028 0.0005 0.1708 0.1719 0.1870 0.1014 0.0313 0.0418 0.0136 0.0163 0.0290 0.0003 0.0020 0.0001 0.0001 0.0004 0.0485 0.0384 0.0134 0.0823 0.0623 0.0928 0.0946 0.0009 0.0004 0.0002 0.0979 0.0001 0.0002 0.0003 0.0002 0.0001 0.0003 0.0005 0.0001 0.0002 0.0009 0.0047 0.0092 0.0187 0.0003 0.0014
0.0000 0.0000 0.0000 0.0000 0.0000 0.0000 0.0217 0.0000 0.0000 0.0000 0.0000 0.0126 0.0000 0.0000 0.0002 0.0139 0.0001 0.0000 0.0000 0.0002 0.0000 0.0000 0.0186 0.0783 0.0361 0.1017 0.0000 0.0000 0.0000 0.0000 0.0000 0.0000 0.0000 0.0000 0.0000 0.0000 0.0000 0.0013 0.0009 0.0001 0.0001 0.0001 0.0000 0.0000 0.0000 0.0000 0.0000 0.0000 0.0000 0.0000 0.0001 0.0000 0.0000 0.0001 0.0337 0.0243 0.0001 0.0113 0.0000 0.0000 0.0000 0.0000 0.0000 0.0000
0.0000 0.1036 0.0000 0.0000 0.0000 0.0000 0.0000 0.0000 0.0563 0.0330 0.0000 0.0000 0.0000 0.0000 0.0673 0.0378 0.0000 0.0000 0.0000 0.0000 0.0000 0.0000 0.0000 0.0272 0.0001 0.0000 0.0000 0.0000 0.0000 0.0000 0.0000 0.0038 0.0025 0.0000 0.0592 0.0789 0.0691 0.1140 0.1134 0.0882 0.0924 0.1088 0.0454 0.0606 0.0716 0.0802 0.0753 0.1072 0.0507 0.0298 0.0433 0.0660 0.0000 0.0000 0.0000 0.0000 0.0000 0.0000 0.0108 0.0000 0.0000 0.0006 0.0026 0.1438
0.0000 0.0001 0.0000 0.0000 0.0000 0.0000 0.0002 0.0000 0.0000 0.0000 0.0000 0.0000 0.0000 0.0000 0.0000 0.0000 0.0000 0.0000 0.0000 0.0000 0.0000 0.0000 0.0019 0.0000 0.0000 0.0026 0.0000 0.0000 0.0002 0.0000 0.0001 0.0000 0.0000 0.0000 0.0000 0.0000 0.0000 0.0000 0.0000 0.0000 0.0000 0.0000 0.0000 0.0000 0.0000 0.0000 0.0007 0.0000 0.0995 0.0918 0.0057 0.0044 0.1770 0.0011 0.0000 0.0010 0.0000 0.0000 0.0001 0.0004 0.0010 0.0017 0.0019 0.0084
0.0000 0.0000 0.0000 0.0001 0.0001 0.0001 0.0004 0.0001 0.0001 0.0001 0.0000 0.0000 0.0000 0.0000 0.0000 0.0000 0.0000 0.0000 0.0000 0.0000 0.0000 0.0000 0.0000 0.0000 0.0000 0.0002 0.0000 0.0000 0.0001 0.0000 0.0000 0.0005 0.0000 0.0000 0.0000 0.0000 0.0000 0.0000 0.0000 0.0000 0.0627 0.0557 0.0026 0.0316 0.0285 0.0949 0.0552 0.0757 0.0050 0.0016 0.0000 0.0000 0.0000 0.0000 0.0000 0.0000 0.0000 0.0000 0.0009 0.0000 0.0000 0.0000 0.0000 0.0000
0.0011 0.0034 0.0023 0.0017 0.0021 0.0014 0.0012 0.0019 0.0014 0.0034 0.0033 0.0702 0.0022 0.0029 0.0017 0.0019 0.0034 0.0035 0.0028 0.0022 0.0018 0.0014 0.0019 0.0002 0.0054 0.0000 0.0000 0.0000 0.0000 0.0000 0.0000 0.0000 0.0000 0.0000 0.0000 0.0000 0.0000 0.0000 0.0000 0.0000 0.0000 0.0000 0.0000 0.0000 0.0028 0.0112 0.0213 0.0602 0.1791 0.2179 0.1228 0.0014 0.1731 0.1590 0.0000 0.0001 0.0000 0.0114 0.0008 0.0012 0.0002 0.0000 0.0000 0.0000
0.0000 0.0011 0.0001 0.0003 0.0004 0.0014 0.0002 0.0002 0.0000 0.0001 0.0000 0.0001 0.0000 0.0001 0.0002 0.0002 0.0002 0.0001 0.0000 0.0000 0.0000 0.0000 0.0000 0.0000 0.0000 0.0000 0.0000 0.0000 0.0000 0.0001 0.0001 0.0000 0.0000 0.0000 0.0000 0.0001 0.0001 0.0004 0.0001 0.0000 0.0221 0.0002 0.0000 0.0000 0.0000 0.0005 0.0002 0.0001 0.0001 0.0002 0.0001 0.0003 0.0001 0.0000 0.0001 0.0004 0.0001 0.0002 0.0003 0.0003 0.0020 0.0010 0.0003 0.0008
0.0000 0.0000 0.0000 0.0001 0.0001 0.0001 0.0001 0.0001 0.0000 0.0000 0.0000 0.0000 0.0000 0.0000 0.0000 0.0000 0.0000 0.0000 0.0000 0.0000 0.0000 0.0000 0.0000 0.0000 0.0000 0.0000 0.0000 0.0000 0.0000 0.0000 0.0000 0.0000 0.0000 0.0000 0.0000 0.0001 0.0005 0.0000 0.0000 0.0000 0.0000 0.0333 0.0420 0.0012 0.0003 0.0001 0.0001 0.0005 0.0002 0.0002 0.0002 0.0321 0.0564 0.0000 0.0141 0.0000 0.0000 0.0824 0.0000 0.0000 0.0000 0.0000 0.0000 0.0744
0.0019 0.0000 0.0002 0.0003 0.0001 0.0002 0.0002 0.0001 0.0001 0.0000 0.0000 0.0000 0.0000 0.0000 0.0001 0.0000 0.0000 0.0000 0.0000 0.0001 0.0001 0.0002 0.0001 0.0000 0.0002 0.0000 0.0000 0.0000 0.0005 0.0006 0.0000 0.0000 0.0007 0.0002 0.0000 0.0001 0.0001 0.0004 0.0010 0.0002 0.0000 0.0003 0.0000 0.0005 0.0004 0.0061 0.0001 0.0005 0.0001 0.0000 0.0000 0.0003 0.0000 0.0002 0.0000 0.0000 0.0000 0.0012 0.0015 0.0017 0.0019 0.0022 0.0010 0.0016
0.0683 0.0907 0.0344 0.0833 0.0051 0.0000 0.0005 0.0001 0.0000 0.0001 0.0001 0.0001 0.0001 0.0000 0.0000 0.0000 0.0000 0.0000 0.0000 0.0186 0.0001 0.0004 0.0002 0.0002 0.0000 0.0000 0.0000 0.0000 0.0001 0.0001 0.0002 0.0002 0.0015 0.0000 0.0000 0.0000 0.0000 0.0000 0.0000 0.0000 0.0000 0.0000 0.0000 0.0000 0.0000 0.0000 0.0000 0.0000 0.0000 0.0000 0.0000 0.0000 0.0000 0.0023 0.0000 0.0000 0.0000 0.0000 0.0002 0.0000 0.0000 0.0000 0.0001 0.0241
0.0000 0.0000 0.0000 0.0000 0.0000 0.0000 0.0000 0.0361 0.0000 0.0000 0.0000 0.0000 0.0000 0.0000 0.0000 0.0000 0.0000 0.0000 0.0000 0.0000 0.0000 0.0000 0.0000 0.0000 0.0000 0.0000 0.0000 0.0000 0.0000 0.0000 0.0000 0.0000 0.0001 0.0000 0.0000 0.0000 0.0000 0.0000 0.0000 0.0000 0.0000 0.0001 0.0001 0.0000 0.0000 0.0000 0.0000 0.0199 0.0284 0.0480 0.1227 0.1742 0.0739 0.0989 0.1194 0.1380 0.1358 0.1012 0.1510 0.1337 0.1266 0.1364 0.1095 0.0000
0.0000 0.0000 0.0000 0.0000 0.0000 0.0344 0.1145 0.0647 0.0000 0.0000 0.0000 0.0000 0.0000 0.0000 0.0000 0.0000 0.0650 0.0261 0.0284 0.0263 0.0295 0.0664 0.0000 0.0544 0.0000 0.0000 0.0000 0.0572 0.0000 0.0567 0.1440 0.0546 0.0479 0.0001 0.0011 0.0001 0.0000 0.0323 0.0344 0.0000 0.0186 0.0000 0.0000 0.0000 0.0000 0.0000 0.0578 0.0000 0.0632 0.0419 0.0000 0.0002 0.0001 0.0002 0.0000 0.0000 0.0000 0.0000 0.0000 0.0010 0.0002 0.0000 0.0668 0.0000
0.0000 0.0000 0.0000 0.0000 0.0000 0.0000 0.0000 0.0000 0.0000 0.0000 0.0000 0.0000 0.0000 0.0000 0.0000 0.0000 0.0000 0.0000 0.0000 0.0000 0.0000 0.0000 0.0000 0.0000 0.0000 0.0000 0.0000 0.0000 0.0000 0.0000 0.0000 0.0003 0.0002 0.0005 0.0009 0.0006 0.0009 0.0013 0.0000 0.0000 0.0242 0.0000 0.0004 0.0010 0.0013 0.0025 0.0017 0.0117 0.0000 0.0000 0.0000 0.0000 0.0000 0.0000 0.0000 0.0018 0.0077 0.0044 0.0000 0.0000 0.0000 0.0000 0.0000 0.0000
0.4290 0.4066 0.6455 0.7129 0.8306 0.7265 0.6952 0.5800 0.6566 0.6360 0.5871 0.6121 0.5705 0.5868 0.5189 0.5452 0.6540 0.5828 0.7085 0.6321 0.2895 0.6020 0.2324 0.2627 0.2267 0.2214 0.5419 0.6827 0.4718 0.4727 0.3705 0.4828 0.3457 0.6018 0.1156 0.1056 0.1173 0.0821 0.1134 0.3250 0.1547 0.1598 0.0518 0.0115 0.0000 0.0000 0.0000 0.1553 0.0029 0.0000 0.0006 0.0003 0.0032 0.0006 0.0042 0.0175 0.0275 0.1300 0.1078 0.1729 0.2207 0.1895 0.3107 0.2322
0.0006 0.0000 0.0000 0.0000 0.0000 0.0000 0.0000 0.0000 0.0000 0.0000 0.0000 0.0000 0.0000 0.0000 0.0000 0.0000 0.0000 0.0000 0.0000 0.0000 0.0000 0.0000 0.0003 0.0021 0.0009 0.0014 0.0013 0.0017 0.0020 0.0013 0.0002 0.0004 0.0003 0.0000 0.0000 0.0000 0.0000 0.0000 0.0000 0.0000 0.0000 0.0000 0.0000 0.0000 0.0000 0.0000 0.0000 0.0000 0.0000 0.0000 0.0523 0.0000 0.0000 0.0000 0.0000 0.0000 0.0000 0.0000 0.0002 0.0000 0.0000 0.0000 0.0000 0.0000
0.0000 0.0000 0.0000 0.0000 0.0000 0.0000 0.0000 0.0000 0.0000 0.0000 0.0000 0.0000 0.0000 0.0000 0.0000 0.0000 0.0000 0.0000 0.0000 0.0000 0.0000 0.0000 0.0000 0.0000 0.0000 0.0000 0.0000 0.0000 0.0001 0.0000 0.0000 0.0918 0.0000 0.0000 0.0000 0.0000 0.0000 0.0000 0.0000 0.0464 0.0477 0.0472 0.0291 0.0568 0.0273 0.0167 0.0000 0.0000 0.0000 0.0000 0.0000 0.0000 0.0000 0.0000 0.0000 0.0000 0.0000 0.0000 0.0000 0.0000 0.0000 0.0019 0.0000 0.1244
0.0000 0.0000 0.0000 0.0000 0.0000 0.0000 0.0000 0.0000 0.0000 0.0000 0.0632 0.0107 0.0728 0.0000 0.0000 0.0000 0.0000 0.0000 0.0000 0.0000 0.0000 0.0000 0.0000 0.0000 0.0000 0.0000 0.0000 0.0000 0.0000 0.0000 0.0004 0.0000 0.0000 0.0003 0.0000 0.0000 0.0000 0.0000 0.0001 0.0000 0.0819 0.0000 0.0178 0.0014 0.0041 0.0909 0.0752 0.0347 0.0422 0.0023 0.0000 0.0001 0.0000 0.0449 0.0000 0.0193 0.0965 0.0596 0.0496 0.0390 0.0000 0.0000 0.0000 0.0000
0.0000 0.0000 0.0000 0.0000 0.0000 0.0000 0.0000 0.0000 0.0000 0.0000 0.0000 0.0000 0.0000 0.0000 0.0000 0.0000 0.0000 0.0000 0.0000 0.0000 0.0000 0.0000 0.0000 0.0000 0.0000 0.0000 0.0000 0.0000 0.0000 0.0002 0.0000 0.0000 0.0000 0.0000 0.0000 0.0000 0.0000 0.0000 0.0000 0.0000 0.0000 0.0000 0.0000 0.0000 0.0000 0.0000 0.0000 0.0000 0.0000 0.0000 0.0000 0.0000 0.0000 0.0000 0.0000 0.0000 0.0000 0.0000 0.0000 0.0000 0.0000 0.0000 0.0000 0.0000
0.0003 0.0031 0.0001 0.0004 0.0011 0.0003 0.0787 0.0603 0.1013 0.0647 0.1334 0.1295 0.1179 0.0533 0.0795 0.0007 0.0631 0.1070 0.0000 0.0000 0.0000 0.0000 0.0263 0.0257 0.0012 0.0709 0.0000 0.0002 0.0000 0.0000 0.0002 0.0001 0.0002 0.0000 0.0001 0.0001 0.0001 0.0002 0.0002 0.0003 0.0005 0.0265 0.0846 0.0681 0.0204 0.0957 0.1321 0.0551 0.0502 0.0067 0.0026 0.0078 0.0003 0.0002 0.0004 0.0005 0.0004 0.0005 0.0004 0.0007 0.0017 0.0020 0.0054 0.0494
0.0000 0.0000 0.0000 0.0000 0.0000 0.0000 0.0000 0.0000 0.0248 0.0348 0.0000 0.0000 0.0000 0.0000 0.0000 0.0000 0.0000 0.0001 0.0001 0.0008 0.0005 0.0016 0.0027 0.0023 0.0013 0.0017 0.0007 0.0007 0.0014 0.0019 0.0047 0.0039 0.0000 0.0315 0.0013 0.0001 0.0023 0.0011 0.0019 0.0033 0.0007 0.0023 0.0007 0.0000 0.0000 0.0000 0.0000 0.0000 0.0000 0.0000 0.0000 0.0000 0.0000 0.0000 0.0000 0.0000 0.0000 0.0000 0.0000 0.0000 0.0000 0.0000 0.0000 0.0000
0.0000 0.0000 0.0000 0.0000 0.0000 0.0000 0.0003 0.0000 0.0000 0.0000 0.0000 0.0000 0.0000 0.0000 0.0000 0.0000 0.0000 0.0000 0.0000 0.0000 0.0000 0.0000 0.0000 0.0000 0.0000 0.0000 0.0000 0.0000 0.0002 0.0000 0.0000 0.0000 0.0000 0.0000 0.0000 0.0000 0.0000 0.0000 0.0003 0.0000 0.0000 0.0000 0.0000 0.0006 0.0000 0.0000 0.0007 0.0004 0.0250 0.0542 0.0557 0.0002 0.0000 0.0000 0.0000 0.0000 0.0000 0.0000 0.0000 0.0000 0.0000 0.0000 0.0000 0.0000
0.0098 0.0032 0.0000 0.0005 0.0002 0.0002 0.0002 0.0003 0.0000 0.0002 0.0001 0.0000 0.0000 0.0000 0.0294 0.0000 0.0000 0.0000 0.0004 0.0003 0.0691 0.0235 0.0069 0.2143 0.0314 0.1034 0.1108 0.0745 0.0988 0.0743 0.0177 0.0000 0.0000 0.0977 0.0000 0.0000 0.0666 0.0197 0.0493 0.0011 0.0136 0.0003 0.0000 0.0000 0.0000 0.0001 0.0001 0.0001 0.0001 0.0000 0.0005 0.0018 0.0018 0.0014 0.0019 0.0031 0.0019 0.0028 0.0007 0.0001 0.0000 0.0046 0.0003 0.0018
0.0000 0.0000 0.0001 0.0003 0.0001 0.0001 0.0000 0.0000 0.0000 0.0001 0.0000 0.0000 0.0000 0.0000 0.0000 0.0000 0.0000 0.0000 0.0000 0.0000 0.0000 0.0000 0.0000 0.0001 0.0001 0.0001 0.0000 0.0001 0.0000 0.0000 0.0000 0.0001 0.0000 0.0000 0.0000 0.0001 0.0012 0.0035 0.0183 0.0012 0.0007 0.0000 0.0004 0.0010 0.0015 0.0003 0.0001 0.0001 0.0001 0.0003 0.0002 0.0000 0.0001 0.0000 0.0070 0.0019 0.0001 0.0003 0.0014 0.0007 0.0022 0.0000 0.0000 0.0016
0.0003 0.0018 0.0000 0.0284 0.0826 0.0815 0.0456 0.0000 0.0307 0.0000 0.0000 0.0000 0.0000 0.0000 0.0000 0.0000 0.0000 0.0324 0.0716 0.0000 0.0349 0.0316 0.0000 0.0000 0.0000 0.0000 0.0000 0.0000 0.0313 0.0000 0.0001 0.0001 0.0004 0.0000 0.0006 0.0180 0.0000 0.0000 0.0090 0.0005 0.0004 0.0031 0.0009 0.0009 0.0000 0.0000 0.0000 0.0000 0.0000 0.0000 0.0003 0.0008 0.0004 0.0333 0.0107 0.0168 0.0000 0.0036 0.0769 0.0000 0.0000 0.0760 0.0286 0.0003
0.0000 0.0000 0.0001 0.0001 0.0000 0.0002 0.0001 0.0000 0.0000 0.0001 0.0001 0.0000 0.0000 0.0011 0.0301 0.0002 0.0001 0.0005 0.0124 0.0056 0.0011 0.0004 0.0002 0.0002 0.0004 0.0002 0.0003 0.0000 0.0003 0.0003 0.0017 0.0001 0.0005 0.0002 0.0001 0.0001 0.0000 0.0001 0.0003 0.0000 0.0000 0.0000 0.0225 0.0464 0.1263 0.1309 0.0429 0.0608 0.0507 0.0549 0.0150 0.0027 0.0396 0.0001 0.0028 0.0015 0.0016 0.0001 0.0007 0.0101 0.0096 0.0038 0.0017 0.0085
0.0000 0.0000 0.0000 0.0000 0.0000 0.0000 0.0000 0.0000 0.0000 0.0000 0.0000 0.0000 0.0000 0.0000 0.0000 0.0000 0.0000 0.0000 0.0000 0.0000 0.0000 0.0000 0.0000 0.0000 0.0000 0.0000 0.0000 0.0000 0.0000 0.0000 0.0000 0.0000 0.0000 0.0000 0.0000 0.0000 0.0000 0.0000 0.0002 0.0000 0.0000 0.0000 0.0000 0.0000 0.0000 0.0000 0.0000 0.0000 0.0000 0.0004 0.0000 0.0016 0.0000 0.0000 0.0000 0.0000 0.0001 0.0000 0.0001 0.0000 0.0000 0.0000 0.0000 0.0000
0.0000 0.0000 0.0000 0.0000 0.0000 0.0000 0.0000 0.0000 0.0000 0.0000 0.0000 0.0231 0.0289 0.0000 0.0000 0.0000 0.0000 0.0000 0.0000 0.0004 0.0000 0.0000 0.0000 0.0008 0.0001 0.0004 0.0001 0.0001 0.0000 0.0001 0.0000 0.0001 0.0005 0.0000 0.0002 0.0004 0.0002 0.0000 0.0005 0.0000 0.0000 0.0000 0.0004 0.0000 0.0000 0.0000 0.0000 0.0031 0.0232 0.0570 0.0589 0.1103 0.1018 0.0512 0.0419 0.0503 0.0467 0.0680 0.0269 0.0000 0.0000 0.0000 0.0000 0.0000
0.0000 0.0000 0.0000 0.0000 0.0000 0.0000 0.0000 0.0000 0.0000 0.0000 0.0000 0.0000 0.0000 0.0000 0.0000 0.0000 0.0000 0.0000 0.0000 0.0000 0.0000 0.0000 0.0000 0.0001 0.0012 0.0003 0.0005 0.0000 0.0000 0.0000 0.0000 0.0000 0.0000 0.0000 0.0000 0.0000 0.0000 0.0000 0.0006 0.0000 0.0191 0.0000 0.0001 0.0171 0.0000 0.0000 0.0000 0.0015 0.0596 0.0041 0.0045 0.0535 0.0000 0.0000 0.0000 0.0000 0.0000 0.0000 0.0006 0.0058 0.0008 0.0005 0.0007 0.0012
0.0000 0.0000 0.0000 0.0000 0.0000 0.0000 0.0000 0.0000 0.0000 0.0000 0.0000 0.0001 0.0000 0.0613 0.0854 0.0689 0.0000 0.0724 0.0000 0.0000 0.1225 0.0000 0.1409 0.0007 0.0000 0.0196 0.0000 0.0000 0.0000 0.0000 0.0000 0.0001 0.0080 0.0015 0.0001 0.0000 0.0000 0.0001 0.0031 0.0032 0.0026 0.0016 0.0006 0.0008 0.0007 0.0019 0.0011 0.0003 0.0010 0.0000 0.0011 0.0000 0.0000 0.0000 0.0009 0.0019 0.0001 0.0009 0.0014 0.0014 0.0002 0.0000 0.0000 0.0001
0.0000 0.0000 0.0000 0.0000 0.0000 0.0000 0.0002 0.0000 0.0000 0.0000 0.0000 0.0001 0.0000 0.0000 0.0000 0.0000 0.0000 0.0000 0.0000 0.0000 0.0000 0.0000 0.0000 0.0000 0.0000 0.0000 0.0000 0.0000 0.0000 0.0000 0.0000 0.0000 0.0000 0.0000 0.0000 0.0000 0.0000 0.0000 0.0000 0.0000 0.0000 0.0000 0.0000 0.0000 0.0001 0.0004 0.0000 0.0000 0.0000 0.0000 0.0000 0.0000 0.0000 0.0000 0.0000 0.0000 0.0000 0.0000 0.0000 0.0000 0.0000 0.0000 0.0000 0.0000
0.0000 0.0000 0.0000 0.0000 0.0000 0.0000 0.0000 0.0003 0.0001 0.0001 0.0000 0.0000 0.0000 0.0000 0.0000 0.0000 0.0000 0.0000 0.0000 0.0000 0.0000 0.0004 0.0000 0.0000 0.0000 0.0001 0.0001 0.0001 0.0007 0.0000 0.0000 0.0000 0.0000 0.0000 0.0000 0.0000 0.0001 0.0000 0.0003 0.0002 0.0000 0.0000 0.0000 0.0004 0.0000 0.0000 0.0000 0.0002 0.0000 0.0002 0.0000 0.0000 0.0000 0.0000 0.0006 0.0000 0.0000 0.0000 0.0000 0.0000 0.0000 0.0000 0.0000 0.0000
0.0000 0.0000 0.0000 0.0000 0.0000 0.0000 0.0000 0.0000 0.0000 0.0000 0.0000 0.0000 0.0000 0.0000 0.0000 0.0000 0.0000 0.0000 0.0000 0.0000 0.0000 0.0000 0.0001 0.0002 0.0000 0.0000 0.0000 0.0000 0.0000 0.0000 0.0000 0.0000 0.0000 0.0000 0.0000 0.0000 0.0000 0.0000 0.0000 0.0000 0.0004 0.0000 0.0000 0.0000 0.0000 0.0000 0.0000 0.0000 0.0000 0.0000 0.0000 0.0000 0.0000 0.0000 0.0000 0.0000 0.0000 0.0001 0.0000 0.0000 0.0000 0.0000 0.0000 0.0000
0.0000 0.0000 0.0000 0.0000 0.0000 0.0000 0.0000 0.0483 0.0151 0.0000 0.0000 0.0000 0.0000 0.0000 0.0000 0.0000 0.0000 0.0000 0.0000 0.0000 0.0002 0.0002 0.0000 0.0003 0.0033 0.0001 0.0001 0.0000 0.0000 0.0012 0.0020 0.0012 0.0075 0.0400 0.0024 0.0000 0.0000 0.0000 0.0000 0.0460 0.0054 0.0432 0.0010 0.0002 0.0000 0.0000 0.0000 0.0007 0.0000 0.0059 0.0012 0.0003 0.0001 0.0000 0.0003 0.0016 0.0006 0.0001 0.0007 0.1083 0.0002 0.0000 0.0000 0.0000
0.0007 0.0003 0.0002 0.0003 0.0002 0.0002 0.0003 0.0003 0.0001 0.0005 0.0001 0.0001 0.0011 0.0005 0.0991 0.0604 0.0855 0.0490 0.1419 0.1934 0.0697 0.0000 0.0515 0.0000 0.0618 0.0503 0.0000 0.0000 0.0009 0.0002 0.0016 0.0001 0.0000 0.0802 0.0000 0.0000 0.0000 0.0012 0.0006 0.0000 0.0000 0.0000 0.0003 0.0002 0.0000 0.0002 0.0022 0.0046 0.0024 0.0019 0.0045 0.0039 0.0016 0.0029 0.0038 0.0031 0.0023 0.0022 0.0031 0.0031 0.0020 0.0019 0.0011 0.0023
0.0000 0.0000 0.0000 0.0000 0.0000 0.0000 0.0000 0.0000 0.0000 0.0005 0.0001 0.0001 0.0000 0.0001 0.0000 0.0000 0.0004 0.0001 0.0001 0.0001 0.0003 0.0000 0.0123 0.0013 0.0185 0.0028 0.0438 0.0000 0.0943 0.1394 0.0929 0.1065 0.1081 0.0000 0.2915 0.3072 0.2677 0.2738 0.2268 0.1768 0.0961 0.0993 0.0941 0.1684 0.1662 0.1559 0.2065 0.0784 0.1598 0.1274 0.1554 0.1765 0.1084 0.1526 0.1630 0.2294 0.1584 0.1369 0.1509 0.1541 0.1563 0.2080 0.1457 0.1511
0.0041 0.0031 0.0016 0.0014 0.0011 0.0011 0.0046 0.0004 0.0004 0.0003 0.0000 0.0000 0.0000 0.0002 0.0000 0.0679 0.0001 0.0000 0.0000 0.0001 0.0004 0.0000 0.0000 0.0000 0.0000 0.0000 0.0000 0.0000 0.0000 0.0000 0.0000 0.0000 0.0000 0.0000 0.0000 0.0001 0.0000 0.0009 0.0008 0.0000 0.0000 0.0000 0.0000 0.0000 0.0000 0.0001 0.0003 0.0005 0.0000 0.0000 0.0000 0.0852 0.0660 0.0000 0.0716 0.0518 0.0000 0.0000 0.0000 0.0000 0.0000 0.0000 0.0000 0.0000
0.0000 0.0000 0.0000 0.0000 0.0000 0.0000 0.0000 0.0000 0.0000 0.0000 0.0000 0.0000 0.0000 0.0000 0.0000 0.0000 0.0000 0.0000 0.0000 0.0000 0.0000 0.0000 0.0000 0.0000 0.0000 0.0000 0.0000 0.0001 0.0001 0.0000 0.0000 0.0000 0.0005 0.0001 0.0003 0.0003 0.0002 0.0003 0.0002 0.0001 0.0002 0.0001 0.0001 0.0002 0.0002 0.0003 0.0005 0.0003 0.0012 0.0037 0.0000 0.0482 0.0505 0.0536 0.0000 0.0000 0.0000 0.0000 0.0000 0.0000 0.0000 0.0000 0.0000 0.0000
0.2872 0.1023 0.1817 0.0005 0.0001 0.0000 0.0000 0.0000 0.0000 0.0000 0.0000 0.0000 0.0000 0.0000 0.0000 0.0000 0.0000 0.0218 0.0000 0.0000 0.0000 0.0000 0.0000 0.0001 0.0000 0.0000 0.0001 0.0001 0.1107 0.0059 0.0721 0.0113 0.1666 0.0001 0.1781 0.1160 0.0645 0.0382 0.0001 0.0003 0.0001 0.0547 0.0003 0.0004 0.0000 0.0000 0.0000 0.0055 0.0002 0.0001 0.0001 0.0002 0.0000 0.0000 0.0000 0.0010 0.0312 0.0000 0.1113 0.1455 0.2482 0.1964 0.1832 0.0021
0.0000 0.0000 0.0000 0.0000 0.0000 0.0000 0.0000 0.0000 0.0000 0.0000 0.0000 0.0000 0.0000 0.0000 0.0000 0.1092 0.0000 0.0000 0.0000 0.0000 0.0255 0.0001 0.1636 0.0079 0.0000 0.0000 0.0000 0.0001 0.0000 0.0003 0.0000 0.0000 0.0000 0.0000 0.0000 0.0001 0.0001 0.0004 0.0025 0.0014 0.0013 0.0022 0.0008 0.0017 0.0009 0.0017 0.0040 0.0080 0.0059 0.0019 0.0053 0.0021 0.0005 0.0000 0.0000 0.0000 0.0000 0.0000 0.0000 0.0022 0.0006 0.0000 0.0000 0.0000
0.0002 0.0003 0.0000 0.0003 0.0001 0.0000 0.0000 0.0000 0.0001 0.0002 0.0001 0.0001 0.0002 0.0001 0.0006 0.0002 0.0000 0.0001 0.0002 0.0004 0.0001 0.0001 0.0003 0.0003 0.0003 0.0001 0.0000 0.0001 0.0004 0.0002 0.0006 0.0000 0.0000 0.0000 0.0002 0.0000 0.0000 0.0000 0.0000 0.0036 0.0001 0.0001 0.0020 0.0000 0.0031 0.0000 0.0000 0.0000 0.0000 0.0000 0.0004 0.0009 0.0000 0.0000 0.0010 0.0005 0.0004 0.0022 0.0001 0.0000 0.0000 0.0000 0.0000 0.0015
0.0000 0.0000 0.0000 0.0000 0.0000 0.0000 0.0000 0.0000 0.0000 0.0000 0.0000 0.0000 0.0000 0.0000 0.0000 0.0000 0.0000 0.0000 0.0000 0.0000 0.0000 0.0000 0.0000 0.0000 0.0000 0.0000 0.0000 0.0000 0.0000 0.0000 0.0000 0.0000 0.0000 0.0000 0.0000 0.0000 0.0000 0.0000 0.0000 0.0000 0.0000 0.0000 0.0000 0.0000 0.0000 0.0000 0.0000 0.0000 0.0000 0.0000 0.0000 0.0000 0.0000 0.0000 0.0000 0.0000 0.0000 0.0000 0.0000 0.0000 0.0000 0.0000 0.0000 0.0000
0.0000 0.0000 0.0000 0.0000 0.0000 0.0000 0.0000 0.0000 0.0000 0.0626 0.0592 0.0000 0.0000 0.0305 0.0000 0.0000 0.0000 0.0000 0.0000 0.0000 0.0000 0.0000 0.0000 0.0503 0.0000 0.0000 0.0000 0.0000 0.0000 0.0000 0.0000 0.0000 0.0000 0.0000 0.0000 0.0000 0.0000 0.0000 0.0000 0.0000 0.0000 0.0000 0.0000 0.0000 0.0000 0.0000 0.0000 0.0000 0.0000 0.0000 0.0000 0.0000 0.0000 0.0360 0.0000 0.0000 0.0000 0.0000 0.0000 0.0000 0.0000 0.0000 0.0000 0.0000
0.0000 0.0000 0.0000 0.0000 0.0000 0.0000 0.0000 0.0000 0.0000 0.0000 0.0000 0.0000 0.0000 0.0000 0.0000 0.0000 0.0000 0.0000 0.0000 0.0000 0.0000 0.0000 0.0000 0.0000 0.0000 0.0000 0.0000 0.0000 0.0000 0.0000 0.0000 0.0000 0.0000 0.0000 0.0000 0.0000 0.0000 0.0000 0.0000 0.0000 0.0000 0.0000 0.0000 0.0000 0.0000 0.0000 0.0000 0.0000 0.0000 0.0000 0.0000 0.0000 0.0000 0.0000 0.0000 0.0000 0.0000 0.0000 0.0000 0.0000 0.0000 0.0000 0.0000 0.0000
0.0004 0.0007 0.0006 0.0323 0.0471 0.0639 0.0023 0.0778 0.0001 0.0000 0.0000 0.0000 0.0000 0.0000 0.0000 0.0000 0.0000 0.0000 0.0000 0.0000 0.0000 0.0000 0.0000 0.0364 0.0001 0.0000 0.0000 0.0000 0.0000 0.0039 0.0186 0.0002 0.0579 0.0006 0.0002 0.0873 0.0989 0.1168 0.0687 0.0002 0.0007 0.0011 0.0000 0.0000 0.0000 0.0002 0.0000 0.0000 0.0000 0.0219 0.0010 0.0001 0.0014 0.0001 0.0002 0.0000 0.0000 0.0000 0.0002 0.0007 0.0000 0.0003 0.0017 0.0008
0.0381 0.0477 0.0242 0.0914 0.0001 0.0661 0.0000 0.0270 0.0000 0.0000 0.0000 0.0000 0.0000 0.0000 0.0000 0.0000 0.0000 0.0000 0.0000 0.0305 0.1809 0.0268 0.1215 0.0000 0.0844 0.1085 0.0001 0.0003 0.0008 0.0011 0.0024 0.0015 0.0032 0.0006 0.0014 0.0147 0.0025 0.0045 0.0038 0.0050 0.0029 0.0036 0.0010 0.0033 0.0020 0.0021 0.0026 0.0043 0.0034 0.0016 0.0043 0.0056 0.0024 0.0026 0.0046 0.0083 0.0032 0.0025 0.0026 0.0032 0.0036 0.0049 0.0007 0.0000
0.0000 0.0000 0.0000 0.0000 0.0000 0.0000 0.0000 0.0000 0.0000 0.0000 0.0000 0.0000 0.0000 0.0000 0.0000 0.0000 0.0000 0.0000 0.0000 0.0000 0.0000 0.0000 0.0000 0.0000 0.0002 0.0002 0.0002 0.0000 0.0000 0.0000 0.0000 0.0000 0.0000 0.0000 0.0000 0.0000 0.0000 0.0000 0.0000 0.0000 0.0000 0.0000 0.0000 0.0001 0.0000 0.0000 0.0000 0.0000 0.0000 0.0000 0.0000 0.0000 0.0000 0.0000 0.0000 0.0000 0.0002 0.0001 0.0000 0.0000 0.0000 0.0000 0.0000 0.0000
0.0000 0.0000 0.0000 0.0000 0.0000 0.0000 0.0000 0.0395 0.0000 0.0000 0.0001 0.0003 0.0002 0.0027 0.0025 0.0184 0.0009 0.0021 0.0026 0.0001 0.0004 0.0001 0.0001 0.0000 0.0000 0.0001 0.0002 0.0003 0.0002 0.0007 0.0007 0.0005 0.0000 0.0013 0.0015 0.0000 0.0000 0.0000 0.0004 0.0008 0.0002 0.0008 0.0006 0.0005 0.0002 0.0004 0.0009 0.0002 0.0000 0.0995 0.0865 0.0976 0.0523 0.0985 0.0000 0.1135 0.1023 0.1848 0.0884 0.1205 0.1059 0.1020 0.1333 0.0702
0.0000 0.0000 0.0000 0.0000 0.0000 0.0000 0.0000 0.0000 0.0000 0.0000 0.0000 0.0000 0.0000 0.0000 0.0000 0.0000 0.0000 0.0000 0.0000 0.0000 0.0000 0.0000 0.0000 0.0000 0.0001 0.0000 0.0000 0.0000 0.0000 0.0001 0.0000 0.0000 0.0000 0.0000 0.0001 0.0000 0.0000 0.0000 0.0007 0.0002 0.0001 0.0001 0.0004 0.0002 0.0005 0.0000 0.0000 0.0000 0.0000 0.0000 0.0001 0.0000 0.0000 0.0000 0.0000 0.0000 0.0000 0.0000 0.0000 0.0000 0.0000 0.0000 0.0000 0.0000
0.0274 0.0412 0.0000 0.0001 0.0258 0.0137 0.0216 0.0035 0.0349 0.0358 0.0277 0.0192 0.0312 0.0299 0.0475 0.0625 0.0351 0.0234 0.0263 0.0396 0.0273 0.0319 0.0466 0.0409 0.0587 0.0168 0.0059 0.0018 0.0000 0.0000 0.0001 0.0000 0.0000 0.0000 0.0001 0.0000 0.0000 0.0000 0.0000 0.0000 0.0000 0.0000 0.0000 0.0000 0.0000 0.0000 0.0000 0.0000 0.0000 0.0000 0.0000 0.0000 0.0000 0.0000 0.0000 0.0000 0.0000 0.0000 0.0000 0.0000 0.0000 0.0000 0.0000 0.0025
0.0000 0.0007 0.0008 0.0288 0.0000 0.0000 0.0000 0.0000 0.0000 0.0000 0.0000 0.0000 0.0000 0.0000 0.0000 0.0000 0.0001 0.0000 0.0000 0.0451 0.0000 0.0000 0.0544 0.0003 0.0003 0.0004 0.0001 0.0001 0.0001 0.0008 0.0005 0.0003 0.0001 0.0000 0.0002 0.0000 0.0000 0.0000 0.0001 0.0000 0.0000 0.0000 0.0000 0.0000 0.0000 0.0000 0.0000 0.0000 0.0000 0.0000 0.0000 0.0000 0.0001 0.0000 0.0000 0.0000 0.0000 0.0000 0.0000 0.0000 0.0000 0.0000 0.0000 0.0000
0.0000 0.0000 0.0000 0.0000 0.0000 0.0000 0.0000 0.0000 0.0000 0.0000 0.0000 0.0000 0.0000 0.0000 0.0000 0.0001 0.0000 0.0000 0.0000 0.0000 0.0000 0.0000 0.0000 0.0000 0.0000 0.0000 0.0000 0.0000 0.0000 0.0000 0.0000 0.0000 0.0000 0.0000 0.0000 0.0000 0.0000 0.0000 0.0000 0.0000 0.0000 0.0000 0.0000 0.0000 0.0000 0.0000 0.0000 0.0000 0.0000 0.0000 0.0000 0.0000 0.0000 0.0000 0.0000 0.0000 0.0000 0.0000 0.0000 0.0000 0.0000 0.0000 0.0000 0.0000
0.0000 0.0000 0.0000 0.0000 0.0000 0.0000 0.0000 0.0000 0.0309 0.0338 0.0000 0.0000 0.0000 0.0000 0.0000 0.0000 0.0000 0.0000 0.0000 0.0000 0.0000 0.0006 0.0009 0.0008 0.0700 0.0014 0.0044 0.0012 0.0002 0.0024 0.0002 0.0010 0.0018 0.0008 0.0022 0.0017 0.0020 0.0022 0.0036 0.0058 0.0031 0.0009 0.0001 0.0001 0.0002 0.0008 0.0027 0.0037 0.0010 0.0011 0.0073 0.0080 0.0005 0.0000 0.0000 0.0009 0.0708 0.0343 0.0313 0.0000 0.0000 0.0103 0.0000 0.0000
0.0000 0.0000 0.0000 0.0000 0.0000 0.0000 0.0000 0.0000 0.0000 0.0000 0.0000 0.0000 0.0000 0.0000 0.0000 0.0000 0.0000 0.0000 0.0000 0.0000 0.0000 0.0000 0.0000 0.0000 0.0000 0.0000 0.0000 0.0000 0.0000 0.0000 0.0000 0.0000 0.0000 0.0000 0.0000 0.0000 0.0000 0.0000 0.0000 0.0000 0.0000 0.0000 0.0000 0.0000 0.0000 0.0000 0.0000 0.0002 0.0001 0.0002 0.0000 0.0001 0.0007 0.0001 0.0000 0.0000 0.0000 0.0001 0.0000 0.0000 0.0000 0.0000 0.0000 0.0000
