0.0707 0.0484 0.1169 0.2781 0.0274 0.2020 0.0531 0.0285 0.2649 0.3609 0.5338 0.4042 0.3449 0.2035 0.3773 0.3798 0.1101 0.4094 0.1896 0.1659 0.1389 0.2020 0.1818 0.0858 0.0790 0.1124 0.2400 0.0705 0.1903 0.1957 0.0781 0.0832 0.0000 0.0000 0.0000 0.0000 0.0000 0.0000 0.0000 0.0000 0.0000 0.0003 0.0003 0.0003 0.0004 0.0000 0.0000 0.0001 0.0043 0.0007 0.0020 0.0025 0.0000 0.0000 0.0011 0.0008 0.0005 0.0004 0.0004 0.0002 0.0003 0.0014 0.0005 0.0002
0.0000 0.0000 0.0000 0.0000 0.0000 0.0000 0.0000 0.0000 0.2054 0.2109 0.1246 0.1109 0.0000 0.0000 0.0000 0.0010 0.0000 0.0000 0.0000 0.0000 0.0041 0.0000 0.0000 0.0132 0.0001 0.0011 0.0000 0.0000 0.0000 0.0000 0.0000 0.0000 0.0000 0.0000 0.0000 0.0000 0.0000 0.0000 0.0000 0.0000 0.0000 0.0000 0.0000 0.0000 0.0000 0.0000 0.0000 0.0000 0.0000 0.0000 0.0000 0.0000 0.0000 0.0000 0.0000 0.0000 0.0000 0.0000 0.0000 0.0000 0.0000 0.0000 0.0000 0.0000
0.0000 0.0000 0.0000 0.0000 0.0000 0.0000 0.0000 0.0000 0.0000 0.0000 0.0000 0.0000 0.0000 0.0054 0.0000 0.0000 0.0000 0.0000 0.0000 0.0000 0.0000 0.0000 0.0000 0.0000 0.0000 0.0000 0.0000 0.0000 0.0000 0.0000 0.0000 0.0000 0.0403 0.0000 0.0000 0.0000 0.0000 0.0000 0.0000 0.0000 0.0000 0.0000 0.0000 0.0000 0.0000 0.0000 0.0000 0.0000 0.0000 0.0000 0.0000 0.0000 0.0000 0.0000 0.0002 0.0001 0.0001 0.0000 0.0000 0.0000 0.0000 0.0000 0.0000 0.0000
0.0000 0.0000 0.0000 0.0000 0.0000 0.0000 0.0000 0.0000 0.0000 0.0000 0.0000 0.0000 0.0000 0.0000 0.0000 0.0000 0.0000 0.0000 0.0000 0.0000 0.0000 0.0000 0.0000 0.0000 0.0000 0.0000 0.0000 0.0000 0.0000 0.0000 0.0000 0.0003 0.0008 0.0010 0.0004 0.0000 0.0000 0.0022 0.0000 0.0000 0.0000 0.0000 0.0000 0.0000 0.0000 0.0000 0.0000 0.0000 0.0000 0.0000 0.0000 0.0000 0.0000 0.0000 0.0000 0.0000 0.0000 0.0000 0.0000 0.0000 0.0000 0.0000 0.0000 0.0000
0.0000 0.0000 0.0000 0.0000 0.0000 0.0000 0.0000 0.0000 0.0000 0.0000 0.0000 0.0001 0.0000 0.0000 0.0000 0.0000 0.0000 0.0000 0.2414 0.0000 0.0000 0.0000 0.0001 0.0000 0.0000 0.0000 0.0000 0.0000 0.0000 0.0021 0.0058 0.0000 0.0033 0.0001 0.0000 0.0001 0.0000 0.0000 0.0001 0.0000 0.0001 0.0012 0.0001 0.0000 0.0000 0.0000 0.0000 0.0000 0.0000 0.0000 0.0207 0.0516 0.0598 0.0148 0.0010 0.0005 0.0757 0.0329 0.0076 0.0334 0.0498 0.0429 0.0001 0.0000
0.0000 0.0000 0.0000 0.0000 0.0000 0.0000 0.0000 0.0000 0.0000 0.0000 0.0000 0.0000 0.0000 0.0000 0.0000 0.0000 0.0000 0.0000 0.0000 0.0000 0.0000 0.0000 0.0000 0.0000 0.0000 0.0000 0.0000 0.0000 0.0000 0.0000 0.0000 0.0000 0.0000 0.0000 0.0000 0.0000 0.0000 0.0000 0.0000 0.0000 0.0915 0.1168 0.2107 0.2589 0.4416 0.2829 0.2625 0.2537 0.3964 0.4129 0.2816 0.2155 0.1606 0.2344 0.2340 0.2100 0.2399 0.2261 0.2429 0.2883 0.2835 0.4086 0.1699 0.3149
0.0218 0.0131 0.0169 0.0001 0.0000 0.0000 0.0000 0.0000 0.0000 0.0000 0.0000 0.0000 0.0000 0.0000 0.0000 0.1302 0.0000 0.0000 0.0034 0.0046 0.0067 0.0000 0.0000 0.0000 0.0000 0.0000 0.0000 0.0000 0.0000 0.0000 0.0000 0.1346 0.2959 0.1903 0.1247 0.0000 0.0000 0.0000 0.0000 0.0000 0.0000 0.0000 0.0000 0.0000 0.0000 0.0002 0.0002 0.1527 0.0577 0.0104 0.0000 0.0000 0.0010 0.0004 0.0032 0.0036 0.0047 0.0064 0.0063 0.0000 0.0000 0.0000 0.0000 0.0000
0.0000 0.0000 0.0000 0.0000 0.0000 0.0000 0.0000 0.0000 0.0000 0.0000 0.0000 0.0000 0.0002 0.0000 0.0000 0.0000 0.0000 0.0000 0.0000 0.0000 0.0000 0.0000 0.0010 0.0008 0.0002 0.0001 0.0049 0.0099 0.0019 0.0019 0.0058 0.0015 0.0002 0.0000 0.0000 0.0000 0.0000 0.0000 0.0000 0.0000 0.0000 0.0000 0.0000 0.0000 0.0000 0.0000 0.0000 0.0000 0.0010 0.0005 0.0008 0.0013 0.0026 0.0014 0.0035 0.0052 0.0026 0.0000 0.0000 0.0000 0.0000 0.0006 0.0005 0.0000
0.0306 0.0000 0.0228 0.0000 0.0000 0.0001 0.0001 0.0003 0.0000 0.0000 0.0000 0.0000 0.0000 0.0000 0.0002 0.0004 0.0000 0.0488 0.0735 0.0422 0.0433 0.0862 0.1604 0.0000 0.0733 0.0000 0.0264 0.0436 0.0131 0.0109 0.0278 0.0181 0.0133 0.0580 0.0998 0.2232 0.0001 0.0000 0.0000 0.0000 0.0000 0.1241 0.0000 0.0000 0.0000 0.0000 0.0000 0.0000 0.0000 0.0005 0.0000 0.0003 0.0002 0.0000 0.0000 0.0000 0.0000 0.0000 0.0000 0.0000 0.0000 0.0014 0.0003 0.0000
0.0000 0.0000 0.0000 0.0000 0.0108 0.0125 0.0211 0.0216 0.0880 0.0979 0.0689 0.0570 0.0567 0.0450 0.0000 0.0284 0.0024 0.0000 0.0000 0.0000 0.0043 0.0000 0.0000 0.0105 0.0000 0.0001 0.0037 0.0322 0.0090 0.0170 0.0227 0.0082 0.0113 0.0088 0.0119 0.0076 0.0122 0.0412 0.0000 0.0061 0.0009 0.0000 0.0001 0.0000 0.0000 0.0000 0.0000 0.0000 0.0000 0.0000 0.0000 0.0000 0.0000 0.0000 0.0000 0.0000 0.0000 0.0000 0.0000 0.0000 0.0000 0.0000 0.0000 0.0000
0.0025 0.0042 0.0009 0.0000 0.0000 0.0003 0.0000 0.0000 0.0000 0.0000 0.0000 0.0000 0.0000 0.0000 0.0000 0.0000 0.0001 0.0009 0.0004 0.0004 0.0000 0.0000 0.0000 0.0001 0.0006 0.0025 0.0002 0.0007 0.0007 0.0000 0.0000 0.0000 0.0000 0.0000 0.0000 0.0000 0.0000 0.0000 0.0000 0.0000 0.0000 0.0000 0.0000 0.0000 0.0000 0.0000 0.0000 0.0000 0.0004 0.0004 0.0009 0.0006 0.0004 0.0002 0.0003 0.0004 0.0002 0.0001 0.0001 0.0001 0.0000 0.0000 0.0000 0.0000
0.0000 0.0000 0.0000 0.0000 0.0000 0.0000 0.0000 0.0144 0.0193 0.0038 0.0058 0.0087 0.0031 0.0000 0.0000 0.0000 0.0000 0.0001 0.0000 0.0000 0.0000 0.0301 0.0000 0.0000 0.0057 0.0055 0.0027 0.0064 0.0001 0.0004 0.0003 0.0014 0.0030 0.0018 0.0000 0.0000 0.0000 0.0000 0.0182 0.0500 0.0900 0.0265 0.0048 0.0071 0.0023 0.0725 0.0555 0.0722 0.0049 0.0622 0.0935 0.0744 0.1028 0.1190 0.1634 0.1553 0.1014 0.1256 0.0865 0.0480 0.0739 0.0211 0.0000 0.0000
0.0000 0.0000 0.0000 0.0000 0.0000 0.0000 0.0003 0.0000 0.0000 0.0000 0.0000 0.0000 0.0010 0.0000 0.0694 0.0000 0.0539 0.0000 0.0000 0.1665 0.0000 0.0000 0.0001 0.0000 0.0000 0.0000 0.0000 0.0000 0.0000 0.0000 0.0000 0.0000 0.0000 0.0000 0.0000 0.0000 0.0000 0.0000 0.0000 0.0000 0.0000 0.0000 0.0000 0.0000 0.0000 0.0000 0.0000 0.0000 0.0000 0.0000 0.0000 0.0000 0.0000 0.0000 0.0000 0.0000 0.0000 0.0000 0.0000 0.0000 0.0000 0.0000 0.0000 0.0000
0.0000 0.0000 0.0000 0.0000 0.0000 0.0000 0.0000 0.0000 0.0000 0.0000 0.0000 0.0000 0.0000 0.0000 0.0000 0.0000 0.0000 0.0000 0.0000 0.0000 0.0000 0.0000 0.0000 0.0000 0.0003 0.0000 0.0000 0.0000 0.0000 0.0000 0.0000 0.0001 0.0001 0.0000 0.0069 0.0073 0.0140 0.0157 0.0290 0.0237 0.0115 0.0375 0.0084 0.0086 0.0061 0.0029 0.0031 0.0015 0.0017 0.0005 0.0006 0.0001 0.0007 0.0002 0.0000 0.0000 0.0008 0.0009 0.0039 0.0000 0.0000 0.0001 0.0005 0.0010
0.0000 0.0152 0.0032 0.0027 0.0094 0.0000 0.0111 0.0080 0.0000 0.0016 0.0103 0.0246 0.0343 0.0000 0.0000 0.0000 0.0000 0.0000 0.0000 0.0013 0.0000 0.1434 0.0011 0.0000 0.0000 0.0008 0.0000 0.0000 0.0659 0.0050 0.0101 0.0001 0.0018 0.0000 0.0005 0.0002 0.0050 0.0010 0.0026 0.0029 0.0000 0.0000 0.0000 0.0012 0.0007 0.0000 0.2040 0.0000 0.0017 0.0011 0.0008 0.0018 0.0034 0.0015 0.0000 0.0000 0.0000 0.0000 0.0000 0.0000 0.0023 0.0004 0.0002 0.0003
0.0008 0.0011 0.0043 0.0055 0.0076 0.0120 0.0664 0.0185 0.0213 0.0380 0.0215 0.0000 0.0000 0.0000 0.0000 0.0000 0.0000 0.0000 0.0000 0.0000 0.0896 0.0000 0.0647 0.0000 0.0013 0.0040 0.0050 0.0000 0.0000 0.0002 0.0001 0.1337 0.0388 0.1253 0.0081 0.0020 0.0099 0.0020 0.0011 0.0000 0.0000 0.0000 0.0000 0.0000 0.0000 0.0000 0.0000 0.0000 0.0000 0.0169 0.0000 0.0000 0.0000 0.0000 0.0000 0.0000 0.0000 0.0000 0.0000 0.0000 0.0000 0.0000 0.0000 0.0000
0.2348 0.1065 0.0368 0.0086 0.0219 0.0136 0.0087 0.0034 0.0138 0.0041 0.0026 0.0012 0.0027 0.0033 0.0074 0.0036 0.0019 0.0026 0.0019 0.0018 0.0035 0.0033 0.0002 0.0011 0.0043 0.0001 0.0000 0.0000 0.0000 0.0000 0.0000 0.0000 0.0000 0.0000 0.0000 0.0000 0.0000 0.0000 0.0000 0.0001 0.0000 0.0004 0.0004 0.0009 0.0000 0.0000 0.0001 0.0068 0.0049 0.0028 0.0041 0.0012 0.0001 0.0000 0.0015 0.0017 0.0006 0.0014 0.0006 0.0007 0.0007 0.0026 0.0014 0.0005
0.0000 0.0000 0.0000 0.0000 0.3046 0.1363 0.0000 0.0000 0.0000 0.0000 0.0000 0.0000 0.0000 0.0000 0.0000 0.0000 0.4169 0.1000 0.0000 0.0000 0.0000 0.0000 0.0000 0.0000 0.0000 0.0000 0.0000 0.0000 0.0000 0.0009 0.0001 0.0003 0.0000 0.0000 0.0000 0.0000 0.0000 0.2280 0.0001 0.0000 0.0000 0.0020 0.0000 0.0000 0.0000 0.0000 0.0001 0.0538 0.0191 0.0609 0.2157 0.2029 0.3648 0.1558 0.0993 0.1282 0.1242 0.0992 0.0805 0.0796 0.0660 0.3450 0.6455 0.4780
0.0000 0.0000 0.0000 0.0000 0.0000 0.0000 0.0000 0.0000 0.0000 0.0000 0.0000 0.0000 0.0000 0.0000 0.0000 0.0000 0.0000 0.0000 0.0000 0.0000 0.0000 0.0014 0.0000 0.0000 0.0000 0.0000 0.0000 0.0000 0.0000 0.0000 0.0000 0.0000 0.0000 0.0000 0.0000 0.0000 0.0001 0.0000 0.0000 0.0000 0.0000 0.0048 0.0036 0.0609 0.0491 0.2405 0.1352 0.1259 0.2348 0.1323 0.0767 0.0031 0.0007 0.0003 0.0014 0.0000 0.0000 0.0002 0.0000 0.0000 0.0000 0.0000 0.0000 0.0003
0.0011 0.0110 0.0021 0.0013 0.0009 0.0026 0.0059 0.0077 0.0028 0.0000 0.0000 0.0000 0.0001 0.1772 0.1405 0.0000 0.0000 0.0000 0.0000 0.0000 0.0000 0.0000 0.0000 0.0000 0.0024 0.0000 0.0000 0.0000 0.0123 0.1348 0.0000 0.0000 0.0005 0.0008 0.0000 0.0000 0.0000 0.0000 0.0000 0.0000 0.0000 0.0000 0.0000 0.0000 0.0000 0.0005 0.0000 0.0000 0.0000 0.0000 0.0000 0.0000 0.0016 0.1006 0.0002 0.0000 0.0000 0.0000 0.0000 0.0000 0.0000 0.0000 0.0000 0.0000
0.0001 0.0002 0.0001 0.0000 0.0000 0.0000 0.0046 0.0022 0.0019 0.0021 0.0016 0.0016 0.0005 0.0003 0.0003 0.0003 0.0004 0.0003 0.0005 0.0000 0.2260 0.1273 0.3230 0.3049 0.0311 0.0114 0.0017 0.0014 0.0002 0.0001 0.0009 0.0004 0.0002 0.0007 0.0031 0.0064 0.0018 0.0000 0.0001 0.0013 0.0000 0.0000 0.0000 0.0000 0.0000 0.0000 0.0000 0.0000 0.0000 0.0000 0.0000 0.0000 0.0000 0.0003 0.0000 0.0000 0.0000 0.0000 0.0000 0.0000 0.0000 0.0000 0.0000 0.0000
0.0000 0.0000 0.0000 0.0000 0.0000 0.0000 0.0000 0.0000 0.0000 0.0000 0.0000 0.0000 0.0000 0.0000 0.0000 0.0000 0.0000 0.0000 0.0000 0.0000 0.0000 0.0000 0.0008 0.0006 0.0000 0.0000 0.0000 0.0000 0.0000 0.0000 0.0000 0.0000 0.0000 0.0000 0.0000 0.0000 0.0000 0.0000 0.0000 0.0000 0.0000 0.0002 0.0000 0.0000 0.0000 0.0000 0.0000 0.0000 0.0001 0.0001 0.0008 0.0013 0.0017 0.0017 0.0034 0.0033 0.0006 0.0007 0.0011 0.0006 0.0001 0.0006 0.0001 0.0000
0.0000 0.0000 0.0000 0.0000 0.0000 0.0000 0.0000 0.0000 0.0000 0.0000 0.0000 0.0000 0.0000 0.0000 0.0000 0.0000 0.0000 0.0000 0.0000 0.0000 0.0000 0.0000 0.0000 0.0000 0.0000 0.0000 0.0000 0.0000 0.0000 0.0000 0.0000 0.0000 0.0000 0.0000 0.0000 0.0000 0.0000 0.0000 0.0000 0.0000 0.0000 0.0000 0.0000 0.0000 0.0000 0.0000 0.0001 0.0000 0.0001 0.0001 0.0000 0.0000 0.0000 0.0000 0.0000 0.0000 0.0000 0.0000 0.0000 0.2275 0.0000 0.0000 0.0001 0.0000
0.0045 0.0032 0.0000 0.0000 0.0000 0.0001 0.0000 0.0000 0.0000 0.0000 0.0000 0.0000 0.0000 0.0000 0.0000 0.0012 0.0002 0.0012 0.0003 0.0011 0.0000 0.0000 0.0000 0.0000 0.0007 0.0000 0.0000 0.0000 0.0000 0.0000 0.0000 0.0001 0.0002 0.0008 0.0008 0.0005 0.0011 0.0005 0.0000 0.0000 0.0000 0.0000 0.0001 0.0004 0.0005 0.0004 0.0003 0.0006 0.0000 0.0000 0.0000 0.0000 0.0000 0.0000 0.0000 0.0004 0.0006 0.0003 0.0000 0.0000 0.0000 0.0000 0.0000 0.0000
0.0002 0.0003 0.0001 0.0000 0.0001 0.0001 0.0001 0.0000 0.0001 0.0000 0.0001 0.0001 0.0000 0.0000 0.0000 0.0001 0.0000 0.0000 0.0001 0.0000 0.0001 0.0002 0.0002 0.0002 0.0002 0.0002 0.0001 0.0001 0.0002 0.0002 0.0008 0.0006 0.0006 0.0003 0.0000 0.0000 0.0000 0.0000 0.0000 0.0008 0.0003 0.0008 0.0001 0.0125 0.0000 0.0000 0.0000 0.0002 0.0000 0.0000 0.0000 0.0000 0.0102 0.0009 0.0515 0.0077 0.0009 0.0000 0.0000 0.0000 0.0000 0.0001 0.0004 0.0002
0.0016 0.0049 0.0017 0.0008 0.0004 0.0005 0.0004 0.0009 0.0020 0.0008 0.0016 0.0016 0.0006 0.0031 0.0048 0.0041 0.0009 0.0009 0.0009 0.0002 0.0003 0.0006 0.0007 0.0005 0.0004 0.0005 0.0003 0.0006 0.0006 0.0007 0.0007 0.0003 0.0002 0.0000 0.0000 0.0000 0.0000 0.0000 0.0000 0.0000 0.0000 0.0000 0.0000 0.0000 0.0001 0.0001 0.0001 0.0000 0.0000 0.0002 0.0000 0.0000 0.0001 0.0001 0.0000 0.0002 0.0003 0.0017 0.0027 0.0001 0.0001 0.0000 0.0003 0.0001
0.0000 0.0000 0.0000 0.0000 0.0000 0.0000 0.0000 0.0000 0.0000 0.0000 0.0000 0.0000 0.0000 0.0000 0.0000 0.0000 0.0000 0.0000 0.0003 0.0013 0.0000 0.0000 0.0000 0.0000 0.0000 0.0000 0.0000 0.0000 0.0000 0.0000 0.0000 0.0000 0.0000 0.0000 0.0000 0.0000 0.0000 0.0000 0.0000 0.0028 0.0032 0.0011 0.0019 0.0016 0.0000 0.0000 0.0000 0.0000 0.0000 0.0000 0.0000 0.0000 0.0000 0.0000 0.0000 0.0000 0.0000 0.0000 0.0000 0.0000 0.0000 0.0002 0.0000 0.0004
0.0219 0.0236 0.0120 0.0928 0.0049 0.0263 0.1995 0.0427 0.0163 0.0213 0.0000 0.0144 0.0000 0.0155 0.0087 0.0090 0.0007 0.0010 0.0003 0.0011 0.0000 0.0011 0.0012 0.0000 0.0020 0.0001 0.0000 0.0002 0.0000 0.0000 0.0019 0.0001 0.0000 0.0011 0.0000 0.0000 0.0009 0.0004 0.0007 0.0013 0.0000 0.0016 0.0000 0.0008 0.0004 0.0000 0.0000 0.0000 0.0000 0.0000 0.0000 0.0000 0.0001 0.0000 0.0002 0.0000 0.0000 0.0000 0.0000 0.0000 0.0000 0.0000 0.0000 0.0000
0.0000 0.0000 0.0000 0.0000 0.0000 0.0000 0.0000 0.0000 0.0000 0.0000 0.0000 0.0000 0.0000 0.0000 0.0000 0.0000 0.0000 0.0000 0.0000 0.0011 0.0008 0.0000 0.0000 0.0000 0.0000 0.0011 0.0000 0.0037 0.0032 0.0003 0.0060 0.0006 0.0025 0.0009 0.0010 0.0009 0.0022 0.0015 0.0009 0.0000 0.0000 0.0000 0.0000 0.0000 0.0000 0.0000 0.0000 0.0000 0.0000 0.0000 0.0000 0.0000 0.0000 0.0000 0.0000 0.0000 0.0000 0.0000 0.0000 0.0000 0.0000 0.0000 0.0000 0.0000
0.1382 0.1265 0.1203 0.0418 0.0526 0.0610 0.0001 0.0000 0.0000 0.0000 0.0000 0.0000 0.0000 0.0000 0.0000 0.0000 0.0000 0.0000 0.0000 0.0000 0.0000 0.0000 0.0003 0.0002 0.0000 0.0030 0.0000 0.0014 0.0000 0.0000 0.0566 0.1040 0.2792 0.4608 0.5444 0.7032 0.5767 0.3158 0.3447 0.2492 0.1654 0.0303 0.0000 0.0000 0.0000 0.0000 0.0000 0.0000 0.0000 0.0000 0.0041 0.0163 0.0048 0.0011 0.0047 0.0057 0.0025 0.0042 0.0036 0.0020 0.0015 0.0002 0.0004 0.0002
0.0000 0.0000 0.0000 0.0000 0.0000 0.0000 0.0000 0.0000 0.0000 0.0000 0.0000 0.0000 0.0000 0.0000 0.0000 0.0000 0.0000 0.0731 0.1354 0.1063 0.2387 0.1260 0.1304 0.2853 0.2428 0.2021 0.1473 0.1673 0.2605 0.2543 0.3497 0.2971 0.0001 0.0000 0.0473 0.0032 0.3291 0.1398 0.1485 0.0826 0.1550 0.0599 0.1376 0.0000 0.0000 0.0000 0.0000 0.0000 0.0000 0.0000 0.0000 0.0000 0.0000 0.0000 0.0000 0.0000 0.0000 0.0000 0.0000 0.0000 0.0000 0.0000 0.0000 0.0000
0.0000 0.0000 0.0000 0.0000 0.0000 0.0000 0.2354 0.0000 0.0000 0.0000 0.0000 0.0000 0.1975 0.0000 0.0048 0.0000 0.0000 0.0000 0.0000 0.0000 0.0000 0.0000 0.0000 0.0000 0.0000 0.0000 0.0000 0.0000 0.0381 0.0000 0.0000 0.0000 0.0000 0.0000 0.0000 0.0003 0.0000 0.0000 0.0000 0.0000 0.0000 0.0000 0.0000 0.0001 0.0000 0.0000 0.0000 0.0000 0.0000 0.0000 0.0000 0.0000 0.0000 0.0000 0.0000 0.0000 0.0000 0.0000 0.0000 0.0000 0.0458 0.0000 0.0000 0.0000
0.0000 0.0010 0.0000 0.0004 0.0008 0.0020 0.0013 0.0016 0.0033 0.0056 0.0087 0.0529 0.0000 0.0000 0.0000 0.0000 0.0000 0.0000 0.0000 0.0000 0.0000 0.0000 0.0000 0.0000 0.0000 0.0000 0.0000 0.0000 0.0000 0.0000 0.0000 0.0000 0.0000 0.0000 0.0000 0.0000 0.0000 0.0000 0.0000 0.0013 0.0000 0.0000 0.0000 0.0000 0.0000 0.0000 0.0000 0.0000 0.0000 0.0000 0.0000 0.0000 0.0000 0.0000 0.0000 0.0000 0.0000 0.0000 0.0583 0.0000 0.0000 0.0000 0.0000 0.0000
0.0000 0.0190 0.1353 0.0281 0.0449 0.0133 0.0000 0.0000 0.0000 0.0299 0.0096 0.0000 0.0001 0.0000 0.0000 0.0000 0.0000 0.0199 0.0000 0.0000 0.0000 0.0000 0.0000 0.1386 0.1583 0.1014 0.0000 0.0707 0.0000 0.0010 0.0007 0.0747 0.0091 0.0010 0.0014 0.0006 0.0013 0.0009 0.0021 0.0021 0.0020 0.0004 0.0018 0.0043 0.0009 0.0001 0.0007 0.0046 0.0028 0.0036 0.0029 0.0006 0.0004 0.0003 0.0015 0.0013 0.0001 0.0001 0.0001 0.0001 0.0001 0.0000 0.0000 0.0000
0.0000 0.0000 0.0000 0.0000 0.0000 0.0000 0.0001 0.0000 0.0001 0.0000 0.0000 0.0000 0.0000 0.0000 0.0000 0.0000 0.0000 0.0000 0.0000 0.0000 0.0000 0.0000 0.0000 0.0000 0.0000 0.0000 0.0000 0.0000 0.0000 0.0000 0.0000 0.0000 0.0000 0.0000 0.0002 0.0001 0.0000 0.0000 0.0018 0.0011 0.0006 0.0004 0.0002 0.0002 0.0000 0.0000 0.0000 0.0000 0.0000 0.0000 0.0000 0.0000 0.0001 0.0077 0.0031 0.0032 0.0000 0.0000 0.0017 0.0000 0.0000 0.0035 0.0000 0.0000
0.0000 0.0000 0.0000 0.0000 0.0000 0.0000 0.0000 0.0000 0.0000 0.0000 0.0000 0.0000 0.0000 0.0000 0.0007 0.0000 0.0000 0.0000 0.0000 0.0000 0.0000 0.0000 0.0000 0.0000 0.0000 0.0000 0.0000 0.0000 0.0000 0.0001 0.0016 0.0026 0.0019 0.0004 0.0000 0.0000 0.0000 0.0000 0.0000 0.0000 0.0000 0.0000 0.0000 0.0000 0.0000 0.0000 0.0022 0.0060 0.0061 0.0022 0.0016 0.0094 0.0038 0.0232 0.0124 0.0825 0.0191 0.0257 0.0176 0.0164 0.0240 0.0015 0.0011 0.0002
0.0000 0.0000 0.0000 0.0000 0.0000 0.0000 0.0000 0.0000 0.0000 0.0000 0.0000 0.0000 0.0000 0.0000 0.0000 0.0000 0.0000 0.0000 0.0000 0.0000 0.0000 0.0000 0.0000 0.0000 0.0002 0.0000 0.0000 0.0000 0.0000 0.0000 0.0000 0.0000 0.0002 0.0004 0.0008 0.0007 0.0011 0.0004 0.0007 0.0000 0.0000 0.0000 0.0000 0.0000 0.0000 0.0000 0.0000 0.0000 0.0000 0.0000 0.0000 0.0001 0.0000 0.0000 0.0000 0.0000 0.0000 0.0000 0.0000 0.0000 0.0000 0.0000 0.0000 0.0000
0.0000 0.0000 0.0000 0.0000 0.0000 0.0000 0.0000 0.0000 0.0000 0.0000 0.0000 0.0000 0.0000 0.0474 0.0440 0.0559 0.0428 0.0566 0.0329 0.0000 0.0504 0.0817 0.0769 0.0091 0.0704 0.0028 0.0039 0.0042 0.0000 0.0015 0.0000 0.0013 0.0014 0.0000 0.0014 0.0042 0.0045 0.0000 0.0046 0.0000 0.0000 0.0000 0.0000 0.0000 0.0000 0.0000 0.0000 0.0000 0.0000 0.0000 0.0000 0.0001 0.0000 0.0000 0.0000 0.0000 0.0000 0.0000 0.0000 0.0000 0.0000 0.0000 0.0000 0.0000
0.0279 0.0315 0.0000 0.0000 0.0000 0.0000 0.0000 0.0000 0.0000 0.0000 0.0000 0.0000 0.0017 0.0000 0.0002 0.0014 0.0001 0.0001 0.0000 0.0017 0.0000 0.0001 0.0000 0.0000 0.0000 0.0000 0.0000 0.0000 0.0000 0.0001 0.0000 0.0000 0.0000 0.0000 0.0000 0.0000 0.0000 0.0000 0.0052 0.0000 0.0000 0.0000 0.0000 0.0002 0.0000 0.0000 0.0000 0.0006 0.0002 0.0003 0.0002 0.0000 0.0005 0.0001 0.0000 0.0002 0.0000 0.0000 0.0003 0.0009 0.0009 0.0003 0.0001 0.0000
0.0000 0.0000 0.0000 0.0000 0.0000 0.0000 0.0000 0.0000 0.0000 0.0010 0.0728 0.1425 0.0000 0.0000 0.0000 0.0000 0.0000 0.0000 0.0000 0.0000 0.0000 0.0000 0.0000 0.0000 0.0000 0.0000 0.0000 0.0000 0.0000 0.0000 0.0000 0.0009 0.0000 0.0101 0.0003 0.0000 0.0000 0.0000 0.0000 0.0000 0.0001 0.0000 0.0000 0.0000 0.0000 0.0000 0.0000 0.0000 0.0000 0.0000 0.0000 0.0000 0.0000 0.0000 0.0000 0.0006 0.0000 0.1119 0.0000 0.0000 0.0000 0.0000 0.0000 0.0000
0.0000 0.0000 0.0000 0.0000 0.0000 0.0000 0.0003 0.0000 0.0000 0.0000 0.0000 0.0010 0.0002 0.0000 0.0000 0.0000 0.0000 0.0000 0.0000 0.0000 0.0000 0.0000 0.0000 0.0008 0.0000 0.0005 0.0000 0.0000 0.0000 0.0000 0.0000 0.0000 0.0000 0.0000 0.0000 0.0000 0.0000 0.0000 0.0000 0.0000 0.0000 0.0000 0.0000 0.0000 0.0000 0.0000 0.0000 0.0000 0.0000 0.0000 0.0000 0.0000 0.0000 0.0000 0.0003 0.0000 0.0004 0.0000 0.0007 0.0000 0.0000 0.0000 0.0000 0.0000
0.0000 0.0000 0.0000 0.0000 0.0000 0.0000 0.0000 0.0000 0.0000 0.0000 0.0000 0.0000 0.0000 0.0026 0.0000 0.0000 0.0000 0.0000 0.0000 0.0000 0.0000 0.0000 0.0000 0.0000 0.0000 0.0000 0.0000 0.0000 0.0000 0.0000 0.0000 0.0000 0.0000 0.0000 0.0000 0.0000 0.0000 0.0000 0.0000 0.0000 0.0000 0.0000 0.0000 0.1362 0.0000 0.0000 0.0000 0.0000 0.0000 0.0000 0.0000 0.0000 0.0000 0.0000 0.0487 0.0000 0.0000 0.0000 0.0000 0.0000 0.0000 0.0000 0.0000 0.0000
0.0031 0.0070 0.0053 0.0118 0.0070 0.0065 0.0199 0.0171 0.0174 0.0039 0.0041 0.0042 0.0051 0.0048 0.0056 0.0044 0.0000 0.0001 0.0001 0.0000 0.0001 0.0020 0.0000 0.0000 0.0000 0.0000 0.0000 0.0000 0.0000 0.0000 0.0000 0.0000 0.0000 0.0000 0.0000 0.0000 0.0000 0.0000 0.0000 0.0000 0.0000 0.0000 0.0000 0.0000 0.0000 0.0000 0.0000 0.0000 0.0000 0.0000 0.0000 0.0000 0.0000 0.0000 0.0001 0.0004 0.0001 0.0001 0.0000 0.0000 0.0000 0.0000 0.0000 0.0000
0.0000 0.0000 0.0000 0.0000 0.0000 0.0000 0.0000 0.0000 0.0000 0.0000 0.0000 0.0000 0.0058 0.0000 0.0000 0.0000 0.0103 0.0000 0.0289 0.0325 0.0000 0.0107 0.0000 0.0000 0.0000 0.1833 0.0000 0.0000 0.0000 0.0010 0.0198 0.0035 0.0475 0.0000 0.0180 0.0000 0.0000 0.0000 0.0000 0.0017 0.0215 0.0012 0.0000 0.0000 0.0000 0.0000 0.0000 0.0000 0.0000 0.0000 0.0000 0.0001 0.0001 0.0001 0.0000 0.0000 0.0000 0.0000 0.0000 0.0001 0.0953 0.0000 0.0000 0.0000
0.0023 0.0021 0.0028 0.0024 0.0013 0.0022 0.0038 0.0058 0.0036 0.0037 0.0021 0.0027 0.0022 0.0027 0.0024 0.0000 0.0000 0.0000 0.0009 0.0015 0.0000 0.0000 0.0000 0.0000 0.0000 0.0000 0.0000 0.0000 0.0000 0.0000 0.0000 0.0000 0.0000 0.0000 0.0000 0.0000 0.0000 0.0000 0.0000 0.0000 0.0000 0.0000 0.0955 0.0000 0.0000 0.0000 0.0000 0.0000 0.0000 0.0000 0.0000 0.0000 0.0000 0.0000 0.0000 0.0000 0.0000 0.0000 0.0000 0.0000 0.0000 0.0000 0.0000 0.0000
0.0000 0.0000 0.0000 0.0000 0.0000 0.0003 0.0011 0.0000 0.0026 0.0604 0.1109 0.1124 0.1371 0.1807 0.2686 0.1691 0.1526 0.0631 0.1345 0.1496 0.0787 0.0459 0.0035 0.1094 0.0006 0.0002 0.0000 0.0000 0.0001 0.0001 0.0002 0.0001 0.0000 0.0000 0.0002 0.0004 0.0003 0.0005 0.0009 0.0009 0.0003 0.0008 0.0002 0.0004 0.0003 0.0002 0.0001 0.0001 0.0004 0.0002 0.0003 0.0003 0.0002 0.0001 0.0004 0.0004 0.0001 0.0003 0.0002 0.0002 0.0002 0.0007 0.0002 0.0005
0.4114 0.5766 0.5160 0.5197 0.5033 0.5003 0.3659 0.8233 0.3267 0.1391 0.0001 0.0000 0.0000 0.1844 0.0000 0.0000 0.0011 0.0008 0.0037 0.0064 0.0762 0.0000 0.0000 0.0000 0.0000 0.0000 0.0000 0.0000 0.0000 0.0000 0.0000 0.0000 0.0000 0.0000 0.0000 0.0000 0.0000 0.0004 0.0004 0.0000 0.0000 0.0000 0.0000 0.0000 0.0000 0.0000 0.0000 0.0000 0.0000 0.0000 0.0000 0.0000 0.0000 0.0000 0.0000 0.0001 0.0000 0.0000 0.0000 0.0000 0.0000 0.0000 0.0000 0.0000
0.0000 0.0000 0.0000 0.0000 0.0000 0.0000 0.0001 0.0000 0.0000 0.0000 0.0000 0.0001 0.0017 0.0010 0.0018 0.0118 0.0649 0.1381 0.0698 0.1791 0.0099 0.0000 0.0000 0.0000 0.0000 0.0000 0.0000 0.0354 0.0608 0.0000 0.0000 0.0000 0.0012 0.0013 0.0027 0.0031 0.0048 0.0041 0.0067 0.0041 0.0030 0.0118 0.0036 0.0027 0.0009 0.0008 0.0013 0.0009 0.0025 0.0013 0.0006 0.0000 0.0000 0.0000 0.0003 0.0002 0.0006 0.0000 0.0000 0.0003 0.0017 0.0001 0.0000 0.0002
0.0000 0.0000 0.0000 0.0000 0.0000 0.0000 0.0000 0.0000 0.0000 0.0000 0.0000 0.0000 0.0000 0.0000 0.0000 0.0000 0.0000 0.0000 0.0000 0.0000 0.0007 0.0029 0.0005 0.0010 0.0002 0.0000 0.0006 0.0012 0.0001 0.0008 0.0009 0.0011 0.0000 0.0000 0.0000 0.0000 0.0001 0.0007 0.1016 0.0069 0.0065 0.0000 0.0017 0.0007 0.0000 0.0009 0.0000 0.0001 0.0000 0.0001 0.0001 0.0001 0.0000 0.0000 0.0000 0.0001 0.0000 0.0000 0.0067 0.0075 0.0095 0.0024 0.0004 0.0000
0.0000 0.0000 0.0000 0.0000 0.0000 0.0000 0.0000 0.0000 0.0000 0.0000 0.0000 0.0000 0.1800 0.0000 0.0000 0.0049 0.0000 0.0000 0.0000 0.0000 0.0039 0.0000 0.0104 0.0026 0.0108 0.0784 0.0328 0.0019 0.0222 0.0366 0.0000 0.0000 0.0000 0.0000 0.0000 0.0000 0.0000 0.0000 0.0000 0.0000 0.0000 0.0000 0.0000 0.0000 0.0000 0.0000 0.0000 0.0000 0.0000 0.0000 0.0000 0.0000 0.0000 0.0000 0.0000 0.0000 0.0280 0.0000 0.0000 0.0000 0.0033 0.0000 0.0000 0.0000
0.0000 0.0009 0.0000 0.0013 0.0008 0.0000 0.0000 0.0000 0.0031 0.0085 0.0077 0.0084 0.0014 0.0015 0.0007 0.0035 0.0009 0.0010 0.0024 0.0027 0.0030 0.0033 0.0055 0.0228 0.0053 0.0000 0.0000 0.0018 0.0036 0.0014 0.0010 0.0000 0.0000 0.0000 0.0231 0.0000 0.0000 0.0000 0.0000 0.0493 0.0000 0.0000 0.0000 0.0000 0.0617 0.0000 0.0000 0.0000 0.0000 0.0000 0.0000 0.0000 0.0000 0.0000 0.0000 0.0448 0.0000 0.0000 0.0000 0.0000 0.0000 0.0000 0.0000 0.0000
0.0000 0.0000 0.0000 0.0000 0.0000 0.0000 0.0000 0.0000 0.0000 0.0000 0.0000 0.0000 0.0000 0.0000 0.0000 0.0000 0.0000 0.0000 0.0000 0.0000 0.0000 0.0000 0.0000 0.0012 0.0000 0.0000 0.0000 0.0000 0.0000 0.0004 0.0000 0.0000 0.0000 0.0000 0.0000 0.0000 0.0000 0.0000 0.0000 0.0000 0.0000 0.0000 0.0000 0.0000 0.0000 0.0000 0.0000 0.0001 0.0000 0.0000 0.0000 0.0000 0.0000 0.0000 0.0000 0.0000 0.0000 0.0000 0.0000 0.0000 0.0000 0.0000 0.0000 0.0002
0.0074 0.0000 0.0007 0.0000 0.0005 0.0000 0.0000 0.0000 0.0000 0.0000 0.0000 0.0000 0.0000 0.0000 0.0000 0.0000 0.0000 0.0000 0.0000 0.0000 0.0000 0.0000 0.0000 0.0000 0.0000 0.0000 0.0000 0.0000 0.0000 0.0000 0.0000 0.0000 0.0000 0.0000 0.0000 0.0000 0.0000 0.0000 0.0000 0.0000 0.0000 0.0000 0.0000 0.0000 0.0000 0.0000 0.0000 0.0000 0.0000 0.0000 0.0000 0.0000 0.0000 0.0000 0.0000 0.0000 0.0000 0.0000 0.0000 0.0000 0.0000 0.0000 0.0000 0.0000
0.0000 0.0000 0.0000 0.0000 0.0000 0.0000 0.0000 0.0001 0.0000 0.0000 0.0000 0.0001 0.0000 0.0000 0.0000 0.1664 0.0000 0.0000 0.0000 0.0000 0.0010 0.0000 0.0004 0.0009 0.0000 0.0000 0.0000 0.0000 0.0000 0.0000 0.0000 0.0001 0.0000 0.0000 0.0004 0.0002 0.0009 0.0011 0.0037 0.0008 0.0004 0.0011 0.0019 0.0028 0.0027 0.0037 0.0035 0.0003 0.0006 0.0011 0.0015 0.0006 0.0000 0.0000 0.0000 0.0000 0.0000 0.0000 0.0000 0.0000 0.0007 0.0009 0.0005 0.0004
0.0000 0.0000 0.0000 0.0040 0.0006 0.0056 0.0000 0.0012 0.0000 0.0000 0.0000 0.0000 0.0000 0.0000 0.0000 0.0000 0.0000 0.0000 0.0000 0.0000 0.0000 0.0000 0.0000 0.0000 0.0112 0.0000 0.0004 0.0000 0.0000 0.0004 0.0013 0.0000 0.0032 0.0000 0.0000 0.0144 0.0174 0.0173 0.0404 0.0772 0.0431 0.0747 0.0982 0.1042 0.0862 0.0006 0.0000 0.0000 0.0000 0.0000 0.0000 0.0000 0.0000 0.0348 0.0000 0.0000 0.0000 0.0000 0.0014 0.0035 0.0000 0.0001 0.0000 0.0000
0.0010 0.0014 0.0016 0.0006 0.0000 0.0015 0.0000 0.0006 0.0000 0.0000 0.0000 0.0000 0.0000 0.0000 0.0000 0.0000 0.0000 0.0000 0.0000 0.0000 0.0000 0.0000 0.0000 0.0000 0.0000 0.0000 0.0819 0.0960 0.1369 0.1575 0.1045 0.0868 0.2428 0.1217 0.0661 0.0212 0.0164 0.2263 0.2850 0.4317 0.4004 0.4813 0.4083 0.3935 0.3396 0.3886 0.3294 0.3191 0.2602 0.2886 0.2904 0.4124 0.2772 0.3007 0.3642 0.3420 0.3952 0.3615 0.4764 0.2896 0.3403 0.1652 0.1774 0.0000
0.0000 0.0000 0.0000 0.0000 0.0000 0.0000 0.0000 0.0000 0.0009 0.0000 0.0000 0.0000 0.0000 0.0000 0.0000 0.0000 0.0000 0.0000 0.0000 0.0000 0.0000 0.0000 0.0000 0.0000 0.2338 0.2845 0.3980 0.3986 0.0000 0.0000 0.0000 0.0000 0.0000 0.0000 0.0000 0.0000 0.0000 0.0000 0.0000 0.0000 0.0000 0.0000 0.0000 0.0000 0.0000 0.0000 0.0000 0.0000 0.0000 0.0000 0.0000 0.0000 0.0000 0.0000 0.0000 0.0000 0.0000 0.0000 0.0000 0.0000 0.0000 0.0000 0.0000 0.0000
0.0000 0.0000 0.0000 0.0000 0.0000 0.0000 0.0000 0.0018 0.0000 0.0000 0.0104 0.0465 0.0208 0.1182 0.0592 0.0191 0.1366 0.0778 0.0758 0.1292 0.0145 0.0794 0.0234 0.0023 0.0013 0.0032 0.0481 0.0437 0.1799 0.1740 0.2969 0.0436 0.0001 0.0142 0.0361 0.0000 0.0000 0.0000 0.0001 0.0018 0.0040 0.0205 0.0037 0.0015 0.0005 0.0048 0.0014 0.0007 0.0000 0.0000 0.0000 0.0032 0.0018 0.0000 0.0000 0.0001 0.0000 0.0000 0.0001 0.0001 0.0000 0.0001 0.0000 0.0000
0.0173 0.0000 0.0000 0.0000 0.0000 0.0000 0.0000 0.0000 0.0000 0.0000 0.0000 0.0000 0.0000 0.0000 0.0000 0.0000 0.0001 0.0006 0.0004 0.0000 0.0000 0.0399 0.0058 0.0043 0.0612 0.0002 0.0019 0.0051 0.0002 0.0002 0.0000 0.0000 0.0000 0.0000 0.0000 0.0000 0.0001 0.0000 0.0008 0.0001 0.0000 0.0001 0.0163 0.0000 0.0059 0.0000 0.0000 0.0000 0.0000 0.0000 0.0000 0.0001 0.0003 0.0002 0.0001 0.0005 0.0000 0.0002 0.0002 0.0000 0.0000 0.0000 0.0000 0.0000
0.0007 0.0022 0.0000 0.0000 0.0004 0.0007 0.0005 0.0002 0.0067 0.0064 0.0026 0.0047 0.0021 0.0033 0.0032 0.0051 0.0029 0.0031 0.0022 0.0015 0.0049 0.0099 0.0069 0.0036 0.0022 0.0002 0.0002 0.0029 0.0000 0.0000 0.0000 0.0000 0.0000 0.0000 0.0000 0.0000 0.0000 0.0000 0.0000 0.0000 0.0000 0.0000 0.0000 0.0000 0.0000 0.0000 0.0000 0.0000 0.0000 0.0000 0.0000 0.0000 0.0000 0.0000 0.0000 0.0000 0.0000 0.0000 0.0000 0.0000 0.0000 0.0000 0.0000 0.2024
0.0000 0.0000 0.0000 0.0000 0.0000 0.0000 0.0000 0.0000 0.0000 0.0000 0.0000 0.0000 0.0000 0.0000 0.0000 0.0000 0.0000 0.0000 0.0000 0.0000 0.0003 0.0025 0.0000 0.0001 0.0002 0.0000 0.0001 0.0002 0.0001 0.0002 0.0004 0.0004 0.0000 0.0000 0.0001 0.0000 0.0000 0.0000 0.0000 0.0000 0.0000 0.0000 0.0000 0.0000 0.0000 0.0000 0.0000 0.0000 0.0000 0.0000 0.0000 0.0000 0.0000 0.0000 0.0000 0.0000 0.0000 0.0000 0.0000 0.0000 0.0000 0.0000 0.0000 0.0000
0.0000 0.0000 0.0000 0.0000 0.0000 0.0000 0.0000 0.0000 0.0000 0.0000 0.0000 0.0000 0.0000 0.0000 0.0001 0.0005 0.0000 0.0000 0.0000 0.0000 0.0000 0.0000 0.0000 0.0000 0.0000 0.0000 0.0000 0.0000 0.0000 0.0000 0.0000 0.0000 0.0000 0.0000 0.0000 0.0000 0.0000 0.0000 0.0000 0.0000 0.0000 0.0000 0.0000 0.0000 0.0000 0.0000 0.0000 0.0000 0.0000 0.0000 0.0000 0.0000 0.0000 0.0000 0.0000 0.0002 0.0007 0.0000 0.0000 0.0009 0.0000 0.0000 0.0000 0.0000
0.0000 0.0000 0.0000 0.0000 0.0000 0.0000 0.0001 0.0000 0.0000 0.0000 0.0000 0.0001 0.0000 0.0000 0.0000 0.0000 0.0000 0.0000 0.0000 0.0000 0.0000 0.0000 0.0000 0.0000 0.0000 0.0000 0.0000 0.0000 0.0000 0.0000 0.0052 0.0000 0.0000 0.0000 0.0000 0.0000 0.0000 0.0000 0.0000 0.0000 0.0000 0.0000 0.0000 0.0000 0.0000 0.0000 0.0000 0.0000 0.0000 0.0000 0.0000 0.0000 0.0000 0.0000 0.0000 0.0000 0.0000 0.0000 0.0000 0.0000 0.0000 0.0002 0.0000 0.0000
0.0000 0.0000 0.0000 0.0000 0.0000 0.0000 0.0000 0.0000 0.0000 0.0000 0.0000 0.0000 0.0000 0.0000 0.0000 0.0000 0.0000 0.0003 0.0004 0.0021 0.0000 0.0000 0.0006 0.0000 0.0000 0.0000 0.0000 0.0000 0.0000 0.0000 0.0000 0.0000 0.0000 0.0000 0.0000 0.0000 0.0000 0.0000 0.0000 0.0000 0.0000 0.0000 0.0000 0.0000 0.0000 0.0000 0.0000 0.0000 0.0000 0.0000 0.0000 0.0000 0.0001 0.0000 0.0000 0.0000 0.0000 0.0000 0.0000 0.0000 0.0000 0.0000 0.0000 0.0000
