0.0001 0.0003 0.0011 0.0003 0.0000 0.0001 0.0000 0.0000 0.0000 0.0000 0.0000 0.0000 0.0000 0.0000 0.0000 0.0000 0.0000 0.0000 0.0000 0.0000 0.0000 0.0000 0.0000 0.0000 0.0000 0.0000 0.0000 0.0000 0.0000 0.0000 0.0000 0.0000 0.3054 0.3801 0.2798 0.0622 0.0297 0.0154 0.0004 0.0001 0.0000 0.0005 0.0005 0.0004 0.0000 0.0013 0.0054 0.0109 0.0047 0.0154 0.2332 0.0049 0.4536 0.0006 0.0798 0.0566 0.0051 0.0047 0.0158 0.0028 0.0019 0.0017 0.0005 0.0016
0.0000 0.0000 0.0000 0.0000 0.0000 0.0000 0.0000 0.0000 0.0000 0.0000 0.0000 0.0000 0.0000 0.0000 0.0000 0.0001 0.0000 0.0000 0.0000 0.0000 0.0001 0.0000 0.0000 0.0000 0.0000 0.0000 0.0000 0.0000 0.0003 0.0001 0.0002 0.0000 0.0001 0.0000 0.0000 0.0002 0.0000 0.1754 0.0000 0.0023 0.0007 0.0001 0.0132 0.0005 0.0021 0.0022 0.0000 0.0000 0.1186 0.0001 0.0016 0.0003 0.0000 0.0000 0.0000 0.0000 0.0000 0.0000 0.1070 0.0000 0.0000 0.0000 0.0002 0.0001
0.0000 0.0000 0.0000 0.0000 0.0000 0.0000 0.0000 0.0000 0.0000 0.0000 0.0000 0.0000 0.0000 0.0001 0.0000 0.0000 0.0000 0.0000 0.0000 0.0067 0.0000 0.0000 0.0018 0.0000 0.0019 0.0019 0.0216 0.0573 0.0006 0.0000 0.0045 0.0006 0.0000 0.0000 0.0000 0.0000 0.0000 0.0000 0.0002 0.0013 0.0002 0.0000 0.0072 0.0000 0.0000 0.0000 0.0008 0.0001 0.0003 0.0001 0.0000 0.0001 0.0000 0.0000 0.0087 0.0225 0.0021 0.0002 0.0000 0.0000 0.0000 0.0000 0.0000 0.0000
0.0000 0.0000 0.0000 0.0000 0.0000 0.0000 0.0000 0.0000 0.0000 0.0000 0.0000 0.0000 0.0000 0.0000 0.0000 0.0000 0.0000 0.0000 0.0003 0.0000 0.0000 0.0000 0.0000 0.0000 0.0000 0.0000 0.0000 0.0000 0.0000 0.0000 0.0021 0.0022 0.0000 0.0000 0.0000 0.0000 0.0001 0.0002 0.0000 0.0000 0.0000 0.0000 0.0000 0.0000 0.0000 0.0000 0.0000 0.0000 0.0000 0.0000 0.0000 0.0000 0.0000 0.0000 0.0000 0.0013 0.0000 0.0000 0.0000 0.0000 0.0000 0.0000 0.0000 0.0000
0.6752 0.6566 0.8270 0.9529 0.7317 0.9519 0.6655 0.9235 0.7697 0.3770 0.2664 0.0821 0.1634 0.2432 0.0298 0.2000 0.1653 0.0395 0.0000 0.0324 0.0690 0.0000 0.0166 0.0003 0.0568 0.0033 0.0000 0.0001 0.0013 0.0042 0.0075 0.0001 0.0001 0.0000 0.0002 0.0006 0.0004 0.0007 0.0050 0.0033 0.0017 0.0006 0.0052 0.0000 0.0000 0.0000 0.0001 0.0000 0.0000 0.0000 0.0003 0.0110 0.0000 0.0000 0.2371 0.1328 0.0000 0.0000 0.0000 0.0000 0.0000 0.0000 0.0000 0.0000
0.0013 0.0026 0.0024 0.0027 0.0011 0.0005 0.0005 0.0007 0.0004 0.0002 0.0017 0.0035 0.0003 0.0004 0.0004 0.0001 0.0001 0.0011 0.0004 0.0001 0.0002 0.0001 0.0000 0.0006 0.0011 0.0012 0.0003 0.0001 0.0000 0.0000 0.0000 0.0000 0.0003 0.0001 0.0000 0.0003 0.0001 0.0002 0.0045 0.0393 0.0000 0.0000 0.0000 0.0000 0.0000 0.0000 0.0000 0.0000 0.0000 0.0000 0.0000 0.0000 0.0000 0.0000 0.0000 0.0000 0.0000 0.0000 0.0000 0.0000 0.0000 0.0000 0.0000 0.0000
0.0000 0.0000 0.0000 0.0000 0.0003 0.0000 0.0000 0.0000 0.0000 0.0000 0.0000 0.0001 0.0001 0.0001 0.0000 0.0000 0.0004 0.0000 0.0000 0.0000 0.0000 0.0002 0.0004 0.0000 0.0165 0.0023 0.0000 0.0798 0.0000 0.0000 0.0000 0.0000 0.0000 0.0000 0.0000 0.0000 0.0000 0.0000 0.0000 0.2092 0.3581 0.4685 0.0004 0.0000 0.0000 0.0021 0.0018 0.0018 0.0049 0.0007 0.0000 0.0000 0.0013 0.0000 0.0001 0.0003 0.0000 0.0001 0.0004 0.3170 0.7384 0.7516 0.7283 0.4316
0.0004 0.0000 0.0001 0.0000 0.0000 0.0000 0.0000 0.0000 0.0000 0.0000 0.0000 0.0000 0.0000 0.0000 0.0000 0.0000 0.0000 0.0000 0.0806 0.8236 0.1671 0.1818 0.0028 0.0003 0.0016 0.0035 0.0006 0.0006 0.0007 0.0003 0.0016 0.0014 0.0011 0.0000 0.0000 0.0000 0.0000 0.0002 0.0000 0.0000 0.0000 0.0000 0.0000 0.0000 0.0000 0.0000 0.0000 0.0000 0.0018 0.0009 0.0002 0.0017 0.0014 0.0001 0.0001 0.0004 0.0000 0.0000 0.0000 0.0000 0.0000 0.0000 0.0000 0.0000
0.0000 0.0001 0.0000 0.0185 0.0087 0.0104 0.0651 0.0442 0.0274 0.0031 0.0000 0.0002 0.0000 0.0000 0.0003 0.0001 0.0000 0.0000 0.0000 0.0000 0.0000 0.0000 0.0000 0.0055 0.0000 0.0001 0.0000 0.0000 0.0000 0.0000 0.0000 0.0000 0.0000 0.0000 0.0000 0.0000 0.0000 0.0000 0.0000 0.0000 0.0000 0.0000 0.0000 0.0000 0.0000 0.0000 0.0000 0.0000 0.0010 0.0002 0.0052 0.0021 0.0002 0.0000 0.0000 0.0069 0.0000 0.0000 0.0000 0.0000 0.0000 0.0000 0.0000 0.0000
0.0000 0.0000 0.0000 0.0000 0.0000 0.0002 0.0000 0.0000 0.0000 0.0000 0.0000 0.0000 0.0000 0.0000 0.0000 0.0000 0.0000 0.0000 0.0000 0.0000 0.0001 0.0001 0.0000 0.0001 0.0000 0.0007 0.0002 0.0013 0.0916 0.0021 0.0025 0.0001 0.0001 0.0000 0.0000 0.0000 0.0000 0.0000 0.0032 0.0000 0.0000 0.0000 0.0020 0.0010 0.0036 0.0062 0.0150 0.0071 0.0115 0.0149 0.0097 0.0059 0.0264 0.0005 0.0016 0.1408 0.0008 0.0012 0.1538 0.0002 0.0002 0.0003 0.0002 0.0001
0.0000 0.0000 0.0000 0.0000 0.0000 0.0000 0.0000 0.0000 0.0000 0.0000 0.0000 0.0000 0.0000 0.0000 0.0000 0.0000 0.0006 0.0028 0.0004 0.0009 0.0001 0.0001 0.0002 0.0000 0.0000 0.0001 0.0000 0.0000 0.0016 0.0000 0.0000 0.0000 0.0000 0.0000 0.0000 0.0000 0.0000 0.0000 0.0000 0.0000 0.0000 0.0000 0.0000 0.0000 0.0000 0.0000 0.0000 0.0000 0.0000 0.0000 0.0000 0.0000 0.0000 0.0000 0.0000 0.0000 0.0000 0.0000 0.0000 0.0000 0.0000 0.0000 0.0000 0.0000
0.0000 0.0000 0.0010 0.0008 0.0002 0.0001 0.0005 0.0008 0.0002 0.0000 0.0023 0.0110 0.0006 0.0007 0.0005 0.0001 0.0007 0.0123 0.0033 0.0002 0.0002 0.0128 0.0001 0.0006 0.0010 0.0006 0.0003 0.0002 0.0045 0.0004 0.0005 0.0001 0.0001 0.0000 0.0004 0.0001 0.0002 0.0001 0.0031 0.0003 0.0002 0.0000 0.0038 0.0003 0.0002 0.0000 0.0000 0.0000 0.0025 0.0000 0.0000 0.0000 0.0000 0.0000 0.0000 0.0000 0.0000 0.0000 0.0000 0.0000 0.0000 0.0000 0.0000 0.0000
0.0000 0.0000 0.0000 0.0000 0.0000 0.0000 0.0000 0.0000 0.0000 0.0000 0.0000 0.0001 0.0000 0.0000 0.0000 0.0000 0.0000 0.0000 0.0000 0.0000 0.0000 0.0000 0.0000 0.0000 0.0000 0.0000 0.0000 0.0000 0.0000 0.0000 0.0000 0.0000 0.0000 0.0000 0.0166 0.0000 0.0000 0.0000 0.0000 0.0000 0.0000 0.0000 0.0000 0.0000 0.0000 0.0000 0.0000 0.0000 0.0000 0.0000 0.0000 0.0000 0.0000 0.1706 0.0000 0.0000 0.0156 0.0000 0.0000 0.0000 0.0000 0.0000 0.0000 0.0000
0.0000 0.0003 0.0000 0.0000 0.0000 0.0000 0.0000 0.0000 0.0000 0.0000 0.0000 0.0763 0.0000 0.0000 0.0000 0.0000 0.0000 0.0000 0.0235 0.0001 0.1067 0.1410 0.1047 0.0000 0.0001 0.0008 0.0000 0.0000 0.0000 0.0000 0.0000 0.0000 0.0000 0.0000 0.0000 0.0000 0.0000 0.0000 0.0000 0.0000 0.0000 0.0000 0.0000 0.0000 0.0000 0.0000 0.0000 0.0000 0.0000 0.0000 0.0000 0.0000 0.0002 0.0001 0.0030 0.0004 0.0002 0.0001 0.0011 0.0000 0.0000 0.0000 0.0000 0.0000
0.0000 0.0000 0.0001 0.0004 0.0004 0.0000 0.0005 0.0001 0.0000 0.0000 0.0004 0.0000 0.0000 0.0000 0.0000 0.0000 0.0000 0.0000 0.0029 0.0002 0.0000 0.0002 0.0030 0.0000 0.0000 0.0004 0.0000 0.0001 0.0000 0.0001 0.0059 0.0021 0.0000 0.0000 0.0000 0.0000 0.0000 0.0000 0.0000 0.0000 0.0000 0.0001 0.0334 0.0000 0.0000 0.0000 0.0000 0.0000 0.0019 0.0017 0.0001 0.0003 0.0030 0.0002 0.0000 0.0582 0.1537 0.0001 0.1456 0.3266 0.0000 0.0001 0.0001 0.0001
0.0028 0.0036 0.0022 0.0025 0.0039 0.0015 0.0348 0.0004 0.0001 0.0000 0.0001 0.0003 0.0000 0.0000 0.0000 0.0005 0.0000 0.0000 0.0009 0.0002 0.0000 0.0038 0.0016 0.0002 0.0002 0.0001 0.0000 0.1042 0.0386 0.0002 0.0006 0.0000 0.0000 0.0000 0.0000 0.0000 0.0001 0.0002 0.0011 0.0001 0.0006 0.0001 0.1891 0.0022 0.0024 0.0012 0.0024 0.0000 0.0241 0.0001 0.0000 0.0000 0.0000 0.0000 0.0000 0.1152 0.1928 0.1742 0.3445 0.2800 0.2563 0.2452 0.2698 0.2818
0.0002 0.0005 0.0014 0.0018 0.0023 0.0018 0.0010 0.0022 0.0005 0.0001 0.0587 0.5354 0.0134 0.0003 0.0001 0.0001 0.0002 0.0006 0.0001 0.0011 0.0234 0.1510 0.2331 0.0438 0.0386 0.0002 0.0000 0.0000 0.0000 0.0000 0.0000 0.0000 0.0000 0.0000 0.0000 0.0000 0.0000 0.0000 0.0000 0.0000 0.0000 0.0000 0.0000 0.0000 0.3294 0.3702 0.1380 0.2451 0.0304 0.0888 0.2616 0.3440 0.0002 0.0000 0.0007 0.0820 0.0000 0.0006 0.0003 0.0002 0.0000 0.0000 0.0000 0.0000
0.0000 0.0005 0.0007 0.0005 0.0000 0.0001 0.0001 0.0001 0.0000 0.0000 0.0006 0.0010 0.2679 0.0003 0.3239 0.0001 0.0000 0.0000 0.0004 0.0010 0.0001 0.0000 0.0000 0.0000 0.0000 0.0000 0.0000 0.0003 0.0007 0.0001 0.0008 0.0004 0.0000 0.0000 0.0000 0.3888 0.4000 0.0000 0.0218 0.0000 0.0000 0.0003 0.0009 0.0000 0.0000 0.0035 0.0006 0.0000 0.0000 0.0000 0.0000 0.0000 0.0000 0.0000 0.0000 0.0000 0.0000 0.0000 0.0000 0.0000 0.0000 0.0000 0.0000 0.0000
0.0000 0.0000 0.0000 0.0002 0.0001 0.0001 0.0000 0.0001 0.0000 0.0000 0.0005 0.0416 0.2930 0.4291 0.4308 0.3496 0.2685 0.2270 0.1169 0.0001 0.0000 0.0003 0.1644 0.0000 0.0000 0.0000 0.0000 0.0000 0.0000 0.0000 0.0000 0.0000 0.0000 0.0000 0.0000 0.0000 0.0000 0.0000 0.0000 0.0000 0.0000 0.0000 0.0018 0.0000 0.0000 0.0000 0.0000 0.0000 0.0000 0.0000 0.0000 0.0001 0.0012 0.0000 0.0000 0.0000 0.0000 0.0000 0.0000 0.0000 0.0000 0.0000 0.0000 0.0000
0.0000 0.0000 0.0000 0.0000 0.0000 0.0000 0.0000 0.0000 0.0000 0.0000 0.0000 0.0000 0.0000 0.0000 0.0000 0.0000 0.0000 0.0001 0.0000 0.0000 0.1432 0.2449 0.0021 0.0000 0.0003 0.0000 0.0000 0.0000 0.0000 0.0000 0.0000 0.0000 0.0000 0.0000 0.0000 0.2699 0.4410 0.5661 0.4066 0.1797 0.1405 0.1651 0.0000 0.5656 0.5324 0.3177 0.0001 0.0000 0.0003 0.0000 0.0000 0.0334 0.0002 0.0000 0.0003 0.0000 0.0000 0.0000 0.0001 0.0000 0.0000 0.0000 0.0000 0.0000
0.0000 0.0003 0.0117 0.0082 0.2162 0.0001 0.0026 0.0005 0.0003 0.0000 0.0018 0.0063 0.0012 0.0003 0.0016 0.0003 0.0020 0.0584 0.0005 0.0000 0.0000 0.2368 0.0002 0.0000 0.0008 0.0001 0.0005 0.0001 0.2784 0.5599 0.4059 0.3802 0.0000 0.0001 0.0003 0.0004 0.0001 0.0007 0.0036 0.0012 0.0008 0.0012 0.0000 0.0000 0.0000 0.0000 0.0000 0.0000 0.0000 0.0000 0.0000 0.0000 0.0000 0.0000 0.0000 0.0000 0.0768 0.1419 0.0346 0.0000 0.0000 0.0000 0.0001 0.0000
0.0000 0.0000 0.0000 0.0000 0.0000 0.0000 0.0000 0.0000 0.0000 0.0000 0.0698 0.0000 0.0000 0.0000 0.0877 0.0000 0.0000 0.0000 0.0000 0.0000 0.0000 0.0000 0.0026 0.0002 0.0000 0.0000 0.0026 0.0000 0.0000 0.0000 0.0000 0.0000 0.0023 0.0000 0.0000 0.0000 0.0000 0.0000 0.0000 0.0000 0.0545 0.0538 0.0778 0.0840 0.0000 0.0000 0.0000 0.0000 0.0000 0.0000 0.0000 0.0000 0.0000 0.0000 0.0000 0.0000 0.0000 0.0000 0.0000 0.0000 0.0000 0.0000 0.0000 0.0000
0.0000 0.0000 0.0000 0.0000 0.0000 0.0000 0.0000 0.0000 0.0000 0.0000 0.0000 0.0000 0.0000 0.0000 0.0000 0.0000 0.0000 0.0000 0.0000 0.0000 0.0000 0.0000 0.0000 0.0005 0.0000 0.0000 0.0000 0.0001 0.0000 0.0001 0.0000 0.0000 0.0000 0.0000 0.0000 0.0000 0.0000 0.0000 0.0000 0.0000 0.0000 0.0000 0.0000 0.0000 0.0000 0.0000 0.0000 0.0000 0.0000 0.0000 0.0000 0.0000 0.0000 0.0000 0.0000 0.0000 0.0000 0.1097 0.0000 0.0000 0.0000 0.0000 0.0000 0.0000
0.0001 0.0001 0.0000 0.0000 0.0042 0.0000 0.0000 0.0000 0.0000 0.0000 0.0000 0.0000 0.0000 0.0000 0.0082 0.0000 0.0007 0.0015 0.0005 0.0007 0.0000 0.0000 0.0003 0.0011 0.0001 0.0000 0.0000 0.0000 0.0003 0.0000 0.0000 0.0003 0.0000 0.0000 0.0000 0.0001 0.0000 0.0000 0.0000 0.0000 0.0000 0.0000 0.0003 0.0005 0.0007 0.0011 0.0018 0.0071 0.0000 0.0000 0.0000 0.0000 0.0000 0.0000 0.0000 0.0016 0.0005 0.0006 0.0000 0.0000 0.0000 0.0000 0.0000 0.0000
0.0000 0.0000 0.0012 0.0009 0.0012 0.0004 0.0003 0.0001 0.0001 0.0000 0.0010 0.0019 0.0002 0.0001 0.0001 0.0001 0.0001 0.0006 0.0002 0.0001 0.0001 0.0006 0.0000 0.0000 0.0000 0.0000 0.0003 0.0009 0.0009 0.0003 0.0002 0.0001 0.0000 0.0000 0.0000 0.0000 0.0000 0.0000 0.0000 0.0000 0.0000 0.0000 0.0000 0.0000 0.0000 0.0000 0.0000 0.0000 0.0415 0.0000 0.0000 0.0000 0.0000 0.0000 0.0000 0.0000 0.0000 0.0000 0.0000 0.0000 0.0000 0.0000 0.0000 0.0000
0.0001 0.0000 0.0000 0.0000 0.0000 0.0000 0.0000 0.0000 0.0000 0.0000 0.0000 0.0000 0.0000 0.0000 0.0000 0.0000 0.0000 0.0000 0.0000 0.0005 0.0000 0.0010 0.0036 0.0045 0.0015 0.0012 0.3825 0.0063 0.0026 0.0030 0.0051 0.0005 0.0000 0.0000 0.0000 0.0000 0.0000 0.0000 0.0001 0.0000 0.0000 0.0000 0.0000 0.0000 0.0000 0.0000 0.0000 0.0000 0.0000 0.0000 0.0000 0.0000 0.0000 0.0000 0.0000 0.0063 0.0002 0.0000 0.0009 0.0000 0.0000 0.0000 0.0000 0.0000
0.0000 0.0000 0.0000 0.0000 0.0000 0.0000 0.0000 0.0000 0.0000 0.0000 0.0000 0.0000 0.0000 0.0000 0.0000 0.0000 0.0000 0.0009 0.0002 0.0002 0.0000 0.0000 0.0000 0.0000 0.0000 0.0000 0.0000 0.2408 0.0268 0.0000 0.0000 0.0001 0.0000 0.0000 0.0000 0.0000 0.0000 0.0000 0.0003 0.0001 0.0001 0.0000 0.0036 0.0002 0.0001 0.0005 0.0000 0.0000 0.0000 0.0000 0.0000 0.0000 0.0002 0.0000 0.0000 0.0000 0.0625 0.0000 0.0000 0.0000 0.0000 0.0000 0.0000 0.0000
0.0000 0.0000 0.0002 0.0002 0.0008 0.0142 0.1071 0.0265 0.0341 0.0000 0.0000 0.0000 0.0000 0.0000 0.0000 0.0000 0.0007 0.0017 0.0005 0.0005 0.0001 0.0046 0.0199 0.0007 0.0011 0.0001 0.0000 0.0000 0.0008 0.0000 0.0058 0.0020 0.0000 0.0000 0.0001 0.0001 0.0005 0.0012 0.0099 0.0015 0.0000 0.0006 0.0034 0.0048 0.0077 0.0008 0.0017 0.0012 0.0172 0.0643 0.0000 0.0002 0.0000 0.0000 0.0000 0.0000 0.0000 0.0000 0.0000 0.0000 0.0000 0.0000 0.0000 0.0000
0.0000 0.0000 0.0000 0.0000 0.0001 0.0000 0.0000 0.0000 0.0000 0.0000 0.0000 0.0000 0.0000 0.0000 0.0000 0.0000 0.0000 0.0000 0.0000 0.0007 0.0053 0.0000 0.0000 0.0000 0.0000 0.0001 0.0000 0.0009 0.0032 0.0063 0.0096 0.0032 0.0002 0.0001 0.0001 0.0002 0.0002 0.0008 0.0009 0.0000 0.0000 0.0000 0.0000 0.0000 0.0000 0.0000 0.0000 0.0000 0.0000 0.0000 0.0000 0.0000 0.0000 0.0000 0.0000 0.0000 0.0647 0.0000 0.0000 0.0000 0.0000 0.0000 0.0000 0.0000
0.0000 0.0002 0.0000 0.0006 0.0005 0.0002 0.0003 0.0001 0.0001 0.0000 0.0003 0.0011 0.0000 0.0000 0.0000 0.0000 0.0000 0.0000 0.0000 0.0000 0.0000 0.0000 0.0049 0.0000 0.0000 0.0000 0.0000 0.0000 0.0000 0.0001 0.0000 0.0000 0.0000 0.0000 0.0000 0.0000 0.0000 0.0000 0.0000 0.0000 0.0000 0.0001 0.0065 0.0039 0.0046 0.0016 0.0101 0.0993 0.3491 0.0280 0.0007 0.0011 0.0001 0.0000 0.0000 0.0000 0.0000 0.0000 0.0000 0.0000 0.0000 0.0000 0.0002 0.0011
0.0000 0.0000 0.0000 0.0000 0.0000 0.0000 0.0000 0.0000 0.0000 0.0000 0.0000 0.0000 0.0000 0.0000 0.0000 0.0000 0.0000 0.0000 0.0000 0.0000 0.0000 0.0000 0.0000 0.0000 0.0000 0.0000 0.0000 0.0000 0.0000 0.0000 0.0000 0.0000 0.0009 0.0011 0.0000 0.0003 0.0000 0.0000 0.0000 0.0000 0.0000 0.0000 0.0000 0.0000 0.0000 0.0000 0.0000 0.0000 0.0000 0.0000 0.0000 0.0000 0.0000 0.0000 0.0000 0.0000 0.0000 0.0000 0.0000 0.0000 0.0000 0.0000 0.0000 0.0000
0.0000 0.0000 0.0000 0.0000 0.0001 0.0000 0.0000 0.0000 0.0000 0.0000 0.0000 0.0000 0.0000 0.0024 0.0001 0.0000 0.0000 0.0000 0.0000 0.0000 0.0000 0.0000 0.0001 0.0000 0.0000 0.0000 0.0000 0.0000 0.0000 0.0000 0.0000 0.0000 0.0000 0.0000 0.0000 0.0001 0.0002 0.0000 0.0515 0.0000 0.0000 0.0000 0.0000 0.0026 0.0000 0.0000 0.2923 0.1207 0.0000 0.4202 0.0000 0.1994 0.0000 0.0000 0.0000 0.0000 0.0000 0.0001 0.0000 0.0000 0.0000 0.0000 0.0000 0.0000
0.0000 0.0000 0.0000 0.0000 0.0000 0.0000 0.0000 0.0000 0.0000 0.0000 0.0000 0.0000 0.0000 0.0000 0.0000 0.0000 0.0000 0.0000 0.0001 0.0000 0.0001 0.0001 0.0000 0.0017 0.0000 0.0027 0.0000 0.0000 0.0000 0.0000 0.0001 0.0000 0.0000 0.0003 0.0000 0.0000 0.0000 0.0000 0.0000 0.0001 0.0002 0.0001 0.0001 0.0000 0.0000 0.0000 0.0001 0.0000 0.0000 0.0000 0.0000 0.0002 0.0001 0.0000 0.0000 0.0025 0.0000 0.0000 0.0000 0.0421 0.0000 0.0000 0.0000 0.0000
0.0000 0.0000 0.0000 0.0000 0.0000 0.0000 0.0000 0.0000 0.0000 0.0000 0.0000 0.0000 0.0004 0.0000 0.0000 0.0000 0.0000 0.0000 0.0006 0.0000 0.0038 0.0000 0.0000 0.0000 0.0000 0.0000 0.0083 0.0000 0.0000 0.0037 0.0021 0.0000 0.0000 0.0000 0.0000 0.0000 0.0000 0.0001 0.0023 0.0005 0.0033 0.0049 0.0019 0.0030 0.0056 0.0000 0.0050 0.0307 0.0071 0.0079 0.0101 0.0048 0.0070 0.0010 0.0272 0.0397 0.0030 0.0035 0.0145 0.0017 0.0020 0.0000 0.0002 0.2827
0.2492 0.1760 0.1328 0.0001 0.0002 0.0000 0.0001 0.0000 0.0000 0.0000 0.0001 0.0000 0.0441 0.0532 0.0000 0.2155 0.2968 0.0108 0.0001 0.0000 0.0000 0.0000 0.0000 0.0000 0.0000 0.0000 0.0000 0.0000 0.0000 0.1011 0.0308 0.0005 0.0000 0.0000 0.0000 0.0000 0.0000 0.0000 0.0003 0.0001 0.0005 0.0006 0.0005 0.0003 0.0000 0.0000 0.0004 0.0001 0.0002 0.0000 0.0000 0.0000 0.0012 0.0000 0.0023 0.0001 0.0000 0.0000 0.0000 0.0000 0.0000 0.0000 0.0000 0.0000
0.0000 0.0003 0.0006 0.0002 0.0000 0.0000 0.0000 0.0001 0.0000 0.0000 0.0003 0.0008 0.0000 0.0003 0.0001 0.0001 0.0808 0.0008 0.0011 0.0001 0.0004 0.0004 0.0012 0.0005 0.0007 0.0006 0.0000 0.0001 0.0014 0.0000 0.0000 0.0000 0.0000 0.0000 0.1177 0.0000 0.0001 0.0001 0.0024 0.0123 0.0010 0.0781 0.0020 0.0002 0.0000 0.0003 0.0001 0.0030 0.0037 0.0020 0.0004 0.0000 0.0146 0.0000 0.0000 0.0002 0.0000 0.0002 0.0016 0.0000 0.0000 0.0000 0.0000 0.0000
0.0000 0.0000 0.0000 0.0000 0.0000 0.0000 0.0000 0.0000 0.1670 0.6195 0.4037 0.0234 0.0597 0.0830 0.0000 0.0000 0.0000 0.0000 0.0000 0.0000 0.0000 0.0000 0.0000 0.0000 0.0001 0.0000 0.0000 0.0000 0.0000 0.0000 0.0000 0.0000 0.0011 0.0005 0.0004 0.0013 0.0011 0.0011 0.0030 0.0000 0.0000 0.0000 0.0000 0.0000 0.0000 0.0000 0.0000 0.0000 0.0000 0.0932 0.0068 0.0346 0.0006 0.0032 0.0393 0.1010 0.1207 0.0400 0.1200 0.0224 0.0000 0.0000 0.0000 0.0000
0.0000 0.0000 0.0033 0.0000 0.0000 0.0001 0.0000 0.0000 0.0000 0.0000 0.0084 0.0000 0.0000 0.0000 0.0000 0.0000 0.0000 0.0000 0.0000 0.0000 0.0000 0.0000 0.0000 0.0000 0.0000 0.0000 0.0000 0.0000 0.0000 0.0000 0.0000 0.0000 0.0000 0.0000 0.0000 0.0000 0.0000 0.0000 0.0000 0.0000 0.0000 0.0000 0.2351 0.0036 0.0000 0.0000 0.0000 0.0005 0.0069 0.0009 0.0038 0.0008 0.0031 0.0003 0.0082 0.0185 0.0006 0.0005 0.0013 0.0000 0.0000 0.0000 0.0000 0.0000
0.0000 0.0000 0.0000 0.0000 0.0000 0.0000 0.0000 0.0000 0.0000 0.0000 0.0000 0.0001 0.0000 0.0000 0.0000 0.0000 0.0006 0.0011 0.0026 0.0007 0.0504 0.0088 0.0003 0.0104 0.3649 0.4427 0.1551 0.0000 0.0000 0.0000 0.0000 0.0000 0.0000 0.0000 0.0000 0.0000 0.0000 0.0000 0.0000 0.0000 0.0000 0.0000 0.0036 0.0004 0.0000 0.0000 0.0000 0.0064 0.0013 0.0036 0.0002 0.0000 0.0003 0.0001 0.0000 0.0074 0.0002 0.0000 0.0010 0.0003 0.0000 0.0000 0.0000 0.0000
0.0000 0.0000 0.0000 0.0000 0.0000 0.0000 0.0000 0.0000 0.0000 0.0000 0.0000 0.0000 0.0000 0.0000 0.0000 0.0000 0.0000 0.0001 0.0000 0.0000 0.0001 0.0000 0.0023 0.0000 0.0000 0.0038 0.0000 0.0000 0.0000 0.0000 0.0000 0.0018 0.0000 0.0000 0.0001 0.0000 0.0001 0.0500 0.0179 0.0019 0.0000 0.0000 0.0018 0.0000 0.0000 0.0002 0.0982 0.0338 0.0526 0.0000 0.0660 0.0002 0.0000 0.0000 0.2945 0.0147 0.1306 0.0000 0.0001 0.0000 0.0000 0.0000 0.0000 0.0001
0.0629 0.1482 0.0096 0.0080 0.0265 0.0177 0.1213 0.0002 0.0000 0.0000 0.0000 0.0007 0.0002 0.0000 0.0001 0.0000 0.0000 0.0000 0.0000 0.0000 0.0000 0.0000 0.0000 0.0011 0.0000 0.0017 0.0000 0.0000 0.0000 0.0000 0.0000 0.0000 0.0000 0.0000 0.0000 0.0000 0.0000 0.0000 0.0000 0.0000 0.0000 0.0000 0.0000 0.0085 0.1013 0.1359 0.0000 0.0000 0.0000 0.0000 0.0000 0.0000 0.0000 0.0000 0.0005 0.0000 0.0003 0.0000 0.0015 0.0000 0.0000 0.0000 0.0000 0.0000
0.0000 0.0000 0.0000 0.0000 0.0000 0.0000 0.0000 0.0000 0.0000 0.0000 0.0001 0.0000 0.0000 0.0000 0.0000 0.0000 0.0000 0.0000 0.0003 0.0000 0.0000 0.0003 0.0000 0.0000 0.0001 0.0005 0.0001 0.0001 0.0001 0.0000 0.0000 0.0000 0.0001 0.0001 0.0000 0.0000 0.0001 0.0000 0.0831 0.0228 0.0000 0.0000 0.0000 0.0000 0.0000 0.0000 0.0000 0.0433 0.0000 0.0018 0.0000 0.0000 0.0000 0.0000 0.0000 0.0000 0.0000 0.0000 0.0003 0.0000 0.0000 0.0000 0.0000 0.0000
0.0003 0.0002 0.0009 0.0002 0.0001 0.0001 0.0001 0.0001 0.0000 0.0000 0.0001 0.0002 0.0000 0.0000 0.0000 0.0000 0.0000 0.0000 0.0000 0.0000 0.0000 0.0049 0.3653 0.2216 0.0001 0.0000 0.0000 0.0000 0.0000 0.0000 0.0000 0.0000 0.0000 0.0000 0.0000 0.0000 0.0000 0.0000 0.0000 0.0000 0.0000 0.0000 0.0000 0.0000 0.0000 0.0000 0.0005 0.0000 0.0000 0.0000 0.0000 0.0000 0.0000 0.0000 0.0000 0.0000 0.0000 0.0002 0.0000 0.0000 0.0000 0.0000 0.0000 0.0000
0.0000 0.0000 0.0000 0.0000 0.0000 0.0000 0.0000 0.0000 0.0000 0.0000 0.0000 0.0000 0.0000 0.0363 0.0637 0.0355 0.0000 0.0000 0.0000 0.0000 0.0779 0.0000 0.0336 0.1612 0.0153 0.0000 0.1049 0.1397 0.0396 0.0010 0.0006 0.0000 0.0000 0.0002 0.0000 0.0003 0.0000 0.0000 0.0001 0.0001 0.0000 0.0000 0.0024 0.1174 0.0000 0.0000 0.0000 0.0000 0.0001 0.0003 0.0039 0.0021 0.0012 0.0005 0.0000 0.0000 0.0110 0.0995 0.0010 0.0000 0.0000 0.0000 0.0000 0.0000
0.0000 0.0000 0.0000 0.0000 0.0000 0.0000 0.0000 0.0000 0.0000 0.0000 0.0000 0.0000 0.0000 0.0000 0.0000 0.0000 0.0000 0.0001 0.0006 0.0004 0.0001 0.0000 0.0000 0.0000 0.0009 0.0013 0.0000 0.0000 0.0001 0.0000 0.0000 0.0000 0.0000 0.0002 0.0000 0.0000 0.0000 0.0000 0.0000 0.0000 0.0000 0.0001 0.0001 0.0005 0.0000 0.0012 0.0057 0.0002 0.0020 0.0001 0.0004 0.0002 0.0002 0.0000 0.0000 0.0004 0.0000 0.0000 0.0002 0.0000 0.0000 0.0000 0.0000 0.0000
0.0000 0.0000 0.0000 0.0000 0.0001 0.0000 0.0000 0.0000 0.0000 0.0000 0.0000 0.0000 0.0000 0.0000 0.0000 0.0000 0.0000 0.0000 0.0000 0.0000 0.0000 0.0000 0.0000 0.0000 0.0000 0.0000 0.0000 0.0000 0.0000 0.0000 0.0000 0.0000 0.0006 0.0000 0.0000 0.0000 0.0000 0.0000 0.0000 0.0000 0.0000 0.0000 0.0000 0.0000 0.0000 0.0000 0.0000 0.0000 0.0000 0.0000 0.0000 0.0000 0.0000 0.0000 0.0000 0.0000 0.0000 0.0000 0.0000 0.0000 0.0000 0.0000 0.0000 0.0000
0.0000 0.0000 0.0000 0.0000 0.0000 0.0000 0.0000 0.0000 0.0000 0.0000 0.0000 0.0128 0.0000 0.0000 0.0000 0.0000 0.0003 0.0025 0.0001 0.0350 0.0000 0.0000 0.0000 0.0000 0.0000 0.0000 0.0000 0.0000 0.0000 0.0000 0.0000 0.0000 0.0000 0.0000 0.0000 0.0000 0.0000 0.0000 0.0002 0.0000 0.0000 0.0000 0.0000 0.0000 0.0000 0.0925 0.1897 0.1447 0.0007 0.0001 0.0212 0.0000 0.0000 0.0000 0.0000 0.0000 0.0000 0.0000 0.0000 0.0000 0.0000 0.0000 0.0000 0.0000
0.0000 0.0000 0.0000 0.0000 0.0000 0.0000 0.0000 0.0000 0.0000 0.0000 0.0067 0.0001 0.0000 0.0000 0.0000 0.0000 0.0000 0.0000 0.0000 0.0000 0.0000 0.0000 0.0000 0.0000 0.0000 0.0000 0.0000 0.0000 0.0000 0.0000 0.0000 0.0000 0.0000 0.0000 0.0000 0.0000 0.0000 0.0000 0.0000 0.0000 0.0000 0.0000 0.0000 0.0000 0.0000 0.0000 0.0000 0.0000 0.0001 0.0008 0.0001 0.0000 0.0000 0.0000 0.0003 0.0071 0.0009 0.0000 0.0000 0.0003 0.0001 0.0000 0.0000 0.0000
0.0018 0.0006 0.0006 0.0000 0.0001 0.0000 0.0000 0.0000 0.0000 0.0000 0.0447 0.0023 0.0000 0.1501 0.0000 0.0804 0.0000 0.0000 0.0000 0.0000 0.0000 0.0005 0.0035 0.0010 0.0001 0.0000 0.0005 0.0004 0.0013 0.0008 0.0011 0.0008 0.0010 0.0000 0.0002 0.0003 0.0001 0.0009 0.0000 0.0029 0.0066 0.0000 0.0016 0.0003 0.0000 0.0029 0.0000 0.0000 0.0000 0.0006 0.0023 0.0023 0.0000 0.0000 0.0000 0.0000 0.0000 0.0000 0.0003 0.0001 0.0000 0.0000 0.0000 0.0000
0.0000 0.0000 0.0000 0.0000 0.0000 0.0000 0.0000 0.0000 0.0000 0.0000 0.0000 0.0000 0.0000 0.0000 0.0000 0.0001 0.0000 0.0000 0.0000 0.0000 0.0000 0.0001 0.0008 0.0000 0.0000 0.0000 0.0000 0.0000 0.0000 0.0000 0.0000 0.0000 0.0001 0.0000 0.0000 0.0002 0.0003 0.0003 0.0182 0.0016 0.0002 0.0001 0.0032 0.0001 0.0000 0.0001 0.0025 0.0011 0.0005 0.0002 0.0003 0.0006 0.0008 0.1901 0.0000 0.0018 0.0000 0.0540 0.0000 0.0034 0.0000 0.0000 0.0000 0.0000
0.0000 0.0000 0.0000 0.0000 0.0000 0.0000 0.0000 0.0000 0.0000 0.0000 0.0000 0.0000 0.0000 0.0000 0.0000 0.0000 0.0000 0.0000 0.0000 0.0000 0.0000 0.0000 0.0000 0.0000 0.0000 0.0000 0.0000 0.0000 0.0000 0.0000 0.0000 0.0000 0.0000 0.0000 0.0000 0.0000 0.0000 0.0000 0.0000 0.0002 0.1474 0.1214 0.3227 0.0000 0.0000 0.0000 0.0000 0.0000 0.0000 0.0000 0.0013 0.0003 0.0000 0.0000 0.0000 0.0000 0.0000 0.0000 0.0418 0.0000 0.0000 0.0000 0.0001 0.0000
0.0000 0.0000 0.0000 0.0000 0.0000 0.0000 0.0000 0.0000 0.0000 0.0000 0.0000 0.0000 0.0000 0.0000 0.0000 0.0000 0.0000 0.0000 0.0000 0.0000 0.0000 0.0000 0.0000 0.0020 0.0000 0.0000 0.0000 0.0000 0.0000 0.0011 0.0000 0.0000 0.0000 0.0000 0.0000 0.0000 0.0000 0.0000 0.0000 0.0000 0.0000 0.0000 0.0000 0.0000 0.0000 0.0000 0.0000 0.0000 0.0000 0.0000 0.0000 0.0000 0.0000 0.0000 0.0000 0.0000 0.0000 0.0000 0.0000 0.0000 0.0000 0.0000 0.0000 0.0000
0.0001 0.0001 0.0003 0.0001 0.0000 0.0000 0.0000 0.0000 0.0000 0.0000 0.0000 0.0006 0.0000 0.0000 0.0000 0.0000 0.0000 0.0000 0.0000 0.0000 0.0000 0.0000 0.0000 0.0000 0.0000 0.0000 0.0000 0.0000 0.0000 0.0000 0.0001 0.0000 0.0000 0.0000 0.0000 0.0000 0.0000 0.0000 0.0000 0.0000 0.0000 0.0000 0.0000 0.0000 0.0000 0.0000 0.0000 0.0000 0.0000 0.0000 0.0000 0.0001 0.0000 0.0000 0.0000 0.0000 0.0000 0.0000 0.0000 0.0000 0.0000 0.0000 0.0000 0.0000
0.0001 0.0000 0.0000 0.0000 0.0000 0.0000 0.0000 0.0001 0.0000 0.0000 0.0000 0.0000 0.0000 0.0000 0.0000 0.0000 0.0000 0.0000 0.0038 0.0000 0.0001 0.0000 0.0032 0.0016 0.0000 0.0000 0.0000 0.0000 0.0000 0.0000 0.0000 0.0004 0.0000 0.0000 0.0000 0.0000 0.0000 0.0000 0.0000 0.0000 0.0000 0.0001 0.0005 0.0001 0.0002 0.0017 0.0007 0.0581 0.0019 0.0008 0.0003 0.0012 0.0000 0.0000 0.0005 0.0122 0.0001 0.0000 0.0000 0.0016 0.0004 0.0000 0.0000 0.0001
0.0003 0.0004 0.0003 0.0002 0.0009 0.0001 0.0000 0.0000 0.0000 0.0000 0.1295 0.1977 0.1553 0.0000 0.0489 0.0000 0.0000 0.0000 0.0000 0.0000 0.0000 0.0000 0.0008 0.0000 0.0000 0.0000 0.0000 0.0000 0.0002 0.0002 0.0002 0.0000 0.0000 0.1726 0.1700 0.0000 0.0000 0.0000 0.0008 0.0000 0.0000 0.0000 0.0000 0.0000 0.0000 0.0000 0.0000 0.0000 0.0000 0.0003 0.1639 0.0718 0.0925 0.0000 0.1310 0.0000 0.1229 0.0000 0.0000 0.0000 0.0000 0.0000 0.0000 0.0000
0.0000 0.0000 0.0000 0.0000 0.0001 0.0000 0.0000 0.0000 0.0000 0.0000 0.0000 0.0000 0.0000 0.0000 0.0000 0.0000 0.0000 0.0000 0.0000 0.0000 0.0003 0.0000 0.0024 0.0000 0.0009 0.0022 0.0000 0.0000 0.0000 0.0000 0.0000 0.0000 0.0000 0.0000 0.0000 0.0000 0.0000 0.0000 0.0000 0.0000 0.0000 0.0000 0.0000 0.0000 0.0000 0.0000 0.0000 0.0000 0.0000 0.0000 0.0000 0.0000 0.0000 0.0000 0.0000 0.0000 0.0000 0.0000 0.0000 0.0000 0.0000 0.0000 0.0000 0.0000
0.0000 0.0000 0.0000 0.0000 0.0000 0.0000 0.0000 0.0000 0.0000 0.0000 0.0000 0.0000 0.0000 0.0000 0.0000 0.0000 0.0000 0.0000 0.0000 0.0000 0.0000 0.0000 0.0000 0.0000 0.0000 0.0000 0.0000 0.0000 0.0000 0.0000 0.0000 0.0000 0.0000 0.0000 0.0000 0.0000 0.0000 0.0000 0.0000 0.0000 0.0000 0.0000 0.0000 0.1245 0.0000 0.0000 0.0000 0.0000 0.0000 0.0000 0.0000 0.0000 0.0000 0.0000 0.0000 0.0019 0.0319 0.2402 0.0000 0.0000 0.0000 0.0000 0.0000 0.0000
0.0051 0.0088 0.0021 0.0006 0.0000 0.0000 0.0000 0.0000 0.0000 0.0000 0.0000 0.0000 0.0000 0.0000 0.0000 0.0000 0.0000 0.0005 0.0000 0.0002 0.0001 0.0013 0.0018 0.0007 0.0006 0.0005 0.0004 0.0009 0.0011 0.0008 0.0023 0.0008 0.0702 0.0000 0.0000 0.0536 0.0445 0.0706 0.1231 0.1518 0.1326 0.0000 0.0750 0.0000 0.0000 0.0250 0.0000 0.0000 0.0000 0.0010 0.0072 0.0024 0.0017 0.0002 0.0006 0.0393 0.0021 0.0012 0.0123 0.0010 0.0005 0.0009 0.0001 0.0005
0.0000 0.0000 0.0000 0.0000 0.0000 0.0000 0.0000 0.0000 0.0000 0.0000 0.0027 0.0001 0.0000 0.0000 0.0000 0.0000 0.0004 0.0022 0.0003 0.0941 0.1308 0.0010 0.0010 0.0001 0.0000 0.0002 0.0003 0.0001 0.0002 0.0001 0.0007 0.0004 0.0781 0.3588 0.3515 0.1063 0.0581 0.1156 0.1515 0.1884 0.1496 0.1032 0.0000 0.0748 0.0000 0.0025 0.0000 0.0000 0.0187 0.0000 0.0010 0.0000 0.0000 0.0000 0.0000 0.0015 0.0000 0.0001 0.0001 0.0000 0.0000 0.0000 0.0000 0.0000
0.0000 0.0000 0.0000 0.0000 0.0000 0.0000 0.0000 0.0000 0.0000 0.0000 0.0000 0.0000 0.0000 0.0000 0.0000 0.0000 0.0000 0.0000 0.0000 0.0000 0.0000 0.0000 0.0000 0.0000 0.0000 0.0000 0.0000 0.0000 0.0000 0.0000 0.0023 0.0000 0.0000 0.0000 0.0000 0.0000 0.0000 0.0000 0.0000 0.0000 0.0000 0.0000 0.0000 0.0000 0.0000 0.0000 0.0000 0.0000 0.0000 0.0000 0.0000 0.0000 0.0000 0.0000 0.0000 0.0057 0.0000 0.0000 0.0000 0.0000 0.0000 0.0000 0.0000 0.0000
0.0000 0.0000 0.0000 0.0000 0.0000 0.0000 0.0000 0.0000 0.0000 0.0000 0.0000 0.0000 0.0000 0.0000 0.0034 0.1169 0.1818 0.6335 0.7581 0.0000 0.2198 0.0025 0.0000 0.5393 0.4941 0.5268 0.3214 0.3656 0.5024 0.3138 0.5066 0.6015 0.5383 0.0858 0.0623 0.1145 0.0228 0.0000 0.0792 0.0454 0.0004 0.0000 0.0000 0.0000 0.0000 0.0000 0.0000 0.0000 0.0000 0.0000 0.0000 0.0003 0.0000 0.0000 0.0000 0.0000 0.0000 0.0000 0.0000 0.0000 0.0000 0.0000 0.0000 0.0000
0.0000 0.0000 0.0001 0.0001 0.0000 0.0000 0.0000 0.0000 0.0000 0.0000 0.0000 0.0000 0.0000 0.0000 0.0001 0.0001 0.0000 0.0000 0.0000 0.0000 0.0000 0.0000 0.0000 0.0000 0.0000 0.0000 0.0000 0.0000 0.0000 0.0000 0.0000 0.0000 0.0000 0.0000 0.0000 0.0000 0.0000 0.0000 0.0000 0.0000 0.0000 0.0000 0.0000 0.0000 0.0000 0.0000 0.0000 0.0000 0.0028 0.0001 0.0001 0.0004 0.0000 0.0000 0.0000 0.0061 0.0003 0.0000 0.0000 0.0003 0.0000 0.0000 0.0000 0.0000
0.0000 0.0000 0.0000 0.0000 0.0001 0.0003 0.0000 0.0003 0.0000 0.0000 0.0000 0.0002 0.0000 0.0000 0.0000 0.0000 0.0000 0.0001 0.0000 0.0000 0.0000 0.0003 0.0002 0.0001 0.0002 0.0002 0.0000 0.0001 0.0007 0.0000 0.0002 0.0000 0.0000 0.0000 0.0001 0.0001 0.0000 0.0000 0.0058 0.1337 0.0008 0.0003 0.0000 0.0000 0.0095 0.0270 0.1304 0.0025 0.0002 0.0005 0.0001 0.0004 0.0000 0.0000 0.0000 0.0130 0.0000 0.0000 0.0000 0.0000 0.0000 0.0000 0.0000 0.0000
0.0000 0.0000 0.0001 0.0000 0.0000 0.0000 0.0000 0.0000 0.0000 0.0000 0.0000 0.0000 0.0000 0.0000 0.0000 0.0000 0.0000 0.0015 0.0004 0.0003 0.0000 0.0000 0.0212 0.0000 0.0000 0.0002 0.0000 0.0000 0.0000 0.0000 0.0000 0.0000 0.0000 0.0000 0.0000 0.0000 0.0000 0.0000 0.0000 0.0000 0.0000 0.0000 0.0000 0.0000 0.0000 0.0021 0.0964 0.1823 0.2915 0.2505 0.1983 0.2724 0.3886 0.6324 0.1642 0.1013 0.0000 0.1270 0.0000 0.0000 0.0000 0.0000 0.0000 0.0000
