0.5088 0.4055 0.5332 0.3770 0.0009 0.1417 0.0014 0.0002 0.0001 0.2020 0.1749 0.0018 0.0037 0.0017 0.0194 0.0021 0.0005 0.0194 0.0030 0.0012 0.0009 0.0008 0.0002 0.0007 0.0002 0.0013 0.0002 0.0005 0.0007 0.0019 0.0005 0.0005 0.0000 0.0000 0.0000 0.0000 0.0000 0.0000 0.0000 0.0000 0.0000 0.0007 0.0010 0.0001 0.0000 0.0000 0.0001 0.0035 0.0034 0.0051 0.0101 0.0048 0.0001 0.0001 0.0059 0.0001 0.0002 0.0002 0.0000 0.0001 0.0000 0.0000 0.0000 0.0000
0.0000 0.0000 0.0000 0.0000 0.0000 0.0007 0.0863 0.0000 0.0483 0.0693 0.0644 0.0162 0.0000 0.0000 0.0000 0.0518 0.0000 0.0000 0.0000 0.0000 0.0813 0.0000 0.0000 0.1288 0.0238 0.0642 0.0000 0.0000 0.0000 0.0000 0.0001 0.0000 0.0000 0.0000 0.0000 0.0000 0.0000 0.0000 0.0017 0.0000 0.0000 0.0000 0.0000 0.0000 0.0000 0.0000 0.0000 0.0078 0.0003 0.0001 0.0000 0.0001 0.0000 0.0000 0.0000 0.0000 0.0000 0.0000 0.0000 0.0239 0.0000 0.0004 0.0000 0.0000
0.0000 0.0000 0.0000 0.0227 0.0000 0.0203 0.0000 0.0000 0.0000 0.0000 0.0000 0.0001 0.0000 0.1868 0.0000 0.0000 0.0000 0.0000 0.0000 0.0020 0.0000 0.0000 0.0000 0.0000 0.0000 0.0000 0.0000 0.0000 0.0003 0.0001 0.0105 0.0080 0.0002 0.0000 0.0000 0.0023 0.0521 0.0000 0.0000 0.0000 0.0000 0.0002 0.0000 0.0000 0.0000 0.0000 0.0000 0.0000 0.0000 0.0000 0.0043 0.0023 0.0032 0.0071 0.0000 0.0000 0.0000 0.0000 0.0841 0.0000 0.0000 0.1420 0.0000 0.0000
0.0000 0.0000 0.0000 0.0000 0.0000 0.0002 0.0003 0.0001 0.0000 0.0000 0.0000 0.0000 0.0000 0.0000 0.0000 0.0000 0.0000 0.0000 0.0000 0.0000 0.0000 0.0000 0.0000 0.0000 0.0000 0.0000 0.0000 0.0000 0.0000 0.0000 0.0008 0.0000 0.0001 0.0000 0.0000 0.0000 0.0000 0.0000 0.0000 0.0000 0.0000 0.0000 0.0000 0.0000 0.0000 0.0000 0.0000 0.0000 0.0000 0.0000 0.0000 0.0000 0.0000 0.0000 0.0000 0.0000 0.0000 0.0000 0.0000 0.0000 0.0000 0.0000 0.0000 0.0000
0.0000 0.0000 0.0001 0.0000 0.0000 0.0000 0.0000 0.0000 0.0000 0.0000 0.0001 0.0000 0.0000 0.0000 0.0000 0.0000 0.0000 0.0000 0.0683 0.0047 0.0000 0.0000 0.0000 0.0000 0.0000 0.0026 0.0013 0.0003 0.0025 0.0032 0.0037 0.0001 0.0000 0.0008 0.0000 0.0000 0.0000 0.0000 0.0001 0.0000 0.0002 0.0054 0.0160 0.0027 0.0161 0.0066 0.0294 0.0020 0.0000 0.0000 0.0952 0.0382 0.0022 0.0004 0.0034 0.0000 0.0015 0.0016 0.0003 0.0047 0.0104 0.0069 0.0029 0.0641
0.0000 0.0000 0.0000 0.0000 0.0002 0.0000 0.0006 0.0000 0.0001 0.0000 0.0001 0.0000 0.0000 0.0000 0.0000 0.0000 0.0000 0.0000 0.0000 0.0000 0.0000 0.0000 0.0000 0.0000 0.0000 0.0000 0.0000 0.0000 0.0000 0.0000 0.0000 0.0000 0.0000 0.0000 0.0000 0.0000 0.0000 0.0000 0.0000 0.0000 0.0007 0.0012 0.0016 0.0010 0.0137 0.0003 0.0007 0.0003 0.0013 0.0123 0.0004 0.0015 0.0028 0.0002 0.0003 0.0002 0.0011 0.0006 0.0007 0.0010 0.0013 0.0092 0.0294 0.0413
0.0002 0.0000 0.0001 0.0026 0.0000 0.0000 0.0000 0.0000 0.0000 0.0000 0.0000 0.0000 0.0001 0.0000 0.0000 0.0753 0.0000 0.0000 0.0008 0.0023 0.0063 0.0000 0.0000 0.0000 0.0000 0.0000 0.0000 0.0000 0.0000 0.0000 0.0000 0.0572 0.0503 0.0328 0.0150 0.0003 0.0000 0.0000 0.0000 0.0000 0.0000 0.0000 0.0032 0.0009 0.0008 0.0000 0.0000 0.1699 0.0487 0.1126 0.0000 0.0074 0.0638 0.0432 0.1356 0.1126 0.1406 0.1527 0.0752 0.0000 0.0000 0.0000 0.0000 0.0000
0.0000 0.0000 0.0000 0.0010 0.0000 0.0000 0.0000 0.0000 0.0000 0.0000 0.0000 0.0000 0.0529 0.0004 0.0000 0.0034 0.0000 0.0000 0.0000 0.0000 0.0003 0.0007 0.0000 0.0000 0.0000 0.0000 0.0000 0.0003 0.0000 0.0000 0.0001 0.0001 0.0000 0.0000 0.0000 0.0000 0.0000 0.0000 0.0000 0.0000 0.0000 0.0050 0.0000 0.0001 0.0000 0.0000 0.0000 0.0000 0.0000 0.0000 0.1085 0.0000 0.0921 0.0758 0.1393 0.1762 0.0579 0.0000 0.0000 0.0000 0.0000 0.0000 0.0000 0.0000
0.0001 0.0000 0.0001 0.0000 0.0000 0.0000 0.0001 0.0001 0.0000 0.0000 0.0011 0.0012 0.0007 0.0002 0.0000 0.0000 0.0000 0.0321 0.0329 0.0267 0.0222 0.0262 0.0633 0.0000 0.0835 0.0000 0.1096 0.1977 0.0607 0.0566 0.0802 0.0709 0.0548 0.2786 0.3043 0.3834 0.0000 0.0000 0.0000 0.0000 0.0000 0.0985 0.0001 0.0000 0.0000 0.0000 0.0000 0.0000 0.0000 0.0000 0.0014 0.0000 0.0000 0.0022 0.0017 0.0000 0.0054 0.0404 0.0000 0.0033 0.0000 0.0000 0.0000 0.0000
0.0000 0.0000 0.0672 0.0000 0.0221 0.0027 0.0009 0.0002 0.0004 0.0004 0.0023 0.0006 0.0006 0.0002 0.0001 0.0001 0.1175 0.0000 0.0106 0.0000 0.0945 0.0000 0.0000 0.1780 0.0000 0.0268 0.1138 0.1287 0.1335 0.1357 0.1565 0.1236 0.1549 0.1237 0.0861 0.0696 0.1109 0.2146 0.0477 0.0016 0.0001 0.0000 0.0002 0.0000 0.0000 0.0000 0.0001 0.0003 0.0003 0.0022 0.0001 0.0069 0.0002 0.0000 0.0000 0.0000 0.0000 0.0000 0.0000 0.0000 0.0000 0.0000 0.0000 0.0000
0.0002 0.0000 0.0000 0.0000 0.0000 0.0000 0.0000 0.0000 0.0000 0.0000 0.0000 0.0000 0.0000 0.0000 0.0000 0.0000 0.0000 0.0000 0.0000 0.0000 0.0000 0.0000 0.0000 0.0000 0.0000 0.0000 0.0000 0.0000 0.0003 0.0000 0.0000 0.0000 0.0000 0.0000 0.0000 0.0000 0.0000 0.0000 0.0000 0.0000 0.0000 0.0000 0.0000 0.0000 0.0000 0.0000 0.0000 0.0000 0.0000 0.0001 0.0000 0.0000 0.0001 0.0000 0.0000 0.0001 0.0001 0.0000 0.0002 0.0000 0.0000 0.0000 0.0000 0.0000
0.0033 0.0000 0.0000 0.0000 0.0000 0.0000 0.0003 0.4429 0.5513 0.1911 0.2430 0.2252 0.1477 0.0000 0.0000 0.0000 0.0148 0.0732 0.0000 0.0000 0.0000 0.3124 0.0000 0.0000 0.1788 0.2796 0.2433 0.1701 0.1164 0.1135 0.0520 0.0714 0.0630 0.0003 0.0000 0.0000 0.0000 0.0000 0.1564 0.2194 0.2327 0.0950 0.1431 0.1931 0.0843 0.0002 0.0002 0.0001 0.1323 0.0007 0.0005 0.0005 0.0133 0.0002 0.0016 0.0003 0.0008 0.0005 0.0007 0.1339 0.0233 0.0133 0.0001 0.0083
0.0000 0.0000 0.0000 0.0000 0.0000 0.0001 0.0462 0.0000 0.0000 0.0000 0.0000 0.0008 0.1145 0.0000 0.1282 0.0032 0.1472 0.1722 0.1946 0.2012 0.1089 0.0000 0.0771 0.0006 0.0047 0.0010 0.0000 0.0000 0.0000 0.0000 0.0000 0.0000 0.0000 0.0000 0.0000 0.0000 0.0000 0.0074 0.0337 0.0091 0.0090 0.0040 0.0010 0.0010 0.0004 0.0000 0.0000 0.0000 0.0000 0.0000 0.0064 0.0026 0.0000 0.0000 0.0006 0.0027 0.0002 0.0051 0.0000 0.0000 0.0000 0.0000 0.0000 0.0000
0.0000 0.0000 0.0000 0.0000 0.0000 0.0000 0.0000 0.0001 0.0003 0.0001 0.0000 0.0000 0.0017 0.0002 0.0003 0.0014 0.0002 0.0008 0.0000 0.0003 0.0000 0.0001 0.0000 0.0002 0.0000 0.0000 0.0000 0.0000 0.0000 0.0000 0.0000 0.0220 0.0333 0.0000 0.1105 0.0999 0.0508 0.0672 0.0697 0.0662 0.0492 0.1120 0.0497 0.0873 0.0852 0.0561 0.0796 0.0596 0.0471 0.0246 0.0473 0.0268 0.0000 0.0000 0.0000 0.0000 0.0001 0.0000 0.0686 0.0000 0.0000 0.0484 0.1202 0.2129
0.0000 0.0000 0.0000 0.0000 0.0001 0.0000 0.0006 0.0000 0.0000 0.0000 0.0003 0.0005 0.0002 0.0000 0.0000 0.0000 0.0000 0.0000 0.0000 0.0002 0.0000 0.0182 0.0502 0.0000 0.0757 0.0197 0.0006 0.0002 0.0220 0.0217 0.0029 0.0002 0.0000 0.0003 0.0000 0.0000 0.0002 0.0000 0.0000 0.0000 0.0000 0.0000 0.0000 0.0000 0.0000 0.0000 0.1128 0.0018 0.0769 0.0785 0.0006 0.0024 0.1638 0.1044 0.0000 0.0002 0.0000 0.0001 0.0000 0.0000 0.0258 0.0004 0.0004 0.0137
0.0000 0.0000 0.0000 0.0000 0.0000 0.0007 0.0014 0.0001 0.0001 0.0004 0.0008 0.0002 0.0000 0.0000 0.0000 0.0000 0.0000 0.0000 0.0000 0.0001 0.0166 0.0002 0.0225 0.0002 0.0009 0.0481 0.0064 0.0001 0.0000 0.0001 0.0001 0.0842 0.0682 0.0312 0.0001 0.0000 0.0001 0.0000 0.0000 0.0009 0.0000 0.0002 0.0001 0.0001 0.0000 0.0000 0.0000 0.0013 0.0636 0.1252 0.0000 0.0000 0.0000 0.0000 0.0000 0.0000 0.0000 0.0000 0.0000 0.0000 0.0000 0.0000 0.0000 0.0000
0.0030 0.0026 0.0030 0.0019 0.0348 0.0030 0.0004 0.0001 0.0004 0.0007 0.0014 0.0200 0.0008 0.0008 0.0017 0.0006 0.0007 0.0021 0.0009 0.0010 0.0022 0.0058 0.0013 0.0001 0.0010 0.0000 0.0000 0.0000 0.0000 0.0000 0.0006 0.0001 0.0000 0.0000 0.0000 0.0000 0.0000 0.0000 0.0000 0.0000 0.0000 0.0000 0.0001 0.0000 0.0002 0.0024 0.0002 0.0057 0.0272 0.0334 0.0095 0.0010 0.0039 0.0025 0.0000 0.0001 0.0001 0.0074 0.0106 0.0035 0.0023 0.0003 0.0000 0.0000
0.0000 0.0000 0.0000 0.0000 0.2161 0.2831 0.0000 0.0000 0.0000 0.0000 0.0000 0.0000 0.0000 0.0000 0.0000 0.0000 0.1426 0.0792 0.0000 0.0000 0.0000 0.0000 0.0000 0.0000 0.0000 0.0000 0.0000 0.0000 0.0000 0.0000 0.0002 0.0000 0.0000 0.0000 0.0000 0.0000 0.0000 0.0636 0.0000 0.0000 0.0017 0.0000 0.0068 0.0000 0.0004 0.0001 0.0000 0.0004 0.0156 0.0005 0.0070 0.0223 0.0980 0.0001 0.0002 0.0003 0.0013 0.0005 0.0005 0.0005 0.0001 0.0069 0.0309 0.0635
0.0000 0.0000 0.0000 0.0000 0.0000 0.0000 0.0000 0.0000 0.0000 0.0000 0.0000 0.0002 0.0000 0.0000 0.0000 0.0000 0.0000 0.0000 0.0000 0.0001 0.0000 0.0000 0.0000 0.0000 0.0000 0.0000 0.0000 0.0000 0.0000 0.0000 0.0000 0.0000 0.0000 0.0188 0.0042 0.0419 0.0199 0.0000 0.0001 0.0000 0.0000 0.0644 0.1319 0.0012 0.0004 0.0001 0.0002 0.0002 0.0002 0.0006 0.0003 0.0612 0.0425 0.0000 0.0021 0.0000 0.0000 0.0765 0.0000 0.0000 0.0000 0.0000 0.0000 0.0005
0.0017 0.0000 0.0002 0.0004 0.0014 0.0004 0.0018 0.0039 0.0002 0.0000 0.0000 0.0000 0.0025 0.0681 0.0666 0.0000 0.0000 0.0184 0.0000 0.0000 0.0000 0.0015 0.0000 0.0000 0.0001 0.0000 0.0000 0.0000 0.0127 0.0593 0.0000 0.0002 0.0006 0.0002 0.0000 0.0000 0.0000 0.0000 0.0000 0.0000 0.0000 0.0000 0.0007 0.0000 0.0001 0.1039 0.0017 0.0031 0.0023 0.0000 0.0000 0.0000 0.0009 0.0761 0.0000 0.0000 0.0009 0.0000 0.0000 0.0000 0.0000 0.0000 0.0000 0.0000
0.0208 0.0104 0.0204 0.0014 0.0065 0.0006 0.0003 0.0000 0.0000 0.0000 0.0001 0.0001 0.0000 0.0000 0.0000 0.0000 0.0000 0.0000 0.0000 0.0005 0.0419 0.0294 0.0436 0.0620 0.0053 0.0001 0.0000 0.0000 0.0035 0.0017 0.0108 0.0033 0.0163 0.0000 0.0000 0.0001 0.0000 0.0000 0.0000 0.0001 0.0000 0.0000 0.0000 0.0000 0.0000 0.0000 0.0000 0.0000 0.0000 0.0000 0.0000 0.0000 0.0000 0.0011 0.0000 0.0000 0.0000 0.0000 0.0128 0.0000 0.0000 0.0000 0.0000 0.0120
0.0000 0.0000 0.0000 0.0000 0.0000 0.0000 0.0000 0.0001 0.0000 0.0000 0.0000 0.0000 0.0000 0.0000 0.0000 0.0000 0.0000 0.0000 0.0000 0.0000 0.0000 0.0000 0.0000 0.0000 0.0000 0.0000 0.0000 0.0000 0.0000 0.0000 0.0000 0.0000 0.0000 0.0000 0.0000 0.0000 0.0000 0.0000 0.0000 0.0000 0.0000 0.0000 0.0000 0.0000 0.0000 0.0000 0.0324 0.0268 0.0233 0.0159 0.0692 0.0601 0.0380 0.0354 0.0716 0.0406 0.0347 0.0650 0.0078 0.0073 0.0000 0.0172 0.0002 0.0000
0.0000 0.0000 0.0000 0.0000 0.0000 0.0005 0.0004 0.0002 0.0000 0.0000 0.0000 0.0000 0.0000 0.0000 0.0000 0.0000 0.0011 0.0013 0.0006 0.0014 0.0009 0.0020 0.0000 0.0000 0.0000 0.0000 0.0000 0.0000 0.0000 0.0000 0.0046 0.0082 0.0181 0.0018 0.0035 0.0051 0.0000 0.0018 0.0018 0.0000 0.0014 0.0010 0.0000 0.0000 0.0000 0.0000 0.0001 0.0000 0.0002 0.0001 0.0000 0.0031 0.0016 0.0182 0.0004 0.1195 0.1596 0.0000 0.0000 0.1839 0.2037 0.0000 0.0002 0.0000
0.0001 0.0000 0.0000 0.0000 0.0002 0.0000 0.0000 0.0000 0.0000 0.0000 0.0000 0.0000 0.0000 0.0000 0.0000 0.0000 0.0000 0.0000 0.0000 0.0001 0.0000 0.0000 0.0000 0.0000 0.0000 0.0000 0.0000 0.0000 0.0004 0.0000 0.0000 0.0001 0.0011 0.0002 0.0005 0.0003 0.0002 0.0001 0.0003 0.0000 0.0020 0.0000 0.0004 0.0004 0.0003 0.0003 0.0005 0.0002 0.0000 0.0000 0.0000 0.0056 0.0000 0.0000 0.0000 0.0025 0.0152 0.0156 0.0000 0.0000 0.0000 0.0000 0.0000 0.0000
0.0000 0.0001 0.0000 0.0000 0.0015 0.0003 0.0000 0.0000 0.0000 0.0001 0.0001 0.0000 0.0000 0.0000 0.0000 0.0000 0.0001 0.0002 0.0032 0.0002 0.0001 0.0009 0.0000 0.0000 0.0000 0.0000 0.0000 0.0001 0.0001 0.0001 0.0002 0.0015 0.0001 0.0028 0.0017 0.0027 0.0018 0.0121 0.0075 0.0002 0.0000 0.0001 0.0000 0.0585 0.0000 0.0000 0.0000 0.0003 0.0021 0.0000 0.0023 0.0031 0.0753 0.0528 0.1168 0.0153 0.0092 0.0887 0.0325 0.0182 0.1371 0.1341 0.1563 0.1013
0.0007 0.0001 0.0000 0.0000 0.0000 0.0000 0.0000 0.0000 0.0000 0.0000 0.0000 0.0000 0.0000 0.0000 0.0000 0.0001 0.0006 0.0013 0.0002 0.0015 0.0003 0.0004 0.0015 0.0003 0.0005 0.0003 0.0002 0.0001 0.0005 0.0007 0.0033 0.0004 0.0009 0.0000 0.0000 0.0000 0.0000 0.0000 0.0000 0.0000 0.0000 0.0000 0.0000 0.0000 0.0000 0.0000 0.0000 0.0000 0.0000 0.0000 0.0038 0.0076 0.0000 0.0000 0.0000 0.0000 0.0000 0.0000 0.0017 0.0000 0.0000 0.0000 0.0000 0.0000
0.0000 0.0000 0.0000 0.0000 0.0000 0.0000 0.0000 0.0420 0.0000 0.0000 0.0000 0.0000 0.0000 0.0000 0.0000 0.0000 0.0000 0.0000 0.0000 0.0002 0.0001 0.0000 0.0000 0.0000 0.0000 0.0000 0.0000 0.0000 0.0001 0.0000 0.0000 0.0110 0.0000 0.0000 0.0000 0.0000 0.0000 0.0000 0.0240 0.1049 0.0627 0.0352 0.0714 0.0875 0.0208 0.0473 0.0000 0.0000 0.0000 0.0000 0.0000 0.0138 0.0000 0.0000 0.0000 0.0000 0.0000 0.0000 0.0000 0.0000 0.0000 0.0245 0.0041 0.1272
0.0001 0.0001 0.0000 0.0001 0.0000 0.0025 0.0121 0.0004 0.0000 0.0000 0.0042 0.2371 0.0008 0.0000 0.0000 0.0001 0.0000 0.0000 0.0000 0.0003 0.0000 0.0001 0.0002 0.0000 0.0001 0.0000 0.0000 0.0000 0.0001 0.0000 0.0403 0.0002 0.0000 0.0002 0.0000 0.0000 0.0000 0.0000 0.0000 0.0000 0.0026 0.0000 0.0001 0.0004 0.0001 0.0000 0.0000 0.0001 0.0005 0.0001 0.0000 0.0061 0.0001 0.0024 0.0000 0.0020 0.0017 0.0113 0.0093 0.0036 0.0000 0.0000 0.0000 0.0000
0.0000 0.0000 0.0000 0.0000 0.0066 0.0002 0.0000 0.0000 0.0000 0.0000 0.0000 0.0000 0.0000 0.0000 0.0000 0.0000 0.0000 0.0000 0.0000 0.0001 0.0000 0.0000 0.0000 0.0000 0.0000 0.0000 0.0000 0.0000 0.0000 0.0148 0.0001 0.0000 0.0000 0.0000 0.0000 0.0000 0.0000 0.0000 0.0000 0.0000 0.0000 0.0000 0.0000 0.0000 0.0000 0.0000 0.0000 0.0000 0.0000 0.0000 0.0000 0.0026 0.0000 0.0000 0.0000 0.0000 0.0000 0.0000 0.0000 0.0000 0.0000 0.0000 0.0000 0.0000
0.0003 0.2628 0.0003 0.0019 0.0080 0.0083 0.0006 0.0000 0.0002 0.0000 0.0000 0.0000 0.0000 0.0000 0.0000 0.0000 0.0004 0.0011 0.0000 0.0000 0.0000 0.0000 0.0312 0.0934 0.0217 0.0631 0.0000 0.0003 0.0000 0.0000 0.0006 0.0007 0.0014 0.0007 0.0020 0.0064 0.0009 0.0005 0.0004 0.0007 0.0010 0.0059 0.0005 0.0005 0.0001 0.0000 0.0000 0.0030 0.0059 0.0012 0.0201 0.0401 0.0066 0.0009 0.0017 0.0012 0.0003 0.0004 0.0001 0.0003 0.0003 0.0002 0.0001 0.0000
0.0000 0.0000 0.0000 0.0000 0.0000 0.0000 0.0000 0.0000 0.0001 0.0002 0.0000 0.0000 0.0000 0.0000 0.0000 0.0000 0.0000 0.2795 0.2724 0.3059 0.2946 0.3173 0.2820 0.2556 0.3536 0.2015 0.2843 0.2325 0.3477 0.2934 0.3629 0.2893 0.0000 0.0000 0.1959 0.0000 0.2640 0.1206 0.1345 0.1542 0.1793 0.1286 0.1442 0.0000 0.0000 0.0000 0.0000 0.0000 0.0000 0.0000 0.0000 0.0000 0.0000 0.0000 0.0000 0.0000 0.0000 0.0000 0.0000 0.0000 0.0000 0.0000 0.0000 0.0000
0.0000 0.0000 0.0000 0.0000 0.0000 0.0000 0.0870 0.0000 0.0000 0.0000 0.0000 0.0000 0.0608 0.0000 0.0078 0.0000 0.0000 0.0000 0.0004 0.0000 0.0000 0.0000 0.0003 0.0000 0.0000 0.0000 0.0000 0.0000 0.0193 0.0000 0.0000 0.0000 0.0000 0.0000 0.0000 0.0000 0.0000 0.0000 0.0000 0.0000 0.0000 0.0000 0.0000 0.0002 0.0000 0.0000 0.0000 0.0000 0.0037 0.0168 0.0046 0.0000 0.0000 0.0000 0.0000 0.0000 0.0000 0.0012 0.0000 0.0000 0.0311 0.0000 0.0000 0.0000
0.0361 0.0066 0.0000 0.0013 0.0024 0.0006 0.0012 0.0018 0.0003 0.0046 0.0183 0.0144 0.0004 0.0000 0.0001 0.0000 0.0000 0.0000 0.0000 0.0000 0.0000 0.0000 0.0000 0.0000 0.0001 0.0000 0.0010 0.0007 0.0011 0.0017 0.0000 0.0000 0.0000 0.0000 0.0000 0.0000 0.0007 0.0038 0.0048 0.0707 0.0050 0.0038 0.0005 0.0006 0.0011 0.0037 0.0032 0.0020 0.0023 0.0027 0.0043 0.0040 0.0000 0.0000 0.0000 0.0000 0.0000 0.0000 0.0251 0.0000 0.0000 0.0001 0.0000 0.0000
0.0266 0.0299 0.0542 0.0336 0.0240 0.0176 0.0000 0.0000 0.0000 0.0001 0.0001 0.0000 0.0000 0.0000 0.0000 0.0000 0.0000 0.0209 0.0000 0.0000 0.0000 0.0000 0.0000 0.0011 0.0006 0.0020 0.0000 0.0005 0.0000 0.0002 0.0009 0.0005 0.0000 0.0000 0.0001 0.0003 0.0006 0.0001 0.0058 0.0087 0.0004 0.0001 0.0065 0.0048 0.0000 0.0007 0.0000 0.0008 0.0000 0.0001 0.0000 0.0000 0.0000 0.0000 0.0016 0.0008 0.0000 0.0000 0.0000 0.0000 0.0000 0.0000 0.0000 0.0000
0.0000 0.0000 0.0000 0.0002 0.0098 0.0025 0.0167 0.0000 0.0617 0.0000 0.0151 0.0000 0.0000 0.0000 0.0000 0.0000 0.0000 0.0077 0.0010 0.0011 0.0012 0.0007 0.0000 0.0000 0.0000 0.0000 0.0000 0.0000 0.0002 0.0000 0.0041 0.0061 0.0170 0.0014 0.0006 0.0091 0.0000 0.0000 0.0016 0.0008 0.0005 0.0010 0.0004 0.0000 0.0000 0.0000 0.0000 0.0000 0.0113 0.0010 0.0069 0.0047 0.0000 0.1056 0.0052 0.0252 0.0000 0.0001 0.1510 0.0000 0.0000 0.1909 0.0398 0.0149
0.0000 0.0000 0.0000 0.0000 0.0000 0.0000 0.0000 0.0000 0.0000 0.0000 0.0000 0.0000 0.0000 0.0000 0.0782 0.0000 0.0000 0.0006 0.0009 0.0001 0.0000 0.0000 0.0000 0.0000 0.0000 0.0000 0.0000 0.0000 0.0000 0.0015 0.0050 0.0004 0.0003 0.0002 0.0000 0.0006 0.0000 0.0000 0.0000 0.0000 0.0000 0.0000 0.0016 0.0150 0.0508 0.0831 0.0870 0.1061 0.1577 0.0957 0.2032 0.0015 0.0703 0.0002 0.1078 0.0357 0.0016 0.0256 0.0600 0.0949 0.0570 0.0431 0.0163 0.0034
0.0000 0.0000 0.0000 0.0000 0.0000 0.0000 0.0000 0.0000 0.0000 0.0000 0.0001 0.0000 0.0000 0.0000 0.0000 0.0000 0.0000 0.0000 0.0000 0.0000 0.0000 0.0000 0.0000 0.0000 0.0000 0.0000 0.0000 0.0000 0.0000 0.0000 0.0000 0.0000 0.0000 0.0000 0.0000 0.0000 0.0000 0.0000 0.0000 0.0000 0.0000 0.0000 0.0000 0.0000 0.0000 0.0000 0.0000 0.0000 0.0000 0.0000 0.0033 0.0000 0.0000 0.0000 0.0000 0.0000 0.0000 0.0000 0.0000 0.0000 0.0000 0.0000 0.0000 0.0000
0.0000 0.0000 0.0000 0.0000 0.0000 0.0000 0.0000 0.0000 0.0000 0.0000 0.0001 0.0004 0.0002 0.0003 0.0015 0.0002 0.0001 0.0017 0.0007 0.0000 0.0005 0.0002 0.0001 0.0043 0.0005 0.0001 0.0004 0.0004 0.0000 0.0003 0.0000 0.0004 0.0002 0.0000 0.0002 0.0003 0.0001 0.0000 0.0002 0.0000 0.0000 0.0000 0.0000 0.0009 0.0000 0.0502 0.0000 0.0000 0.0004 0.0002 0.0024 0.0014 0.0055 0.0000 0.0001 0.0000 0.0000 0.0000 0.0000 0.0000 0.0000 0.0000 0.0000 0.0000
0.0001 0.0001 0.0000 0.0000 0.0000 0.0000 0.0000 0.0003 0.0000 0.0000 0.0000 0.0000 0.0000 0.0000 0.0000 0.0000 0.0000 0.0000 0.0000 0.0002 0.0002 0.0052 0.0023 0.0008 0.0009 0.0000 0.0000 0.0000 0.0000 0.0001 0.0000 0.0000 0.0000 0.0000 0.0000 0.0000 0.0011 0.0000 0.0002 0.0000 0.0017 0.0000 0.0118 0.0368 0.0000 0.0000 0.0000 0.0016 0.0384 0.0070 0.0010 0.0021 0.0000 0.0000 0.0004 0.0000 0.0001 0.0000 0.0019 0.0143 0.0139 0.0002 0.0001 0.0006
0.0000 0.0000 0.0000 0.0000 0.0000 0.0000 0.0868 0.0000 0.0000 0.0305 0.0524 0.0299 0.0000 0.0000 0.0000 0.0000 0.0000 0.0000 0.0000 0.0000 0.0000 0.0000 0.0000 0.0019 0.0000 0.0000 0.0000 0.0000 0.0000 0.0000 0.0040 0.0002 0.0021 0.0883 0.0000 0.0000 0.0000 0.0000 0.0004 0.0000 0.0575 0.0523 0.0000 0.0000 0.0000 0.0000 0.0005 0.0000 0.0000 0.0008 0.0001 0.0180 0.0000 0.0001 0.0001 0.0084 0.0000 0.0545 0.0000 0.0000 0.0000 0.0000 0.0000 0.0000
0.0000 0.0000 0.0000 0.0000 0.0000 0.0001 0.0000 0.0001 0.0000 0.0000 0.0000 0.0169 0.0121 0.0000 0.0008 0.0000 0.0000 0.0000 0.0000 0.0000 0.0000 0.0000 0.0000 0.0000 0.0000 0.0000 0.0000 0.0000 0.0000 0.0000 0.0000 0.0000 0.0000 0.0000 0.0000 0.0000 0.0000 0.0000 0.0000 0.0000 0.0000 0.0000 0.0000 0.0000 0.0000 0.0000 0.0000 0.0000 0.0000 0.0000 0.0000 0.0073 0.0000 0.0000 0.0000 0.0000 0.0001 0.0000 0.0005 0.0000 0.0000 0.0000 0.0000 0.0000
0.0000 0.0000 0.0000 0.0000 0.0000 0.0000 0.0001 0.0000 0.0000 0.0000 0.0000 0.0000 0.0000 0.0245 0.0000 0.0000 0.0000 0.0000 0.0000 0.0000 0.0000 0.0000 0.0000 0.0000 0.0000 0.0000 0.0000 0.0000 0.0000 0.0000 0.0000 0.0000 0.0000 0.0000 0.0000 0.0000 0.0000 0.0000 0.0000 0.0000 0.0000 0.0000 0.0000 0.0587 0.0000 0.0000 0.0000 0.0000 0.0000 0.0082 0.0212 0.0058 0.0000 0.0000 0.0520 0.0050 0.0000 0.0000 0.0000 0.0000 0.0000 0.0000 0.0000 0.0000
0.0000 0.0001 0.0000 0.0001 0.0001 0.0002 0.0001 0.0000 0.0000 0.0000 0.0001 0.0000 0.0001 0.0000 0.0000 0.0002 0.0086 0.0064 0.0027 0.0042 0.0066 0.0012 0.0000 0.0001 0.0000 0.0000 0.0000 0.0000 0.0000 0.0000 0.0000 0.0000 0.0000 0.0000 0.0000 0.0000 0.0000 0.0000 0.0000 0.0000 0.0017 0.0000 0.0000 0.0000 0.0000 0.0000 0.0001 0.0000 0.0000 0.0000 0.0000 0.0096 0.0000 0.0000 0.0000 0.0000 0.0000 0.0028 0.0000 0.0004 0.0000 0.0000 0.0000 0.0000
0.0000 0.0000 0.0000 0.0000 0.0000 0.0000 0.0000 0.0001 0.0001 0.0001 0.0013 0.0000 0.0250 0.0000 0.0000 0.0000 0.0000 0.0000 0.0006 0.0005 0.0000 0.0002 0.0000 0.0000 0.0000 0.0994 0.0000 0.0000 0.0000 0.0041 0.0328 0.0448 0.1049 0.0000 0.0153 0.0024 0.0000 0.0000 0.0000 0.0510 0.1219 0.0109 0.0026 0.0000 0.0000 0.0151 0.0015 0.0004 0.0004 0.0003 0.0000 0.0000 0.0000 0.0000 0.0020 0.0089 0.0025 0.0000 0.0000 0.0001 0.0506 0.0013 0.0000 0.0000
0.0012 0.0003 0.0005 0.0010 0.0036 0.0013 0.0011 0.0062 0.0003 0.0017 0.0012 0.0007 0.0004 0.0001 0.0773 0.0000 0.0000 0.0000 0.0806 0.1449 0.0000 0.0000 0.0052 0.0000 0.0000 0.0000 0.0000 0.0000 0.0000 0.0000 0.0000 0.0000 0.0000 0.0000 0.0000 0.0000 0.0000 0.0081 0.0288 0.0000 0.0000 0.0000 0.0557 0.0000 0.0000 0.0000 0.0000 0.0000 0.0000 0.0000 0.0002 0.0001 0.0000 0.0000 0.0000 0.0000 0.0000 0.0000 0.0000 0.0000 0.0000 0.0000 0.0000 0.0000
0.0000 0.0000 0.0000 0.0000 0.0089 0.0000 0.0138 0.0000 0.0678 0.1867 0.2318 0.2202 0.2627 0.1901 0.2298 0.2841 0.2941 0.2201 0.2286 0.1986 0.0894 0.1278 0.1036 0.0980 0.1179 0.0868 0.0002 0.0000 0.0000 0.0000 0.0000 0.0003 0.0000 0.0000 0.0000 0.0000 0.0000 0.0000 0.0001 0.0018 0.0000 0.0001 0.0001 0.0002 0.0002 0.0001 0.0001 0.0001 0.0003 0.0002 0.0019 0.0008 0.0005 0.0002 0.0004 0.0005 0.0030 0.0010 0.0004 0.0003 0.0000 0.0025 0.0002 0.0008
0.3065 0.2415 0.2669 0.3379 0.5531 0.3788 0.5223 0.2708 0.1721 0.2449 0.0008 0.0000 0.0000 0.2186 0.1489 0.0048 0.0000 0.0000 0.0000 0.0001 0.1028 0.1005 0.0000 0.0000 0.0000 0.0000 0.0000 0.0000 0.0000 0.0000 0.0000 0.0000 0.0000 0.0000 0.0001 0.0001 0.0005 0.0000 0.0004 0.0000 0.0000 0.0000 0.0000 0.0000 0.0000 0.0000 0.0000 0.0000 0.0000 0.0000 0.0000 0.0023 0.0015 0.0000 0.0008 0.0159 0.0000 0.0000 0.0000 0.0000 0.0000 0.0000 0.0000 0.0000
0.0000 0.0000 0.0000 0.0000 0.0006 0.0000 0.0000 0.0000 0.0000 0.0000 0.0010 0.0107 0.0000 0.0000 0.0000 0.0000 0.0001 0.0018 0.0008 0.0005 0.0001 0.0000 0.0000 0.0000 0.0000 0.0000 0.0000 0.0120 0.0171 0.0000 0.0000 0.0000 0.0002 0.0003 0.0003 0.0003 0.0002 0.0004 0.0002 0.0003 0.0003 0.0003 0.0020 0.0007 0.0002 0.0016 0.0007 0.0007 0.0019 0.0008 0.0000 0.0024 0.0012 0.0025 0.0000 0.0000 0.0000 0.0000 0.0000 0.0000 0.0000 0.0000 0.0000 0.0000
0.0000 0.0000 0.0000 0.0011 0.0000 0.0000 0.0000 0.0000 0.0000 0.0000 0.0000 0.0005 0.0005 0.0000 0.0004 0.0000 0.0003 0.0009 0.0000 0.0000 0.0000 0.0000 0.0000 0.0000 0.0000 0.0000 0.0000 0.0001 0.0000 0.0001 0.0003 0.0005 0.0000 0.0027 0.0000 0.0000 0.0000 0.0000 0.0001 0.0000 0.0000 0.0077 0.0003 0.0001 0.0000 0.0000 0.0182 0.0598 0.0234 0.0000 0.0000 0.0000 0.0000 0.0000 0.0000 0.0004 0.0211 0.0000 0.0759 0.1350 0.0936 0.1194 0.3707 0.0089
0.0000 0.0000 0.0000 0.0000 0.0000 0.0000 0.0000 0.0000 0.0000 0.0000 0.0000 0.0000 0.0739 0.0000 0.0000 0.2059 0.0000 0.0000 0.0000 0.0000 0.0836 0.0000 0.2604 0.1098 0.0000 0.0012 0.0001 0.0003 0.0000 0.0003 0.0000 0.0037 0.0000 0.0000 0.0000 0.0000 0.0000 0.0000 0.0000 0.0000 0.0000 0.0002 0.0000 0.0000 0.0000 0.0000 0.0000 0.0000 0.0000 0.0000 0.0002 0.0007 0.0001 0.0000 0.0000 0.0006 0.0286 0.0000 0.0004 0.0243 0.0146 0.0000 0.0000 0.0000
0.0153 0.0001 0.0000 0.0004 0.0015 0.0005 0.0000 0.0100 0.0003 0.0056 0.0034 0.0025 0.0011 0.0003 0.0310 0.0020 0.0002 0.0002 0.0014 0.0026 0.0005 0.0002 0.0005 0.0163 0.0012 0.0311 0.0000 0.0005 0.0014 0.0006 0.0010 0.0000 0.0000 0.0000 0.0003 0.0000 0.0000 0.0000 0.0000 0.0228 0.0000 0.0000 0.0012 0.0000 0.1297 0.0000 0.0000 0.0000 0.0000 0.0000 0.0000 0.0001 0.0000 0.0078 0.0000 0.0246 0.0000 0.0000 0.0000 0.0000 0.0000 0.0000 0.0000 0.0000
0.0000 0.0000 0.0000 0.0000 0.0000 0.0000 0.0000 0.0000 0.0000 0.0000 0.0000 0.0000 0.0000 0.0000 0.0000 0.0000 0.0000 0.0000 0.0000 0.0000 0.0000 0.0000 0.0000 0.0000 0.0000 0.0000 0.0000 0.0000 0.0000 0.0001 0.0000 0.0000 0.0000 0.0000 0.0000 0.0000 0.0000 0.0000 0.0000 0.0000 0.0000 0.0000 0.0000 0.0000 0.0000 0.0000 0.0000 0.0004 0.0000 0.0000 0.0000 0.0076 0.0000 0.0000 0.0000 0.0000 0.0000 0.0000 0.0000 0.0000 0.0000 0.0000 0.0000 0.0000
0.0000 0.0001 0.0000 0.0000 0.0000 0.0000 0.0000 0.0000 0.0000 0.0004 0.0013 0.0000 0.0000 0.0001 0.0001 0.0015 0.0000 0.0011 0.0000 0.0000 0.0000 0.0000 0.0007 0.0002 0.0000 0.0000 0.0000 0.0000 0.0000 0.0000 0.0000 0.0000 0.0001 0.0001 0.0000 0.0000 0.0000 0.0000 0.0000 0.0000 0.0000 0.0000 0.0000 0.0000 0.0000 0.0000 0.0000 0.0000 0.0000 0.0000 0.0000 0.0104 0.0000 0.0021 0.0000 0.0000 0.0000 0.0008 0.0018 0.0000 0.0000 0.0000 0.0000 0.0000
0.0000 0.0000 0.0000 0.0000 0.0000 0.0005 0.0000 0.0029 0.0043 0.0010 0.0030 0.0047 0.0004 0.0184 0.0000 0.0790 0.0000 0.0000 0.0000 0.0000 0.0001 0.0000 0.0000 0.0000 0.0000 0.0000 0.0000 0.0000 0.0000 0.0000 0.0000 0.0000 0.0000 0.0000 0.0000 0.0000 0.0001 0.0000 0.0003 0.0000 0.0000 0.0000 0.0003 0.0001 0.0000 0.0000 0.0001 0.0001 0.0000 0.0000 0.0000 0.0000 0.0000 0.0000 0.0000 0.0000 0.0000 0.0000 0.0000 0.0000 0.0000 0.0000 0.0000 0.0000
0.0000 0.0000 0.0000 0.1618 0.0481 0.0826 0.0004 0.1197 0.0002 0.0001 0.0000 0.0001 0.0000 0.0000 0.0000 0.0000 0.0000 0.0000 0.0000 0.0000 0.0000 0.0000 0.0001 0.0002 0.0057 0.0000 0.0000 0.0000 0.0019 0.0708 0.0225 0.0104 0.0541 0.0000 0.0000 0.1036 0.1498 0.2232 0.1785 0.0003 0.0002 0.0004 0.0009 0.0005 0.0012 0.0011 0.0000 0.0000 0.0000 0.0105 0.0001 0.0000 0.0000 0.0441 0.0000 0.0020 0.0000 0.0000 0.0001 0.0005 0.0000 0.0000 0.0014 0.0055
0.0374 0.0200 0.0517 0.0270 0.0012 0.0285 0.0067 0.0338 0.0000 0.0000 0.0000 0.0000 0.0000 0.0000 0.0000 0.0000 0.0000 0.0000 0.0000 0.0011 0.0009 0.0006 0.0000 0.0000 0.0000 0.0000 0.1636 0.1728 0.2544 0.2147 0.1886 0.1743 0.3579 0.2925 0.2022 0.2711 0.3458 0.2765 0.3004 0.2862 0.2678 0.3596 0.3333 0.4427 0.5930 0.6170 0.6284 0.5403 0.3084 0.4418 0.3535 0.5589 0.3008 0.4069 0.2964 0.3928 0.4773 0.4417 0.3704 0.3164 0.3347 0.2169 0.2265 0.0000
0.0000 0.0000 0.0000 0.0000 0.0000 0.0000 0.0000 0.0000 0.0567 0.0001 0.0000 0.0000 0.0000 0.0005 0.0000 0.0000 0.0000 0.0000 0.0000 0.0000 0.0000 0.0000 0.0000 0.0000 0.0273 0.0387 0.0246 0.0286 0.0000 0.0000 0.0000 0.0000 0.0000 0.0000 0.0000 0.0000 0.0000 0.0000 0.0000 0.0000 0.0000 0.0000 0.0011 0.0000 0.0000 0.0000 0.0000 0.0000 0.0000 0.0000 0.0000 0.0062 0.0000 0.0000 0.0099 0.0051 0.0340 0.0000 0.0000 0.0293 0.0000 0.0000 0.0000 0.0000
0.0000 0.0000 0.0000 0.0000 0.0001 0.0000 0.0000 0.0349 0.0000 0.0000 0.1271 0.1371 0.2026 0.2487 0.1486 0.1620 0.2118 0.0046 0.0187 0.0053 0.0041 0.0007 0.0001 0.0000 0.0000 0.0000 0.0002 0.0013 0.0026 0.0026 0.0035 0.0023 0.0000 0.1221 0.0565 0.0000 0.0000 0.0000 0.0000 0.0000 0.0000 0.0003 0.0030 0.0003 0.0001 0.0000 0.0009 0.0008 0.0000 0.0002 0.0083 0.0152 0.0064 0.0001 0.0000 0.0000 0.0000 0.0000 0.0000 0.0000 0.0000 0.0000 0.0001 0.0000
0.0001 0.0000 0.0000 0.0000 0.0000 0.0000 0.0000 0.0000 0.0000 0.0000 0.0000 0.0000 0.0006 0.0000 0.0018 0.0009 0.0000 0.0000 0.0000 0.0000 0.0000 0.0001 0.0000 0.0000 0.0003 0.0000 0.0000 0.0002 0.0000 0.0000 0.0002 0.0000 0.0000 0.0000 0.0000 0.0000 0.0000 0.0000 0.0005 0.0000 0.0000 0.0000 0.0037 0.0000 0.0004 0.0000 0.0000 0.0006 0.0001 0.0000 0.0005 0.0000 0.0001 0.0000 0.0000 0.0000 0.0000 0.0000 0.0015 0.0000 0.0000 0.0000 0.0000 0.0000
0.0372 0.0182 0.0000 0.0263 0.0468 0.0165 0.0606 0.0267 0.0345 0.0593 0.0499 0.0520 0.0330 0.0401 0.0448 0.0629 0.0590 0.0526 0.0758 0.0902 0.0388 0.0467 0.0519 0.0472 0.0949 0.0320 0.0500 0.0516 0.0000 0.0000 0.0021 0.0000 0.0000 0.0000 0.0005 0.0000 0.0000 0.0000 0.0000 0.0000 0.0000 0.0000 0.0000 0.0000 0.0000 0.0000 0.0000 0.0000 0.0000 0.0000 0.0000 0.0058 0.0000 0.0000 0.0000 0.0000 0.0000 0.0000 0.0020 0.0000 0.0000 0.0000 0.0000 0.3212
0.0000 0.0015 0.0021 0.0003 0.0000 0.0001 0.0000 0.0004 0.0000 0.0000 0.0000 0.0000 0.0000 0.0000 0.0000 0.0000 0.0000 0.0005 0.0000 0.0004 0.0000 0.0000 0.0015 0.0000 0.0000 0.0000 0.0000 0.0000 0.0000 0.0000 0.0036 0.0027 0.0000 0.0000 0.0000 0.0000 0.0000 0.0000 0.0000 0.0000 0.0001 0.0000 0.0000 0.0000 0.0000 0.0000 0.0000 0.0000 0.0000 0.0000 0.0000 0.0135 0.0049 0.0072 0.0009 0.0000 0.0000 0.0000 0.0000 0.0000 0.0000 0.0000 0.0000 0.0000
0.0000 0.0000 0.0000 0.0000 0.0000 0.0000 0.0000 0.0000 0.0000 0.0000 0.0000 0.0000 0.0000 0.0000 0.0012 0.0133 0.0000 0.0000 0.0000 0.0000 0.0000 0.0000 0.0000 0.0000 0.0000 0.0000 0.0000 0.0000 0.0000 0.0000 0.0000 0.0000 0.0000 0.0000 0.0000 0.0000 0.0000 0.0000 0.0000 0.0000 0.0000 0.0000 0.0000 0.0000 0.0000 0.0000 0.0000 0.0000 0.0000 0.0000 0.0000 0.0000 0.0000 0.0000 0.0000 0.0000 0.0000 0.0000 0.0000 0.0000 0.0000 0.0000 0.0000 0.0000
0.0000 0.0000 0.0000 0.0000 0.0010 0.0047 0.0493 0.0016 0.0001 0.0002 0.0002 0.0057 0.0000 0.0000 0.0112 0.0450 0.0001 0.0000 0.0000 0.0000 0.0000 0.0000 0.0000 0.0000 0.0005 0.0000 0.0000 0.0000 0.0003 0.0000 0.0003 0.0000 0.0000 0.0000 0.0000 0.0000 0.0000 0.0000 0.0000 0.0000 0.0000 0.0057 0.0027 0.0036 0.0004 0.0096 0.0012 0.0000 0.0000 0.0004 0.0013 0.0008 0.0000 0.0000 0.0413 0.0001 0.0006 0.0054 0.0037 0.0000 0.0000 0.0219 0.0000 0.0000
0.0000 0.0000 0.0000 0.0000 0.0000 0.0000 0.0000 0.0000 0.0000 0.0000 0.0000 0.0000 0.0000 0.0000 0.0000 0.0000 0.0000 0.0000 0.0000 0.0001 0.0000 0.0000 0.0000 0.0000 0.0000 0.0002 0.0000 0.0000 0.0000 0.0000 0.0000 0.0000 0.0000 0.0000 0.0000 0.0000 0.0000 0.0000 0.0000 0.0000 0.0000 0.0000 0.0000 0.0000 0.0000 0.0004 0.0000 0.0000 0.0000 0.0000 0.0000 0.0000 0.0000 0.0000 0.0000 0.0000 0.0000 0.0000 0.0000 0.0000 0.0000 0.0000 0.0000 0.0000
