0.0000 0.0003 0.0008 0.0001 0.0000 0.0000 0.0000 0.0000 0.0000 0.0000 0.0000 0.0000 0.0000 0.0000 0.0000 0.0000 0.0000 0.0000 0.0000 0.0000 0.0000 0.0000 0.0000 0.0000 0.0000 0.0000 0.0000 0.0000 0.0000 0.0000 0.0000 0.0000 0.4938 0.4163 0.2911 0.0092 0.0031 0.0009 0.0043 0.0009 0.0006 0.0004 0.0059 0.0004 0.0001 0.0000 0.0001 0.0030 0.0027 0.0005 0.3738 0.0004 0.7017 0.0000 0.0818 0.0018 0.0001 0.0001 0.0003 0.0000 0.0000 0.0000 0.0000 0.0000
0.0000 0.0000 0.0000 0.0000 0.0000 0.0000 0.0000 0.0000 0.0000 0.0000 0.0000 0.0000 0.0000 0.0000 0.0000 0.0000 0.0000 0.0000 0.0000 0.0000 0.0000 0.0000 0.0000 0.0000 0.0000 0.0000 0.0000 0.0000 0.0000 0.0000 0.0000 0.0000 0.0000 0.0000 0.0000 0.0000 0.0000 0.1779 0.0006 0.0001 0.0000 0.0000 0.0013 0.0000 0.0000 0.0000 0.0000 0.0000 0.1290 0.0000 0.0001 0.0000 0.0000 0.0000 0.0000 0.0000 0.0000 0.0000 0.2101 0.0000 0.0000 0.0000 0.0000 0.0000
0.0000 0.0000 0.0000 0.0000 0.0000 0.0000 0.0000 0.0000 0.0000 0.0000 0.0000 0.0000 0.0000 0.0000 0.0000 0.0000 0.0000 0.0000 0.0000 0.0024 0.0000 0.0000 0.0000 0.0000 0.0000 0.0000 0.0427 0.0663 0.0043 0.0000 0.0079 0.0011 0.0000 0.0000 0.0000 0.0000 0.0000 0.0000 0.0002 0.0012 0.0000 0.0000 0.0040 0.0000 0.0000 0.0000 0.0002 0.0000 0.0001 0.0000 0.0001 0.0012 0.0000 0.0000 0.0013 0.0015 0.0001 0.0000 0.0000 0.0000 0.0000 0.0000 0.0000 0.0000
0.0000 0.0000 0.0001 0.0000 0.0001 0.0000 0.0003 0.0001 0.0000 0.0000 0.0000 0.0000 0.0000 0.0000 0.0001 0.0000 0.0000 0.0006 0.0143 0.0000 0.0000 0.0000 0.0000 0.0000 0.0000 0.0000 0.0000 0.0000 0.0000 0.0000 0.0013 0.0038 0.0001 0.0000 0.0000 0.0000 0.0001 0.0003 0.0000 0.0000 0.0000 0.0000 0.0000 0.0000 0.0000 0.0000 0.0000 0.0000 0.0000 0.0000 0.0000 0.0005 0.0003 0.0001 0.0007 0.0156 0.0005 0.0001 0.0000 0.0003 0.0002 0.0000 0.0000 0.0000
0.7580 0.8032 0.8682 0.9779 0.8382 0.9843 0.7995 0.9407 0.6360 0.3198 0.1317 0.0078 0.1807 0.2171 0.0415 0.1567 0.1708 0.0011 0.0000 0.0075 0.0210 0.0000 0.0089 0.0074 0.1885 0.2161 0.0005 0.0030 0.0139 0.0046 0.0116 0.0000 0.0004 0.0000 0.0000 0.0000 0.0000 0.0000 0.0004 0.0002 0.0002 0.0000 0.0018 0.0000 0.0000 0.0000 0.0001 0.0000 0.0000 0.0000 0.0004 0.0143 0.0000 0.0000 0.2904 0.1039 0.0000 0.0000 0.0003 0.0000 0.0000 0.0004 0.0000 0.0000
0.0000 0.0002 0.0001 0.0001 0.0001 0.0000 0.0000 0.0000 0.0000 0.0000 0.0001 0.0001 0.0000 0.0000 0.0000 0.0000 0.0000 0.0000 0.0000 0.0000 0.0000 0.0000 0.0000 0.0000 0.0000 0.0000 0.0000 0.0000 0.0000 0.0000 0.0000 0.0000 0.0000 0.0000 0.0000 0.0000 0.0000 0.0000 0.0002 0.0542 0.0000 0.0000 0.0000 0.0000 0.0000 0.0000 0.0000 0.0000 0.0000 0.0000 0.0000 0.0000 0.0000 0.0000 0.0000 0.0000 0.0000 0.0000 0.0000 0.0000 0.0000 0.0000 0.0000 0.0000
0.0000 0.0000 0.0000 0.0001 0.0000 0.0000 0.0000 0.0000 0.0000 0.0000 0.0110 0.0000 0.0000 0.0000 0.0000 0.0000 0.0000 0.0000 0.0000 0.0000 0.0000 0.0000 0.0000 0.0000 0.0677 0.0001 0.0000 0.0831 0.0000 0.0000 0.0000 0.0000 0.0000 0.0000 0.0000 0.0000 0.0000 0.0000 0.0008 0.1410 0.4982 0.5189 0.0003 0.0000 0.0000 0.0000 0.0000 0.0033 0.0028 0.0004 0.0000 0.0000 0.0009 0.0000 0.0001 0.0005 0.0000 0.0000 0.0003 0.4236 0.9748 0.9727 0.9779 0.6365
0.0000 0.0000 0.0000 0.0000 0.0000 0.0000 0.0000 0.0000 0.0000 0.0000 0.0000 0.0000 0.0000 0.0001 0.0000 0.0000 0.0000 0.0000 0.0721 0.9284 0.0876 0.1229 0.0000 0.0000 0.0000 0.0000 0.0000 0.0000 0.0000 0.0000 0.0000 0.0001 0.0001 0.0000 0.0000 0.0000 0.0000 0.0000 0.0000 0.0000 0.0000 0.0000 0.0000 0.0000 0.0000 0.0000 0.0000 0.0000 0.0026 0.0000 0.0002 0.0059 0.0011 0.0001 0.0001 0.0006 0.0000 0.0000 0.0000 0.0000 0.0000 0.0002 0.0001 0.0000
0.0000 0.0001 0.0000 0.0021 0.0018 0.0014 0.0238 0.0131 0.0132 0.0038 0.0000 0.0003 0.0000 0.0000 0.0000 0.0000 0.0000 0.0000 0.0000 0.0000 0.0000 0.0000 0.0000 0.0329 0.0000 0.0011 0.0000 0.0000 0.0000 0.0000 0.0000 0.0000 0.0000 0.0000 0.0000 0.0000 0.0000 0.0000 0.0000 0.0000 0.0000 0.0000 0.0000 0.0000 0.0000 0.0000 0.0000 0.0000 0.0035 0.0004 0.0008 0.0052 0.0002 0.0000 0.0000 0.0188 0.0000 0.0000 0.0000 0.0001 0.0000 0.0001 0.0000 0.0000
0.0000 0.0001 0.0001 0.0000 0.0000 0.0000 0.0000 0.0000 0.0000 0.0000 0.0000 0.0000 0.0000 0.0000 0.0000 0.0000 0.0000 0.0000 0.0000 0.0000 0.0000 0.0001 0.0000 0.0000 0.0000 0.0024 0.0000 0.0005 0.0216 0.0003 0.0002 0.0000 0.0003 0.0000 0.0000 0.0000 0.0000 0.0000 0.0012 0.0000 0.0000 0.0000 0.0002 0.0000 0.0000 0.0000 0.0001 0.0007 0.0009 0.0003 0.0009 0.0008 0.0049 0.0000 0.0001 0.0302 0.0000 0.0000 0.0182 0.0000 0.0000 0.0000 0.0000 0.0000
0.0000 0.0000 0.0000 0.0000 0.0000 0.0000 0.0000 0.0000 0.0000 0.0000 0.0000 0.0000 0.0000 0.0000 0.0000 0.0000 0.0010 0.0190 0.0094 0.0007 0.0015 0.0005 0.0029 0.0035 0.0001 0.0020 0.0010 0.0008 0.0129 0.0000 0.0001 0.0000 0.0000 0.0000 0.0000 0.0000 0.0000 0.0000 0.0000 0.0005 0.0000 0.0000 0.0000 0.0000 0.0000 0.0000 0.0000 0.0000 0.0000 0.0000 0.0000 0.0000 0.0000 0.0000 0.0000 0.0011 0.0000 0.0000 0.0027 0.0000 0.0000 0.0001 0.0000 0.0000
0.0000 0.0000 0.0000 0.0000 0.0000 0.0000 0.0000 0.0002 0.0002 0.0000 0.0007 0.0034 0.0002 0.0001 0.0001 0.0000 0.0002 0.0066 0.0006 0.0000 0.0000 0.0004 0.0000 0.0000 0.0002 0.0005 0.0000 0.0000 0.0002 0.0000 0.0000 0.0000 0.0001 0.0000 0.0000 0.0000 0.0000 0.0000 0.0042 0.0008 0.0002 0.0000 0.0045 0.0001 0.0000 0.0000 0.0000 0.0000 0.0056 0.0000 0.0000 0.0000 0.0000 0.0000 0.0000 0.0000 0.0000 0.0000 0.0000 0.0000 0.0000 0.0000 0.0000 0.0000
0.0000 0.0000 0.0000 0.0000 0.0000 0.0000 0.0000 0.0000 0.0000 0.0000 0.0000 0.0001 0.0000 0.0000 0.0000 0.0000 0.0000 0.0000 0.0000 0.0000 0.0000 0.0000 0.0000 0.0000 0.0000 0.0000 0.0000 0.0000 0.0000 0.0000 0.0000 0.0000 0.0000 0.0000 0.0167 0.0000 0.0000 0.0000 0.0007 0.0003 0.0001 0.0001 0.0005 0.0000 0.0002 0.0000 0.0000 0.0000 0.0000 0.0000 0.0000 0.0000 0.0000 0.1904 0.0000 0.0000 0.0408 0.0000 0.0000 0.0000 0.0000 0.0000 0.0000 0.0000
0.0000 0.0000 0.0000 0.0000 0.0000 0.0000 0.0000 0.0000 0.0000 0.0000 0.0000 0.0610 0.0001 0.0000 0.0000 0.0000 0.0000 0.0002 0.0141 0.0000 0.0866 0.1097 0.0824 0.0000 0.0000 0.0000 0.0000 0.0000 0.0000 0.0000 0.0000 0.0000 0.0000 0.0000 0.0000 0.0000 0.0000 0.0000 0.0000 0.0000 0.0000 0.0000 0.0000 0.0000 0.0000 0.0000 0.0000 0.0000 0.0000 0.0000 0.0000 0.0000 0.0002 0.0009 0.0038 0.0019 0.0021 0.0005 0.0019 0.0000 0.0000 0.0000 0.0000 0.0000
0.0000 0.0000 0.0000 0.0000 0.0000 0.0001 0.0000 0.0000 0.0000 0.0000 0.0000 0.0000 0.0000 0.0000 0.0000 0.0000 0.0000 0.0008 0.0417 0.0000 0.0001 0.0000 0.0010 0.0000 0.0000 0.0028 0.0002 0.0019 0.0000 0.0001 0.0048 0.0031 0.0002 0.0000 0.0000 0.0000 0.0000 0.0000 0.0001 0.0001 0.0000 0.0008 0.1432 0.0000 0.0001 0.0000 0.0000 0.0000 0.0019 0.0003 0.0006 0.0009 0.0032 0.0008 0.0000 0.0506 0.2059 0.0008 0.2959 0.4512 0.0001 0.0001 0.0002 0.0003
0.0000 0.0001 0.0000 0.0000 0.0001 0.0000 0.0032 0.0000 0.0000 0.0000 0.0000 0.0000 0.0000 0.0000 0.0018 0.0001 0.0035 0.0004 0.0254 0.0008 0.0000 0.0102 0.0006 0.0037 0.0019 0.0004 0.0000 0.3239 0.0863 0.0063 0.0032 0.0000 0.0000 0.0000 0.0000 0.0003 0.0002 0.0004 0.0058 0.0005 0.0000 0.0000 0.1309 0.0001 0.0000 0.0000 0.0000 0.0000 0.2281 0.0001 0.0000 0.0006 0.0001 0.0000 0.0004 0.1147 0.0278 0.0324 0.0594 0.0289 0.0209 0.0259 0.0210 0.0194
0.0002 0.0028 0.0053 0.0016 0.0022 0.0006 0.0007 0.0026 0.0015 0.0002 0.2980 0.7781 0.0636 0.0005 0.0003 0.0003 0.0003 0.0023 0.0003 0.0010 0.2499 0.4135 0.3861 0.4168 0.1173 0.0045 0.0000 0.0000 0.0000 0.0000 0.0000 0.0000 0.0001 0.0000 0.0000 0.0001 0.0000 0.0000 0.0000 0.0000 0.0000 0.0000 0.0002 0.0000 0.2082 0.2258 0.2235 0.2289 0.0076 0.0444 0.1229 0.3243 0.0002 0.0000 0.0052 0.3028 0.0000 0.0010 0.0036 0.0005 0.0001 0.0000 0.0000 0.0000
0.0000 0.0000 0.0000 0.0000 0.0000 0.0000 0.0000 0.0000 0.0000 0.0000 0.0000 0.0000 0.2942 0.0000 0.2181 0.0000 0.0000 0.0000 0.0000 0.0000 0.0000 0.0000 0.0000 0.0000 0.0000 0.0000 0.0000 0.0000 0.0000 0.0000 0.0000 0.0000 0.0000 0.0000 0.0000 0.5072 0.4751 0.0000 0.0033 0.0000 0.0000 0.0000 0.0014 0.0000 0.0000 0.0488 0.0018 0.0000 0.0000 0.0000 0.0000 0.0001 0.0001 0.0000 0.0000 0.0000 0.0000 0.0000 0.0000 0.0000 0.0000 0.0000 0.0000 0.0000
0.0000 0.0000 0.0000 0.0000 0.0000 0.0000 0.0000 0.0000 0.0000 0.0000 0.0000 0.0249 0.2987 0.4831 0.4439 0.4574 0.2885 0.4517 0.0569 0.0000 0.0000 0.0000 0.1262 0.0000 0.0000 0.0000 0.0000 0.0000 0.0000 0.0000 0.0000 0.0000 0.0000 0.0000 0.0000 0.0000 0.0000 0.0000 0.0000 0.0000 0.0000 0.0000 0.0028 0.0000 0.0000 0.0000 0.0000 0.0000 0.0000 0.0000 0.0000 0.0001 0.0009 0.0008 0.0000 0.0000 0.0000 0.0000 0.0000 0.0000 0.0000 0.0000 0.0000 0.0000
0.0000 0.0000 0.0000 0.0000 0.0000 0.0000 0.0000 0.0000 0.0000 0.0000 0.0000 0.0000 0.0000 0.0000 0.0000 0.0000 0.0000 0.0001 0.0000 0.0000 0.2139 0.1949 0.0000 0.0000 0.0014 0.0000 0.0000 0.0000 0.0000 0.0000 0.0000 0.0000 0.0001 0.0000 0.0000 0.4423 0.5102 0.7603 0.5046 0.2229 0.1957 0.2103 0.0007 0.5466 0.6094 0.3922 0.0015 0.0000 0.0008 0.0000 0.0000 0.0820 0.0002 0.0000 0.0025 0.0000 0.0003 0.0000 0.0000 0.0000 0.0000 0.0000 0.0000 0.0000
0.0000 0.0019 0.0867 0.0141 0.1360 0.0008 0.0001 0.0000 0.0000 0.0000 0.0001 0.0001 0.0000 0.0000 0.0001 0.0000 0.0001 0.0053 0.0000 0.0000 0.0000 0.0301 0.0000 0.0000 0.0020 0.0009 0.0040 0.0017 0.6974 0.6716 0.7434 0.7033 0.0001 0.0004 0.0014 0.0016 0.0002 0.0012 0.0223 0.0061 0.0086 0.0050 0.0017 0.0001 0.0001 0.0002 0.0001 0.0001 0.0001 0.0001 0.0001 0.0005 0.0003 0.0003 0.0000 0.0000 0.1042 0.1701 0.2144 0.0000 0.0000 0.0000 0.0000 0.0000
0.0000 0.0000 0.0000 0.0000 0.0000 0.0000 0.0000 0.0000 0.0000 0.0000 0.0394 0.0000 0.0000 0.0950 0.0900 0.0000 0.0000 0.0000 0.0000 0.0000 0.0000 0.0000 0.0000 0.0000 0.0000 0.0000 0.0001 0.0000 0.0000 0.0000 0.0000 0.0000 0.0003 0.0000 0.0000 0.0000 0.0000 0.0000 0.0000 0.0000 0.0056 0.0069 0.0275 0.0102 0.0000 0.0000 0.0000 0.0000 0.0000 0.0000 0.0000 0.0000 0.0000 0.0000 0.0000 0.0000 0.0000 0.0000 0.0000 0.0000 0.0000 0.0000 0.0000 0.0000
0.0000 0.0000 0.0000 0.0000 0.0000 0.0000 0.0000 0.0000 0.0000 0.0000 0.0000 0.0000 0.0000 0.0000 0.0000 0.0000 0.0000 0.0000 0.0000 0.0000 0.0000 0.0000 0.0000 0.0000 0.0000 0.0000 0.0000 0.0000 0.0000 0.0000 0.0000 0.0000 0.0000 0.0000 0.0000 0.0001 0.0000 0.0000 0.0000 0.0000 0.0000 0.0000 0.0000 0.0000 0.0000 0.0000 0.0000 0.0000 0.0000 0.0000 0.0000 0.0002 0.0000 0.0000 0.0000 0.0000 0.0000 0.1597 0.0000 0.0000 0.0000 0.0000 0.0000 0.0000
0.0001 0.0002 0.0000 0.0000 0.0016 0.0000 0.0000 0.0000 0.0000 0.0000 0.0000 0.0000 0.0000 0.0000 0.0135 0.0002 0.0012 0.0139 0.0104 0.0008 0.0000 0.0001 0.0105 0.0077 0.0003 0.0000 0.0000 0.0000 0.0020 0.0000 0.0000 0.0005 0.0002 0.0001 0.0001 0.0009 0.0001 0.0001 0.0002 0.0000 0.0000 0.0000 0.0027 0.0006 0.0011 0.0027 0.0056 0.0166 0.0000 0.0000 0.0000 0.0000 0.0000 0.0000 0.0000 0.0058 0.0025 0.0027 0.0000 0.0000 0.0000 0.0000 0.0000 0.0000
0.0000 0.0000 0.0000 0.0000 0.0000 0.0000 0.0000 0.0000 0.0000 0.0000 0.0000 0.0000 0.0000 0.0000 0.0000 0.0000 0.0000 0.0000 0.0000 0.0000 0.0000 0.0000 0.0000 0.0000 0.0000 0.0000 0.0000 0.0000 0.0000 0.0000 0.0000 0.0000 0.0000 0.0000 0.0000 0.0000 0.0000 0.0000 0.0001 0.0000 0.0000 0.0000 0.0000 0.0000 0.0000 0.0000 0.0000 0.0000 0.0531 0.0000 0.0000 0.0001 0.0000 0.0000 0.0000 0.0000 0.0000 0.0000 0.0000 0.0000 0.0000 0.0000 0.0000 0.0000
0.0002 0.0000 0.0000 0.0001 0.0001 0.0000 0.0000 0.0001 0.0000 0.0000 0.0001 0.0008 0.0000 0.0000 0.0000 0.0001 0.0005 0.0020 0.0003 0.0017 0.0007 0.0179 0.0124 0.0059 0.0027 0.0031 0.6606 0.0047 0.0014 0.0062 0.0095 0.0007 0.0002 0.0000 0.0000 0.0000 0.0000 0.0000 0.0014 0.0001 0.0000 0.0000 0.0000 0.0000 0.0000 0.0002 0.0001 0.0000 0.0000 0.0000 0.0000 0.0000 0.0000 0.0000 0.0000 0.0260 0.0022 0.0007 0.0091 0.0000 0.0001 0.0000 0.0000 0.0000
0.0000 0.0000 0.0000 0.0000 0.0000 0.0000 0.0000 0.0000 0.0000 0.0000 0.0000 0.0000 0.0000 0.0000 0.0000 0.0000 0.0000 0.0000 0.0000 0.0000 0.0000 0.0000 0.0000 0.0000 0.0000 0.0000 0.0000 0.2702 0.0244 0.0000 0.0000 0.0000 0.0000 0.0000 0.0000 0.0000 0.0000 0.0000 0.0002 0.0001 0.0001 0.0000 0.0028 0.0000 0.0000 0.0001 0.0000 0.0000 0.0000 0.0000 0.0000 0.0000 0.0000 0.0000 0.0000 0.0000 0.0960 0.0004 0.0000 0.0000 0.0000 0.0000 0.0000 0.0000
0.0001 0.0001 0.0008 0.0006 0.0031 0.0085 0.1475 0.0423 0.0651 0.0003 0.0000 0.0000 0.0000 0.0000 0.0001 0.0001 0.0000 0.0128 0.0094 0.0007 0.0000 0.0038 0.0137 0.0100 0.0013 0.0017 0.0005 0.0003 0.0064 0.0000 0.0034 0.0061 0.0000 0.0000 0.0001 0.0002 0.0000 0.0000 0.0005 0.0000 0.0000 0.0000 0.0007 0.0002 0.0000 0.0000 0.0000 0.0002 0.0059 0.1704 0.0000 0.0001 0.0000 0.0000 0.0000 0.0001 0.0000 0.0000 0.0000 0.0000 0.0000 0.0000 0.0000 0.0000
0.0000 0.0000 0.0000 0.0000 0.0019 0.0000 0.0000 0.0000 0.0000 0.0000 0.0000 0.0000 0.0000 0.0000 0.0000 0.0000 0.0000 0.0000 0.0000 0.0006 0.0193 0.0000 0.0000 0.0000 0.0000 0.0009 0.0000 0.0029 0.0029 0.0134 0.0098 0.0066 0.0015 0.0004 0.0002 0.0010 0.0004 0.0014 0.0050 0.0000 0.0000 0.0000 0.0000 0.0000 0.0000 0.0000 0.0000 0.0000 0.0000 0.0000 0.0000 0.0000 0.0000 0.0000 0.0000 0.0000 0.1013 0.0000 0.0000 0.0000 0.0000 0.0000 0.0000 0.0000
0.0000 0.0001 0.0000 0.0001 0.0002 0.0000 0.0000 0.0000 0.0000 0.0000 0.0000 0.0000 0.0000 0.0000 0.0000 0.0000 0.0000 0.0001 0.0000 0.0000 0.0000 0.0000 0.0007 0.0000 0.0000 0.0000 0.0000 0.0000 0.0000 0.0000 0.0000 0.0000 0.0000 0.0000 0.0000 0.0000 0.0000 0.0000 0.0000 0.0000 0.0000 0.0000 0.0011 0.0001 0.0000 0.0000 0.0001 0.1113 0.4415 0.0573 0.0004 0.0006 0.0000 0.0000 0.0000 0.0000 0.0000 0.0000 0.0000 0.0000 0.0000 0.0000 0.0000 0.0000
0.0000 0.0000 0.0000 0.0000 0.0000 0.0000 0.0000 0.0000 0.0000 0.0000 0.0000 0.0000 0.0000 0.0000 0.0000 0.0000 0.0000 0.0000 0.0000 0.0000 0.0000 0.0000 0.0000 0.0000 0.0000 0.0000 0.0000 0.0000 0.0000 0.0000 0.0000 0.0000 0.0002 0.0000 0.0000 0.0000 0.0000 0.0000 0.0000 0.0000 0.0000 0.0000 0.0000 0.0000 0.0000 0.0000 0.0000 0.0000 0.0000 0.0000 0.0000 0.0000 0.0000 0.0000 0.0000 0.0000 0.0000 0.0000 0.0000 0.0000 0.0000 0.0000 0.0000 0.0000
0.0000 0.0000 0.0000 0.0000 0.0000 0.0000 0.0000 0.0000 0.0000 0.0000 0.0000 0.0000 0.0000 0.0006 0.0002 0.0007 0.0000 0.0000 0.0016 0.0000 0.0000 0.0000 0.0011 0.0000 0.0000 0.0000 0.0000 0.0000 0.0000 0.0000 0.0000 0.0000 0.0000 0.0000 0.0000 0.0000 0.0000 0.0000 0.1186 0.0000 0.0000 0.0000 0.0000 0.0001 0.0000 0.0000 0.3773 0.1775 0.0001 0.6596 0.0000 0.3118 0.0000 0.0000 0.0000 0.0000 0.0000 0.0007 0.0000 0.0000 0.0000 0.0000 0.0000 0.0000
0.0000 0.0000 0.0000 0.0000 0.0000 0.0000 0.0000 0.0000 0.0000 0.0000 0.0000 0.0000 0.0000 0.0000 0.0000 0.0000 0.0000 0.0000 0.0000 0.0000 0.0000 0.0000 0.0000 0.0000 0.0000 0.0001 0.0000 0.0000 0.0000 0.0000 0.0000 0.0000 0.0000 0.0000 0.0000 0.0000 0.0000 0.0000 0.0000 0.0001 0.0001 0.0009 0.0035 0.0000 0.0008 0.0009 0.0013 0.0000 0.0002 0.0003 0.0001 0.0012 0.0000 0.0000 0.0000 0.0029 0.0000 0.0000 0.0000 0.0740 0.0000 0.0000 0.0000 0.0000
0.0000 0.0000 0.0000 0.0000 0.0000 0.0000 0.0001 0.0000 0.0000 0.0000 0.0000 0.0000 0.0003 0.0000 0.0001 0.0001 0.0000 0.0000 0.0176 0.0000 0.0088 0.0000 0.0000 0.0000 0.0000 0.0000 0.0165 0.0000 0.0000 0.0113 0.0066 0.0000 0.0001 0.0000 0.0000 0.0003 0.0001 0.0002 0.0049 0.0017 0.0075 0.0068 0.0145 0.0004 0.0002 0.0000 0.0000 0.0226 0.0006 0.0003 0.0018 0.0002 0.0007 0.0001 0.0128 0.0102 0.0001 0.0001 0.0005 0.0000 0.0000 0.0001 0.0003 0.3433
0.2320 0.1655 0.0254 0.0000 0.0000 0.0000 0.0000 0.0000 0.0000 0.0000 0.0001 0.0000 0.0078 0.0045 0.0543 0.1763 0.2272 0.0300 0.0000 0.0000 0.0000 0.0000 0.0000 0.0000 0.0000 0.0000 0.0000 0.0000 0.0000 0.2471 0.0989 0.0026 0.0001 0.0000 0.0000 0.0000 0.0000 0.0000 0.0005 0.0002 0.0017 0.0004 0.0035 0.0003 0.0000 0.0000 0.0003 0.0011 0.0003 0.0001 0.0000 0.0002 0.0001 0.0001 0.0134 0.0003 0.0000 0.0000 0.0000 0.0000 0.0000 0.0000 0.0000 0.0000
0.0000 0.0000 0.0000 0.0000 0.0001 0.0000 0.0000 0.0000 0.0000 0.0000 0.0000 0.0000 0.0000 0.0000 0.0000 0.0000 0.1284 0.0004 0.0002 0.0000 0.0000 0.0000 0.0000 0.0000 0.0000 0.0000 0.0000 0.0000 0.0000 0.0000 0.0000 0.0000 0.0000 0.0000 0.1461 0.0000 0.0000 0.0000 0.0002 0.0397 0.0359 0.0954 0.0022 0.0001 0.0000 0.0002 0.0000 0.0027 0.0034 0.0003 0.0007 0.0004 0.0692 0.0000 0.0001 0.0002 0.0000 0.0010 0.0026 0.0000 0.0000 0.0000 0.0000 0.0000
0.0000 0.0000 0.0000 0.0000 0.0000 0.0000 0.0000 0.0000 0.2800 0.6757 0.3924 0.0024 0.0160 0.0104 0.0000 0.0000 0.0000 0.0000 0.0000 0.0000 0.0000 0.0000 0.0000 0.0000 0.0000 0.0000 0.0000 0.0000 0.0000 0.0000 0.0000 0.0000 0.0002 0.0000 0.0000 0.0000 0.0000 0.0000 0.0001 0.0000 0.0000 0.0000 0.0000 0.0000 0.0000 0.0000 0.0000 0.0000 0.0000 0.0157 0.0101 0.0101 0.0001 0.0079 0.0471 0.0478 0.0152 0.0203 0.0222 0.0085 0.0000 0.0000 0.0000 0.0000
0.0000 0.0000 0.0005 0.0000 0.0000 0.0000 0.0000 0.0000 0.0000 0.0000 0.0058 0.0000 0.0000 0.0000 0.0000 0.0000 0.0000 0.0000 0.0000 0.0000 0.0000 0.0000 0.0000 0.0000 0.0000 0.0000 0.0000 0.0000 0.0000 0.0000 0.0000 0.0000 0.0000 0.0000 0.0000 0.0000 0.0000 0.0000 0.0000 0.0000 0.0000 0.0000 0.1658 0.0002 0.0000 0.0003 0.0000 0.0000 0.0025 0.0000 0.0009 0.0001 0.0021 0.0000 0.0022 0.0009 0.0000 0.0000 0.0000 0.0000 0.0000 0.0000 0.0000 0.0000
0.0000 0.0002 0.0000 0.0000 0.0000 0.0000 0.0000 0.0000 0.0000 0.0000 0.0000 0.0000 0.0002 0.0000 0.0001 0.0002 0.0008 0.0039 0.0450 0.0006 0.1352 0.0851 0.0128 0.2321 0.5595 0.6812 0.1201 0.0000 0.0000 0.0000 0.0000 0.0000 0.0000 0.0000 0.0000 0.0000 0.0000 0.0000 0.0000 0.0000 0.0000 0.0000 0.0012 0.0000 0.0000 0.0000 0.0000 0.0195 0.0059 0.0108 0.0009 0.0000 0.0007 0.0008 0.0044 0.0254 0.0021 0.0000 0.0035 0.0007 0.0001 0.0001 0.0001 0.0000
0.0000 0.0000 0.0000 0.0000 0.0000 0.0000 0.0000 0.0000 0.0000 0.0000 0.0000 0.0000 0.0000 0.0000 0.0000 0.0000 0.0000 0.0000 0.0000 0.0000 0.0000 0.0000 0.0000 0.0000 0.0000 0.0001 0.0000 0.0000 0.0000 0.0000 0.0016 0.0030 0.0000 0.0000 0.0000 0.0000 0.0000 0.0481 0.0545 0.0012 0.0000 0.0000 0.0002 0.0000 0.0000 0.0000 0.1146 0.0853 0.0315 0.0108 0.1444 0.0003 0.0000 0.0000 0.2557 0.0379 0.1822 0.0000 0.0000 0.0000 0.0000 0.0000 0.0000 0.0000
0.0076 0.0217 0.0050 0.0019 0.0114 0.0033 0.0226 0.0001 0.0000 0.0000 0.0000 0.0003 0.0002 0.0000 0.0001 0.0000 0.0000 0.0000 0.0000 0.0000 0.0000 0.0000 0.0000 0.0018 0.0000 0.0000 0.0000 0.0000 0.0000 0.0000 0.0000 0.0000 0.0000 0.0000 0.0000 0.0000 0.0000 0.0000 0.0000 0.0000 0.0000 0.0000 0.0000 0.0020 0.0157 0.0255 0.0000 0.0000 0.0000 0.0000 0.0000 0.0000 0.0000 0.0000 0.0052 0.0000 0.0021 0.0000 0.0075 0.0000 0.0000 0.0000 0.0000 0.0000
0.0000 0.0000 0.0000 0.0000 0.0000 0.0000 0.0000 0.0000 0.0000 0.0000 0.0000 0.0000 0.0000 0.0000 0.0000 0.0000 0.0000 0.0000 0.0140 0.0000 0.0000 0.0000 0.0000 0.0000 0.0000 0.0000 0.0000 0.0000 0.0000 0.0000 0.0000 0.0000 0.0000 0.0000 0.0000 0.0000 0.0000 0.0000 0.1245 0.0315 0.0000 0.0000 0.0000 0.0000 0.0000 0.0000 0.0000 0.1118 0.0000 0.0025 0.0002 0.0000 0.0000 0.0000 0.0000 0.0000 0.0000 0.0000 0.0002 0.0000 0.0000 0.0000 0.0000 0.0000
0.0003 0.0011 0.0036 0.0007 0.0006 0.0003 0.0005 0.0006 0.0001 0.0001 0.0008 0.0020 0.0002 0.0001 0.0001 0.0000 0.0003 0.0019 0.0009 0.0003 0.0018 0.0106 0.2976 0.2229 0.0015 0.0012 0.0000 0.0000 0.0000 0.0000 0.0001 0.0000 0.0000 0.0000 0.0000 0.0000 0.0000 0.0000 0.0000 0.0000 0.0000 0.0000 0.0000 0.0000 0.0000 0.0000 0.0026 0.0000 0.0000 0.0000 0.0000 0.0000 0.0000 0.0000 0.0000 0.0005 0.0000 0.0016 0.0000 0.0000 0.0000 0.0000 0.0000 0.0000
0.0000 0.0000 0.0000 0.0000 0.0000 0.0000 0.0000 0.0000 0.0000 0.0000 0.0000 0.0000 0.0001 0.0043 0.0502 0.0129 0.0000 0.0000 0.0000 0.0000 0.0466 0.0000 0.0245 0.0174 0.0032 0.0000 0.1325 0.2079 0.0892 0.0031 0.0071 0.0000 0.0000 0.0000 0.0000 0.0013 0.0000 0.0000 0.0012 0.0002 0.0000 0.0000 0.0574 0.2155 0.0000 0.0000 0.0000 0.0000 0.0000 0.0000 0.0002 0.0001 0.0001 0.0000 0.0001 0.0005 0.0171 0.1333 0.0000 0.0000 0.0000 0.0000 0.0000 0.0000
0.0000 0.0000 0.0000 0.0000 0.0000 0.0000 0.0000 0.0000 0.0000 0.0000 0.0000 0.0000 0.0000 0.0000 0.0000 0.0000 0.0000 0.0000 0.0003 0.0000 0.0000 0.0000 0.0000 0.0000 0.0000 0.0000 0.0000 0.0000 0.0000 0.0000 0.0000 0.0000 0.0000 0.0000 0.0000 0.0000 0.0000 0.0000 0.0006 0.0000 0.0000 0.0000 0.0003 0.0000 0.0000 0.0000 0.0000 0.0000 0.0011 0.0000 0.0004 0.0002 0.0002 0.0000 0.0000 0.0001 0.0000 0.0000 0.0000 0.0000 0.0000 0.0000 0.0000 0.0000
0.0000 0.0000 0.0000 0.0000 0.0002 0.0000 0.0000 0.0000 0.0000 0.0000 0.0000 0.0000 0.0000 0.0000 0.0000 0.0000 0.0000 0.0000 0.0000 0.0000 0.0000 0.0000 0.0000 0.0000 0.0000 0.0000 0.0000 0.0000 0.0000 0.0000 0.0000 0.0000 0.0000 0.0000 0.0000 0.0000 0.0000 0.0000 0.0000 0.0000 0.0000 0.0000 0.0000 0.0000 0.0000 0.0000 0.0000 0.0000 0.0000 0.0000 0.0000 0.0000 0.0000 0.0000 0.0000 0.0000 0.0000 0.0000 0.0000 0.0000 0.0000 0.0000 0.0000 0.0000
0.0000 0.0000 0.0000 0.0000 0.0000 0.0000 0.0000 0.0000 0.0000 0.0000 0.0001 0.0014 0.0000 0.0000 0.0000 0.0000 0.0000 0.0001 0.0000 0.0008 0.0000 0.0000 0.0000 0.0000 0.0000 0.0000 0.0000 0.0000 0.0000 0.0000 0.0000 0.0000 0.0000 0.0000 0.0000 0.0000 0.0000 0.0000 0.0017 0.0000 0.0000 0.0000 0.0085 0.0000 0.0000 0.0149 0.0209 0.0755 0.0000 0.0000 0.0051 0.0000 0.0000 0.0000 0.0000 0.0002 0.0000 0.0000 0.0000 0.0000 0.0000 0.0000 0.0000 0.0000
0.0000 0.0000 0.0001 0.0000 0.0004 0.0000 0.0000 0.0000 0.0000 0.0000 0.0025 0.0005 0.0000 0.0000 0.0000 0.0000 0.0000 0.0000 0.0000 0.0000 0.0000 0.0000 0.0000 0.0000 0.0000 0.0022 0.0000 0.0000 0.0000 0.0002 0.0000 0.0000 0.0000 0.0000 0.0000 0.0000 0.0000 0.0000 0.0000 0.0000 0.0000 0.0000 0.0000 0.0000 0.0000 0.0000 0.0000 0.0000 0.0000 0.0000 0.0004 0.0000 0.0000 0.0000 0.0027 0.0272 0.0038 0.0000 0.0006 0.0021 0.0003 0.0002 0.0000 0.0001
0.0000 0.0000 0.0000 0.0000 0.0000 0.0000 0.0000 0.0000 0.0000 0.0000 0.0129 0.0035 0.0000 0.1841 0.0001 0.0828 0.0000 0.0000 0.0000 0.0000 0.0000 0.0000 0.0000 0.0000 0.0000 0.0000 0.0000 0.0000 0.0000 0.0000 0.0000 0.0000 0.0000 0.0000 0.0000 0.0000 0.0000 0.0000 0.0000 0.0001 0.0009 0.0000 0.0006 0.0002 0.0000 0.0000 0.0000 0.0000 0.0000 0.0000 0.0001 0.0001 0.0000 0.0000 0.0000 0.0003 0.0000 0.0000 0.0003 0.0000 0.0000 0.0000 0.0000 0.0000
0.0000 0.0000 0.0000 0.0000 0.0000 0.0000 0.0000 0.0000 0.0000 0.0000 0.0000 0.0000 0.0000 0.0000 0.0000 0.0000 0.0000 0.0000 0.0000 0.0000 0.0000 0.0000 0.0001 0.0000 0.0000 0.0000 0.0000 0.0000 0.0000 0.0000 0.0000 0.0000 0.0000 0.0000 0.0000 0.0000 0.0000 0.0000 0.0131 0.0013 0.0000 0.0000 0.0004 0.0000 0.0000 0.0000 0.0003 0.0003 0.0001 0.0000 0.0001 0.0001 0.0001 0.2197 0.0000 0.0016 0.0000 0.0859 0.0000 0.0003 0.0000 0.0000 0.0000 0.0000
0.0000 0.0000 0.0000 0.0000 0.0000 0.0000 0.0000 0.0000 0.0000 0.0000 0.0000 0.0000 0.0000 0.0000 0.0000 0.0000 0.0000 0.0000 0.0000 0.0000 0.0000 0.0000 0.0000 0.0000 0.0000 0.0000 0.0000 0.0000 0.0000 0.0000 0.0000 0.0000 0.0000 0.0000 0.0000 0.0000 0.0000 0.0000 0.0000 0.0008 0.2186 0.1431 0.3461 0.0000 0.0000 0.0000 0.0000 0.0000 0.0000 0.0000 0.0000 0.0000 0.0000 0.0000 0.0000 0.0001 0.0000 0.0000 0.1386 0.0000 0.0000 0.0000 0.0000 0.0000
0.0000 0.0000 0.0000 0.0000 0.0000 0.0000 0.0000 0.0000 0.0000 0.0000 0.0000 0.0000 0.0000 0.0000 0.0000 0.0000 0.0000 0.0000 0.0000 0.0000 0.0000 0.0000 0.0000 0.0030 0.0000 0.0000 0.0000 0.0000 0.0000 0.0108 0.0000 0.0000 0.0000 0.0000 0.0000 0.0000 0.0000 0.0000 0.0000 0.0000 0.0000 0.0000 0.0000 0.0000 0.0000 0.0000 0.0000 0.0025 0.0000 0.0000 0.0000 0.0000 0.0000 0.0000 0.0000 0.0000 0.0000 0.0000 0.0000 0.0000 0.0000 0.0000 0.0000 0.0001
0.0002 0.0002 0.0008 0.0002 0.0002 0.0000 0.0000 0.0000 0.0036 0.0000 0.0000 0.0006 0.0000 0.0000 0.0000 0.0000 0.0000 0.0007 0.0000 0.0000 0.0000 0.0000 0.0025 0.0000 0.0000 0.0008 0.0000 0.0000 0.0000 0.0000 0.0002 0.0002 0.0002 0.0001 0.0000 0.0000 0.0000 0.0000 0.0000 0.0000 0.0000 0.0000 0.0000 0.0000 0.0000 0.0000 0.0000 0.0000 0.0000 0.0000 0.0000 0.0000 0.0000 0.0000 0.0000 0.0000 0.0000 0.0001 0.0011 0.0000 0.0000 0.0000 0.0000 0.0000
0.0002 0.0001 0.0001 0.0000 0.0000 0.0001 0.0000 0.0001 0.0000 0.0000 0.0004 0.0005 0.0000 0.0000 0.0000 0.0000 0.0000 0.0004 0.2609 0.0000 0.0000 0.0000 0.0000 0.0023 0.0000 0.0000 0.0000 0.0000 0.0000 0.0000 0.0000 0.0018 0.0000 0.0000 0.0000 0.0001 0.0000 0.0000 0.0000 0.0000 0.0003 0.0008 0.0246 0.0004 0.0009 0.0090 0.0033 0.0600 0.0127 0.0026 0.0026 0.0061 0.0000 0.0000 0.0081 0.0647 0.0047 0.0002 0.0030 0.0073 0.0035 0.0001 0.0001 0.0002
0.0000 0.0000 0.0000 0.0001 0.0002 0.0000 0.0000 0.0000 0.0000 0.0000 0.1034 0.1115 0.1376 0.0000 0.0805 0.0000 0.0000 0.0000 0.0000 0.0000 0.0001 0.0000 0.0069 0.0000 0.0000 0.0012 0.0002 0.0000 0.0019 0.0000 0.0000 0.0000 0.0000 0.2162 0.2763 0.0000 0.0000 0.0000 0.0016 0.0000 0.0000 0.0000 0.0000 0.0000 0.0000 0.0000 0.0000 0.0000 0.0000 0.0009 0.2838 0.1725 0.1375 0.0000 0.1600 0.0001 0.1843 0.0000 0.0000 0.0000 0.0000 0.0000 0.0000 0.0000
0.0000 0.0000 0.0000 0.0000 0.0009 0.0000 0.0000 0.0000 0.0000 0.0000 0.0000 0.0000 0.0000 0.0000 0.0000 0.0000 0.0000 0.0000 0.0000 0.0000 0.0000 0.0000 0.0000 0.0000 0.0000 0.0000 0.0000 0.0000 0.0000 0.0000 0.0000 0.0000 0.0000 0.0000 0.0000 0.0000 0.0000 0.0000 0.0000 0.0000 0.0000 0.0000 0.0000 0.0000 0.0000 0.0000 0.0000 0.0000 0.0000 0.0000 0.0000 0.0000 0.0000 0.0000 0.0000 0.0000 0.0000 0.0000 0.0000 0.0000 0.0000 0.0000 0.0000 0.0000
0.0000 0.0000 0.0000 0.0001 0.0000 0.0000 0.0000 0.0000 0.0001 0.0000 0.0000 0.0000 0.0000 0.0000 0.0000 0.0000 0.0001 0.0000 0.0000 0.0000 0.0000 0.0000 0.0000 0.0000 0.0000 0.0000 0.0000 0.0000 0.0000 0.0000 0.0000 0.0000 0.0000 0.0000 0.0000 0.0000 0.0000 0.0000 0.0000 0.0000 0.0000 0.0000 0.0002 0.2032 0.0000 0.0000 0.0000 0.0000 0.0000 0.0000 0.0000 0.0000 0.0000 0.0000 0.0000 0.0005 0.0016 0.3547 0.0000 0.0000 0.0000 0.0000 0.0000 0.0000
0.0008 0.0017 0.0016 0.0001 0.0004 0.0000 0.0014 0.0000 0.0002 0.0000 0.0000 0.0000 0.0000 0.0000 0.0000 0.0000 0.0000 0.0002 0.0000 0.0000 0.0000 0.0000 0.0000 0.0000 0.0000 0.0000 0.0000 0.0000 0.0000 0.0000 0.0001 0.0000 0.0357 0.0000 0.0000 0.0099 0.0037 0.0025 0.0390 0.0331 0.0074 0.0000 0.0364 0.0000 0.0000 0.0005 0.0000 0.0000 0.0004 0.0000 0.0041 0.0003 0.0004 0.0000 0.0078 0.0019 0.0001 0.0000 0.0003 0.0000 0.0000 0.0000 0.0000 0.0000
0.0000 0.0000 0.0000 0.0000 0.0000 0.0000 0.0000 0.0000 0.0000 0.0000 0.0003 0.0000 0.0000 0.0000 0.0003 0.0000 0.0000 0.0001 0.0000 0.0537 0.0892 0.0000 0.0000 0.0000 0.0000 0.0000 0.0000 0.0000 0.0000 0.0000 0.0000 0.0001 0.0543 0.3339 0.2484 0.0116 0.0046 0.0035 0.0497 0.0489 0.0175 0.0097 0.0000 0.0191 0.0000 0.0163 0.0000 0.0000 0.0051 0.0000 0.0044 0.0000 0.0002 0.0000 0.0000 0.0082 0.0000 0.0017 0.0022 0.0000 0.0000 0.0000 0.0000 0.0000
0.0000 0.0000 0.0000 0.0000 0.0000 0.0000 0.0000 0.0000 0.0000 0.0000 0.0000 0.0000 0.0000 0.0000 0.0000 0.0000 0.0000 0.0000 0.0000 0.0000 0.0000 0.0000 0.0000 0.0000 0.0000 0.0000 0.0000 0.0000 0.0000 0.0000 0.0115 0.0000 0.0000 0.0000 0.0000 0.0000 0.0000 0.0000 0.0000 0.0000 0.0000 0.0000 0.0000 0.0000 0.0000 0.0000 0.0000 0.0000 0.0000 0.0000 0.0000 0.0000 0.0000 0.0000 0.0000 0.0022 0.0000 0.0000 0.0009 0.0000 0.0000 0.0000 0.0000 0.0000
0.0000 0.0001 0.0004 0.0000 0.0000 0.0000 0.0000 0.0000 0.0000 0.0000 0.0000 0.0000 0.0000 0.0000 0.0042 0.1116 0.1770 0.4424 0.4042 0.0000 0.0376 0.0000 0.0000 0.0327 0.0523 0.0738 0.0212 0.0324 0.0350 0.0249 0.0785 0.2670 0.4118 0.0325 0.0192 0.0140 0.0023 0.0030 0.0275 0.0127 0.0007 0.0000 0.0000 0.0000 0.0000 0.0000 0.0000 0.0000 0.0000 0.0000 0.0000 0.0002 0.0001 0.0000 0.0000 0.0000 0.0000 0.0000 0.0000 0.0000 0.0000 0.0000 0.0000 0.0000
0.0000 0.0000 0.0000 0.0000 0.0000 0.0000 0.0000 0.0000 0.0000 0.0000 0.0000 0.0000 0.0000 0.0000 0.0001 0.0001 0.0000 0.0000 0.0000 0.0000 0.0000 0.0000 0.0000 0.0000 0.0000 0.0000 0.0000 0.0000 0.0000 0.0000 0.0000 0.0000 0.0000 0.0000 0.0000 0.0000 0.0000 0.0000 0.0000 0.0000 0.0000 0.0000 0.0000 0.0000 0.0000 0.0000 0.0000 0.0000 0.0006 0.0000 0.0000 0.0001 0.0000 0.0000 0.0000 0.0221 0.0022 0.0000 0.0000 0.0020 0.0000 0.0000 0.0000 0.0000
0.0000 0.0000 0.0000 0.0000 0.0002 0.0000 0.0000 0.0002 0.0000 0.0000 0.0000 0.0004 0.0000 0.0000 0.0001 0.0002 0.0001 0.0029 0.0000 0.0000 0.0000 0.0000 0.0000 0.0000 0.0001 0.0000 0.0000 0.0000 0.0000 0.0000 0.0000 0.0000 0.0000 0.0000 0.0000 0.0000 0.0000 0.0000 0.0060 0.3996 0.0002 0.0004 0.0005 0.0001 0.1630 0.2618 0.2297 0.0038 0.0000 0.0001 0.0001 0.0011 0.0000 0.0000 0.0001 0.0149 0.0000 0.0000 0.0000 0.0000 0.0000 0.0000 0.0000 0.0000
0.0000 0.0000 0.0001 0.0000 0.0000 0.0002 0.0000 0.0000 0.0000 0.0000 0.0000 0.0000 0.0000 0.0000 0.0000 0.0000 0.0000 0.0000 0.0000 0.0000 0.0000 0.0000 0.0088 0.0000 0.0000 0.0027 0.0000 0.0000 0.0000 0.0000 0.0000 0.0000 0.0000 0.0000 0.0000 0.0000 0.0000 0.0000 0.0000 0.0000 0.0000 0.0000 0.0000 0.0000 0.0000 0.0008 0.0164 0.0731 0.0492 0.0215 0.0393 0.0570 0.0741 0.5780 0.0938 0.0532 0.0008 0.0316 0.0002 0.0002 0.0000 0.0000 0.0000 0.0000
