0.0074 0.0205 0.0202 0.0060 0.0002 0.0003 0.0008 0.0005 0.0003 0.0011 0.0013 0.0007 0.0007 0.0002 0.0002 0.0004 0.0003 0.0006 0.0003 0.0003 0.0004 0.0002 0.0001 0.0001 0.0001 0.0001 0.0002 0.0001 0.0002 0.0005 0.0002 0.0006 0.0000 0.0000 0.0000 0.0000 0.0000 0.0000 0.0000 0.0000 0.0000 0.0003 0.0000 0.0000 0.0000 0.0130 0.0070 0.0077 0.0055 0.0107 0.0096 0.0112 0.0005 0.0131 0.0184 0.0038 0.0013 0.0011 0.0031 0.0041 0.0078 0.0015 0.0001 0.0003
0.0000 0.0000 0.0000 0.0000 0.0000 0.0000 0.0000 0.0000 0.0000 0.0000 0.0000 0.0000 0.0000 0.0000 0.0000 0.0000 0.0000 0.0000 0.0000 0.0000 0.0013 0.0000 0.0000 0.0003 0.0000 0.0000 0.0000 0.0000 0.0000 0.0000 0.0000 0.0000 0.0000 0.0000 0.0000 0.0000 0.0000 0.0000 0.0041 0.0000 0.0000 0.0000 0.0000 0.0000 0.0000 0.0000 0.0000 0.0000 0.0000 0.0000 0.0000 0.0000 0.0000 0.0000 0.0000 0.0000 0.0000 0.0000 0.0000 0.0000 0.0000 0.0000 0.0000 0.0000
0.0000 0.0000 0.0000 0.0000 0.0000 0.0000 0.0000 0.0000 0.0000 0.0000 0.0000 0.0000 0.0000 0.0093 0.0000 0.0000 0.0000 0.0000 0.0000 0.0000 0.1807 0.0000 0.0133 0.0000 0.0214 0.0092 0.0000 0.0000 0.0000 0.0007 0.0000 0.0001 0.0002 0.0000 0.0000 0.0000 0.0000 0.0000 0.0000 0.0000 0.0000 0.0000 0.0000 0.0000 0.0000 0.0000 0.0000 0.0000 0.0000 0.0000 0.0000 0.0000 0.0000 0.0000 0.0001 0.0001 0.0000 0.0000 0.0000 0.0000 0.0000 0.0000 0.0000 0.0000
0.0000 0.0000 0.0000 0.0000 0.0000 0.0000 0.0000 0.0000 0.0000 0.0000 0.0000 0.0000 0.0000 0.0000 0.0000 0.0000 0.0000 0.0000 0.0000 0.0000 0.0000 0.0000 0.0000 0.0000 0.0000 0.0000 0.0000 0.0000 0.0000 0.0000 0.0000 0.0000 0.0000 0.0000 0.0000 0.0000 0.0000 0.0000 0.0000 0.0000 0.0000 0.0000 0.0000 0.0000 0.0000 0.0000 0.0000 0.0000 0.0000 0.0000 0.0000 0.0000 0.0000 0.0000 0.0000 0.0000 0.0000 0.0000 0.0000 0.0000 0.0000 0.0000 0.0000 0.0000
0.0000 0.0007 0.0000 0.0000 0.0000 0.0000 0.0000 0.0000 0.0000 0.0000 0.0000 0.0000 0.0000 0.0000 0.0000 0.0000 0.0000 0.0000 0.0005 0.0000 0.0000 0.0000 0.0000 0.0000 0.0000 0.0000 0.0000 0.0000 0.0000 0.0000 0.0000 0.0153 0.0000 0.0000 0.0234 0.0242 0.0333 0.0221 0.0269 0.0257 0.0337 0.0252 0.0425 0.0300 0.0278 0.0195 0.0119 0.0139 0.0000 0.0000 0.0007 0.0006 0.0009 0.0003 0.0005 0.0000 0.0006 0.0007 0.0008 0.0005 0.0000 0.0053 0.0000 0.0140
0.0000 0.0000 0.0000 0.0000 0.0000 0.0000 0.0000 0.0000 0.0000 0.0000 0.0000 0.0000 0.0000 0.0000 0.0000 0.0000 0.0000 0.0000 0.0000 0.0000 0.0000 0.0000 0.0000 0.0000 0.0000 0.0000 0.0000 0.0000 0.0000 0.0000 0.0000 0.0000 0.0000 0.0000 0.0000 0.0000 0.0000 0.0000 0.0000 0.0000 0.0002 0.0006 0.0008 0.0009 0.0005 0.0004 0.0005 0.0009 0.0009 0.0013 0.0011 0.0008 0.0008 0.0005 0.0010 0.0006 0.0006 0.0006 0.0010 0.0012 0.0049 0.0048 0.0041 0.0094
0.0001 0.0002 0.0001 0.0000 0.0000 0.0000 0.0000 0.0000 0.0000 0.0000 0.0000 0.0000 0.0000 0.0000 0.0000 0.0001 0.0000 0.0000 0.0010 0.0008 0.0000 0.0000 0.0000 0.0000 0.0000 0.0000 0.0000 0.0000 0.0000 0.0000 0.0000 0.0004 0.0003 0.0006 0.0000 0.0000 0.0000 0.0000 0.0000 0.0000 0.0000 0.0000 0.0077 0.0075 0.0046 0.0001 0.0000 0.0010 0.0001 0.0002 0.0000 0.0000 0.0000 0.0006 0.0027 0.0023 0.0041 0.0030 0.0020 0.0000 0.0000 0.0000 0.0000 0.0000
0.0000 0.0000 0.0000 0.0000 0.0000 0.0000 0.0000 0.0052 0.0000 0.0000 0.0000 0.0000 0.0000 0.0000 0.0000 0.0000 0.0000 0.0000 0.0000 0.0000 0.0000 0.0000 0.0000 0.0000 0.0000 0.0000 0.0000 0.0000 0.0000 0.0000 0.0000 0.0000 0.0000 0.0000 0.0000 0.0000 0.0000 0.0000 0.0000 0.0000 0.0000 0.0000 0.0000 0.0000 0.0000 0.0000 0.0000 0.0000 0.0000 0.0000 0.0011 0.0000 0.0019 0.0015 0.0027 0.0044 0.0010 0.0000 0.0000 0.0000 0.0000 0.0000 0.0000 0.0000
0.0000 0.0000 0.0001 0.0000 0.0000 0.0000 0.0000 0.0000 0.0000 0.0000 0.0202 0.0179 0.0205 0.0160 0.0000 0.0000 0.0000 0.0008 0.0049 0.0005 0.0006 0.0013 0.0008 0.0000 0.0000 0.0000 0.0009 0.0010 0.0006 0.0034 0.0011 0.0006 0.0006 0.0004 0.0461 0.0146 0.0000 0.0000 0.0000 0.0000 0.0000 0.0000 0.0000 0.0000 0.0000 0.0000 0.0000 0.0000 0.0000 0.0000 0.0000 0.0000 0.0000 0.0033 0.0073 0.0000 0.0103 0.0000 0.0000 0.0000 0.0000 0.0000 0.0000 0.0000
0.0000 0.0000 0.0000 0.0000 0.0000 0.0117 0.0134 0.0062 0.0025 0.0026 0.0012 0.0005 0.0002 0.0001 0.0137 0.0000 0.0086 0.0000 0.0000 0.0000 0.0107 0.0000 0.0000 0.0057 0.0000 0.0000 0.0061 0.0013 0.0001 0.0013 0.0007 0.0027 0.0009 0.0026 0.0200 0.0015 0.0182 0.0132 0.0000 0.0001 0.0000 0.0000 0.0049 0.0001 0.0071 0.0003 0.0003 0.0005 0.0003 0.0007 0.0003 0.0003 0.0001 0.0000 0.0000 0.0000 0.0000 0.0000 0.0000 0.0000 0.0000 0.0000 0.0000 0.0000
0.0000 0.0000 0.0000 0.0000 0.0000 0.0000 0.0000 0.0000 0.0000 0.0000 0.0000 0.0000 0.0000 0.0000 0.0000 0.0000 0.0000 0.0000 0.0000 0.0000 0.0000 0.0000 0.0000 0.0000 0.0000 0.0000 0.0000 0.0000 0.0000 0.0000 0.0000 0.0000 0.0000 0.0000 0.0000 0.0000 0.0000 0.0000 0.0000 0.0000 0.0000 0.0000 0.0000 0.0000 0.0000 0.0000 0.0000 0.0000 0.0000 0.0000 0.0000 0.0000 0.0000 0.0000 0.0000 0.0000 0.0000 0.0000 0.0000 0.0000 0.0000 0.0000 0.0000 0.0000
0.0001 0.0000 0.0001 0.0000 0.0000 0.0000 0.0000 0.0004 0.0003 0.0002 0.0008 0.0011 0.0008 0.0000 0.0000 0.0000 0.0000 0.0001 0.0000 0.0000 0.0000 0.0371 0.0000 0.0000 0.0022 0.0037 0.0201 0.0132 0.0001 0.0012 0.0002 0.0002 0.0005 0.0001 0.0000 0.0000 0.0000 0.0000 0.0006 0.0025 0.0011 0.0021 0.0053 0.0010 0.0067 0.0050 0.0016 0.0011 0.0122 0.0013 0.0019 0.0036 0.0029 0.0030 0.0037 0.0034 0.0021 0.0025 0.0048 0.0078 0.0132 0.0224 0.0001 0.0002
0.0000 0.0000 0.0000 0.0000 0.0000 0.0000 0.0000 0.0000 0.0000 0.0000 0.0000 0.0000 0.0000 0.0000 0.0001 0.0147 0.0026 0.0000 0.0000 0.0000 0.0000 0.0000 0.0027 0.0073 0.0028 0.0093 0.0000 0.0000 0.0000 0.0000 0.0000 0.0000 0.0000 0.0000 0.0000 0.0000 0.0000 0.0000 0.0000 0.0000 0.0000 0.0000 0.0000 0.0000 0.0000 0.0000 0.0000 0.0000 0.0000 0.0000 0.0000 0.0000 0.0000 0.0000 0.0034 0.0024 0.0000 0.0000 0.0000 0.0000 0.0000 0.0000 0.0000 0.0000
0.0000 0.0079 0.0000 0.0000 0.0000 0.0000 0.0000 0.0000 0.0151 0.0056 0.0000 0.0000 0.0000 0.0000 0.0113 0.0087 0.0000 0.0000 0.0000 0.0000 0.0000 0.0000 0.0000 0.0017 0.0001 0.0000 0.0000 0.0000 0.0000 0.0000 0.0000 0.0000 0.0003 0.0000 0.0055 0.0011 0.0028 0.0026 0.0049 0.0013 0.0261 0.0028 0.0018 0.0033 0.0015 0.0017 0.0016 0.0301 0.0018 0.0011 0.0012 0.0013 0.0000 0.0000 0.0000 0.0000 0.0000 0.0000 0.0000 0.0000 0.0000 0.0000 0.0000 0.0001
0.0000 0.0002 0.0001 0.0000 0.0001 0.0000 0.0002 0.0001 0.0000 0.0001 0.0002 0.0001 0.0001 0.0000 0.0000 0.0000 0.0000 0.0000 0.0000 0.0000 0.0000 0.0000 0.0001 0.0000 0.0000 0.0000 0.0000 0.0000 0.0001 0.0000 0.0000 0.0000 0.0000 0.0000 0.0000 0.0000 0.0000 0.0000 0.0000 0.0000 0.0000 0.0000 0.0000 0.0000 0.0000 0.0000 0.0001 0.0000 0.0015 0.0031 0.0023 0.0023 0.0035 0.0000 0.0000 0.0000 0.0000 0.0000 0.0000 0.0000 0.0000 0.0010 0.0005 0.0004
0.0000 0.0000 0.0001 0.0001 0.0001 0.0001 0.0003 0.0003 0.0002 0.0002 0.0002 0.0000 0.0000 0.0000 0.0000 0.0000 0.0000 0.0000 0.0000 0.0000 0.0000 0.0000 0.0000 0.0000 0.0000 0.0000 0.0000 0.0000 0.0000 0.0000 0.0000 0.0000 0.0000 0.0000 0.0000 0.0000 0.0000 0.0000 0.0000 0.0000 0.0053 0.0040 0.0000 0.0043 0.0105 0.0085 0.0036 0.0029 0.0000 0.0001 0.0000 0.0000 0.0000 0.0000 0.0000 0.0000 0.0000 0.0000 0.0001 0.0000 0.0000 0.0000 0.0000 0.0000
0.0010 0.0053 0.0023 0.0021 0.0029 0.0018 0.0023 0.0021 0.0018 0.0033 0.0033 0.0127 0.0015 0.0019 0.0019 0.0014 0.0034 0.0022 0.0031 0.0012 0.0011 0.0002 0.0000 0.0000 0.0006 0.0000 0.0000 0.0000 0.0000 0.0000 0.0000 0.0000 0.0000 0.0000 0.0000 0.0000 0.0000 0.0000 0.0000 0.0000 0.0000 0.0000 0.0000 0.0000 0.0000 0.0006 0.0018 0.0031 0.0064 0.0105 0.0055 0.0000 0.0189 0.0141 0.0000 0.0000 0.0000 0.0009 0.0000 0.0000 0.0000 0.0000 0.0000 0.0000
0.0000 0.0000 0.0000 0.0000 0.0004 0.0002 0.0000 0.0000 0.0000 0.0000 0.0000 0.0000 0.0000 0.0000 0.0000 0.0000 0.0009 0.0000 0.0000 0.0000 0.0000 0.0000 0.0000 0.0000 0.0000 0.0000 0.0000 0.0000 0.0000 0.0000 0.0000 0.0000 0.0000 0.0000 0.0000 0.0000 0.0000 0.0009 0.0000 0.0000 0.0000 0.0005 0.0000 0.0000 0.0000 0.0000 0.0001 0.0005 0.0006 0.0064 0.0009 0.0021 0.0005 0.0003 0.0005 0.0015 0.0023 0.0014 0.0026 0.0046 0.0202 0.0025 0.0031 0.0019
0.0000 0.0000 0.0000 0.0000 0.0000 0.0000 0.0000 0.0000 0.0000 0.0000 0.0000 0.0000 0.0000 0.0000 0.0000 0.0000 0.0000 0.0000 0.0000 0.0000 0.0000 0.0000 0.0000 0.0000 0.0000 0.0000 0.0000 0.0000 0.0000 0.0000 0.0000 0.0000 0.0000 0.0000 0.0000 0.0000 0.0000 0.0000 0.0000 0.0000 0.0000 0.0015 0.0010 0.0023 0.0009 0.0010 0.0006 0.0013 0.0014 0.0019 0.0019 0.0022 0.0136 0.0000 0.0234 0.0000 0.0000 0.0888 0.0000 0.0000 0.0000 0.0000 0.0000 0.3567
0.0005 0.0000 0.0006 0.0005 0.0003 0.0006 0.0009 0.0005 0.0004 0.0000 0.0000 0.0000 0.0000 0.0001 0.0001 0.0000 0.0000 0.0000 0.0000 0.0000 0.0000 0.0000 0.0000 0.0000 0.0000 0.0000 0.0000 0.0000 0.0007 0.0003 0.0000 0.0000 0.0000 0.0002 0.0000 0.0000 0.0000 0.0000 0.0000 0.0000 0.0000 0.0000 0.0000 0.0000 0.0000 0.0000 0.0000 0.0000 0.0000 0.0000 0.0000 0.0000 0.0000 0.0000 0.0000 0.0000 0.0000 0.0000 0.0000 0.0000 0.0000 0.0000 0.0000 0.0000
0.0039 0.0061 0.0021 0.0115 0.0002 0.0000 0.0001 0.0001 0.0000 0.0000 0.0000 0.0001 0.0000 0.0000 0.0000 0.0000 0.0000 0.0000 0.0000 0.0101 0.0004 0.0000 0.0000 0.0001 0.0000 0.0000 0.0000 0.0000 0.0000 0.0000 0.0000 0.0000 0.0000 0.0000 0.0000 0.0000 0.0000 0.0000 0.0000 0.0000 0.0000 0.0000 0.0000 0.0000 0.0000 0.0000 0.0000 0.0000 0.0000 0.0000 0.0000 0.0000 0.0000 0.0019 0.0000 0.0000 0.0000 0.0000 0.0000 0.0000 0.0000 0.0000 0.0000 0.0001
0.0000 0.0000 0.0000 0.0000 0.0000 0.0000 0.0000 0.0079 0.0000 0.0000 0.0000 0.0000 0.0000 0.0000 0.0000 0.0000 0.0000 0.0000 0.0000 0.0000 0.0000 0.0000 0.0000 0.0000 0.0000 0.0000 0.0000 0.0000 0.0000 0.0000 0.0000 0.0000 0.0000 0.0000 0.0000 0.0000 0.0000 0.0000 0.0000 0.0000 0.0000 0.0000 0.0000 0.0000 0.0000 0.0000 0.0000 0.0003 0.0024 0.0086 0.0788 0.0471 0.0473 0.0587 0.0521 0.0949 0.3922 0.2028 0.3232 0.3729 0.3328 0.1841 0.2831 0.0000
0.0000 0.0000 0.0000 0.0000 0.0000 0.0032 0.0467 0.0212 0.0000 0.0000 0.0000 0.0000 0.0000 0.0000 0.0000 0.0000 0.0191 0.0079 0.0217 0.0089 0.0076 0.0226 0.0000 0.0051 0.0000 0.0000 0.0000 0.0388 0.0000 0.0234 0.0123 0.0085 0.0014 0.0000 0.0000 0.0000 0.0000 0.0053 0.0054 0.0000 0.0023 0.0000 0.0000 0.0000 0.0000 0.0000 0.1921 0.0000 0.1991 0.1959 0.0000 0.0000 0.0000 0.0000 0.0000 0.0000 0.0000 0.0000 0.0000 0.0000 0.0000 0.0000 0.2269 0.0000
0.0000 0.0000 0.0000 0.0000 0.0000 0.0000 0.0000 0.0000 0.0000 0.0000 0.0000 0.0000 0.0000 0.0000 0.0000 0.0000 0.0000 0.0000 0.0000 0.0000 0.0000 0.0000 0.0000 0.0000 0.0000 0.0000 0.0000 0.0000 0.0000 0.0000 0.0000 0.0005 0.0001 0.0005 0.0005 0.0002 0.0007 0.0005 0.0000 0.0000 0.0029 0.0000 0.0030 0.0006 0.0005 0.0012 0.0003 0.0598 0.0000 0.0000 0.0000 0.0000 0.0000 0.0000 0.0000 0.0010 0.0005 0.0001 0.0000 0.0000 0.0000 0.0000 0.0000 0.0000
0.8923 0.7748 0.8657 0.8965 0.9323 0.8476 0.9111 0.9271 0.9150 0.9524 0.8366 0.8641 0.8825 0.7642 0.7494 0.7402 0.8133 0.8389 0.9022 0.9116 0.5598 0.8235 0.9164 0.9081 0.9271 0.9410 0.9349 0.8506 0.6014 0.3946 0.5881 0.7624 0.9336 0.9546 0.0372 0.0208 0.0335 0.0036 0.0111 0.7084 0.6062 0.6327 0.2820 0.0001 0.0000 0.0000 0.0000 0.5062 0.0000 0.0000 0.0000 0.0000 0.0000 0.0000 0.0000 0.0000 0.0001 0.0163 0.0137 0.0153 0.0282 0.0310 0.0266 0.0199
0.0006 0.0000 0.0000 0.0000 0.0000 0.0000 0.0000 0.0000 0.0000 0.0000 0.0000 0.0000 0.0000 0.0000 0.0000 0.0000 0.0000 0.0000 0.0000 0.0000 0.0000 0.0000 0.0000 0.0005 0.0002 0.0005 0.0003 0.0008 0.0005 0.0003 0.0000 0.0002 0.0002 0.0000 0.0000 0.0000 0.0000 0.0000 0.0000 0.0000 0.0000 0.0000 0.0000 0.0000 0.0000 0.0000 0.0000 0.0000 0.0000 0.0000 0.0059 0.0000 0.0000 0.0000 0.0000 0.0000 0.0000 0.0000 0.0000 0.0000 0.0000 0.0000 0.0000 0.0000
0.0000 0.0000 0.0000 0.0000 0.0000 0.0000 0.0000 0.0000 0.0000 0.0000 0.0000 0.0000 0.0000 0.0000 0.0000 0.0000 0.0000 0.0000 0.0000 0.0000 0.0000 0.0000 0.0000 0.0000 0.0000 0.0000 0.0000 0.0000 0.0000 0.0000 0.0000 0.0123 0.0000 0.0000 0.0000 0.0000 0.0000 0.0000 0.0000 0.0035 0.0013 0.0000 0.0005 0.0016 0.0000 0.0000 0.0000 0.0000 0.0000 0.0000 0.0000 0.0000 0.0000 0.0000 0.0000 0.0000 0.0000 0.0000 0.0000 0.0000 0.0000 0.0000 0.0000 0.0018
0.0000 0.0000 0.0000 0.0000 0.0000 0.0000 0.0000 0.0000 0.0000 0.0000 0.0491 0.0332 0.0225 0.0000 0.0000 0.0000 0.0000 0.0000 0.0000 0.0000 0.0000 0.0000 0.0000 0.0000 0.0000 0.0000 0.0000 0.0000 0.0000 0.0000 0.0000 0.0000 0.0000 0.0001 0.0000 0.0000 0.0000 0.0000 0.0000 0.0000 0.0075 0.0000 0.0013 0.0003 0.0010 0.0000 0.0040 0.0020 0.0026 0.0000 0.0000 0.0000 0.0000 0.0031 0.0000 0.0012 0.0161 0.0098 0.0065 0.0005 0.0000 0.0000 0.0000 0.0000
0.0000 0.0000 0.0000 0.0000 0.0000 0.0000 0.0000 0.0000 0.0000 0.0000 0.0000 0.0000 0.0000 0.0000 0.0000 0.0000 0.0000 0.0000 0.0000 0.0000 0.0000 0.0000 0.0000 0.0000 0.0000 0.0000 0.0000 0.0000 0.0000 0.0000 0.0000 0.0000 0.0000 0.0000 0.0000 0.0000 0.0000 0.0000 0.0000 0.0000 0.0000 0.0000 0.0000 0.0000 0.0000 0.0000 0.0000 0.0000 0.0000 0.0000 0.0000 0.0000 0.0000 0.0000 0.0000 0.0000 0.0000 0.0000 0.0000 0.0000 0.0000 0.0000 0.0000 0.0000
0.0007 0.0020 0.0003 0.0008 0.0023 0.0010 0.0049 0.0040 0.0116 0.0058 0.0549 0.0536 0.0575 0.0118 0.0426 0.0000 0.0159 0.0776 0.0000 0.0000 0.0000 0.0000 0.0000 0.0000 0.0000 0.0001 0.0000 0.0038 0.0000 0.0000 0.0005 0.0008 0.0007 0.0006 0.0012 0.0007 0.0010 0.0009 0.0013 0.0012 0.0018 0.0192 0.0136 0.0110 0.0011 0.0101 0.0041 0.0018 0.0016 0.0000 0.0006 0.0018 0.0010 0.0008 0.0011 0.0014 0.0015 0.0013 0.0008 0.0011 0.0011 0.0007 0.0014 0.0085
0.0000 0.0000 0.0000 0.0000 0.0000 0.0000 0.0000 0.0000 0.0088 0.0000 0.0000 0.0000 0.0000 0.0000 0.0000 0.0000 0.0000 0.0000 0.0000 0.0043 0.0364 0.0867 0.0134 0.0342 0.0239 0.0081 0.0143 0.0648 0.0405 0.1144 0.0675 0.0488 0.0000 0.0029 0.0003 0.0001 0.0007 0.0000 0.0000 0.0000 0.0000 0.0000 0.0016 0.0000 0.0000 0.0000 0.0000 0.0000 0.0000 0.0000 0.0000 0.0000 0.0000 0.0000 0.0000 0.0000 0.0000 0.0000 0.0000 0.0000 0.0000 0.0000 0.0000 0.0000
0.0000 0.0000 0.0000 0.0000 0.0000 0.0000 0.0054 0.0000 0.0000 0.0000 0.0000 0.0000 0.0000 0.0000 0.0000 0.0000 0.0000 0.0000 0.0000 0.0000 0.0000 0.0000 0.0000 0.0000 0.0000 0.0000 0.0000 0.0000 0.0000 0.0000 0.0000 0.0000 0.0000 0.0000 0.0000 0.0000 0.0000 0.0000 0.0000 0.0000 0.0000 0.0000 0.0000 0.0000 0.0000 0.0000 0.0000 0.0000 0.0023 0.0012 0.0073 0.0000 0.0000 0.0000 0.0000 0.0000 0.0000 0.0000 0.0000 0.0000 0.0000 0.0000 0.0000 0.0000
0.0014 0.0012 0.0000 0.0007 0.0038 0.0006 0.0018 0.0011 0.0003 0.0010 0.0008 0.0001 0.0000 0.0000 0.0061 0.0000 0.0000 0.0000 0.0000 0.0000 0.0147 0.0090 0.0001 0.0248 0.0003 0.0042 0.0133 0.0189 0.0124 0.0119 0.0000 0.0000 0.0000 0.0192 0.0000 0.0000 0.0092 0.0005 0.0032 0.0000 0.0003 0.0000 0.0000 0.0000 0.0000 0.0000 0.0000 0.0000 0.0000 0.0000 0.0000 0.0000 0.0000 0.0000 0.0000 0.0000 0.0000 0.0000 0.0000 0.0000 0.0000 0.0000 0.0000 0.0000
0.0000 0.0000 0.0005 0.0013 0.0003 0.0000 0.0000 0.0000 0.0000 0.0040 0.0001 0.0000 0.0000 0.0000 0.0000 0.0000 0.0000 0.0000 0.0000 0.0000 0.0000 0.0000 0.0000 0.0001 0.0003 0.0005 0.0000 0.0004 0.0000 0.0000 0.0000 0.0001 0.0000 0.0000 0.0000 0.0000 0.0001 0.0006 0.0014 0.0001 0.0001 0.0000 0.0002 0.0001 0.0002 0.0003 0.0000 0.0000 0.0000 0.0003 0.0002 0.0000 0.0001 0.0000 0.0010 0.0002 0.0000 0.0001 0.0002 0.0002 0.0000 0.0000 0.0000 0.0000
0.0000 0.0000 0.0000 0.0070 0.0187 0.0184 0.0083 0.0000 0.0000 0.0000 0.0000 0.0000 0.0000 0.0000 0.0000 0.0000 0.0000 0.0003 0.0089 0.0000 0.0122 0.0098 0.0000 0.0000 0.0000 0.0000 0.0000 0.0000 0.0027 0.0000 0.0000 0.0000 0.0000 0.0000 0.0000 0.0002 0.0000 0.0000 0.0069 0.0002 0.0001 0.0007 0.0005 0.0014 0.0000 0.0000 0.0000 0.0000 0.0000 0.0000 0.0000 0.0000 0.0002 0.0049 0.0040 0.0485 0.0000 0.0000 0.1145 0.0000 0.0000 0.0593 0.0102 0.0000
0.0000 0.0000 0.0000 0.0000 0.0000 0.0000 0.0000 0.0000 0.0000 0.0000 0.0000 0.0000 0.0000 0.0000 0.0000 0.0000 0.0000 0.0000 0.0000 0.0000 0.0000 0.0000 0.0000 0.0000 0.0000 0.0000 0.0000 0.0000 0.0000 0.0001 0.0003 0.0002 0.0002 0.0001 0.0000 0.0000 0.0000 0.0000 0.0000 0.0000 0.0000 0.0000 0.0008 0.0009 0.0051 0.0064 0.0021 0.0013 0.0004 0.0008 0.0024 0.0020 0.0016 0.0006 0.0016 0.0009 0.0036 0.0008 0.0008 0.0033 0.0070 0.0001 0.0009 0.0036
0.0000 0.0000 0.0000 0.0000 0.0000 0.0000 0.0000 0.0000 0.0000 0.0000 0.0000 0.0000 0.0000 0.0000 0.0000 0.0000 0.0000 0.0000 0.0000 0.0000 0.0000 0.0000 0.0000 0.0000 0.0000 0.0000 0.0000 0.0000 0.0000 0.0000 0.0000 0.0000 0.0000 0.0000 0.0000 0.0000 0.0000 0.0000 0.0000 0.0000 0.0000 0.0000 0.0000 0.0000 0.0000 0.0000 0.0000 0.0000 0.0000 0.0000 0.0000 0.0000 0.0000 0.0000 0.0000 0.0000 0.0000 0.0000 0.0000 0.0000 0.0000 0.0000 0.0000 0.0000
0.0000 0.0000 0.0000 0.0000 0.0000 0.0000 0.0000 0.0000 0.0000 0.0000 0.0000 0.0086 0.0070 0.0001 0.0000 0.0001 0.0001 0.0003 0.0001 0.0000 0.0002 0.0001 0.0001 0.0007 0.0001 0.0005 0.0004 0.0005 0.0000 0.0004 0.0000 0.0002 0.0002 0.0000 0.0006 0.0004 0.0005 0.0000 0.0000 0.0000 0.0000 0.0000 0.0000 0.0000 0.0000 0.0000 0.0000 0.0001 0.0012 0.0017 0.0074 0.0092 0.0194 0.0043 0.0098 0.0067 0.0070 0.0061 0.0000 0.0000 0.0000 0.0000 0.0000 0.0000
0.0000 0.0000 0.0000 0.0000 0.0000 0.0000 0.0000 0.0000 0.0000 0.0000 0.0000 0.0000 0.0000 0.0000 0.0000 0.0000 0.0000 0.0000 0.0000 0.0000 0.0000 0.0000 0.0000 0.0000 0.0000 0.0000 0.0000 0.0000 0.0000 0.0000 0.0000 0.0000 0.0000 0.0000 0.0000 0.0000 0.0000 0.0000 0.0032 0.0000 0.0054 0.0000 0.0000 0.0000 0.0000 0.0000 0.0000 0.0002 0.0133 0.0020 0.0027 0.0036 0.0000 0.0000 0.0000 0.0000 0.0000 0.0000 0.0006 0.0002 0.0000 0.0000 0.0012 0.0007
0.0000 0.0000 0.0000 0.0000 0.0000 0.0000 0.0000 0.0000 0.0000 0.0000 0.0000 0.0037 0.0000 0.0261 0.0199 0.0290 0.0000 0.0425 0.0000 0.0000 0.1059 0.0000 0.0186 0.0001 0.0000 0.0001 0.0000 0.0000 0.0000 0.0000 0.0000 0.0001 0.0013 0.0006 0.0000 0.0000 0.0000 0.0000 0.0000 0.0000 0.0000 0.0000 0.0000 0.0000 0.0000 0.0000 0.0000 0.0000 0.0000 0.0000 0.0000 0.0000 0.0000 0.0000 0.0000 0.0000 0.0000 0.0000 0.0000 0.0000 0.0000 0.0000 0.0000 0.0000
0.0000 0.0000 0.0000 0.0000 0.0000 0.0000 0.0000 0.0000 0.0000 0.0000 0.0000 0.0000 0.0000 0.0000 0.0000 0.0000 0.0000 0.0000 0.0000 0.0000 0.0000 0.0000 0.0000 0.0000 0.0000 0.0000 0.0000 0.0000 0.0000 0.0000 0.0000 0.0000 0.0000 0.0000 0.0000 0.0000 0.0000 0.0000 0.0000 0.0000 0.0000 0.0000 0.0000 0.0000 0.0000 0.0000 0.0000 0.0000 0.0000 0.0000 0.0000 0.0000 0.0000 0.0000 0.0000 0.0000 0.0000 0.0000 0.0000 0.0000 0.0000 0.0000 0.0000 0.0000
0.0000 0.0000 0.0000 0.0000 0.0000 0.0000 0.0000 0.0000 0.0000 0.0000 0.0000 0.0000 0.0000 0.0000 0.0000 0.0000 0.0000 0.0000 0.0000 0.0000 0.0000 0.0000 0.0000 0.0000 0.0000 0.0000 0.0000 0.0000 0.0000 0.0000 0.0000 0.0000 0.0000 0.0000 0.0000 0.0000 0.0000 0.0000 0.0000 0.0000 0.0000 0.0000 0.0000 0.0016 0.0000 0.0000 0.0000 0.0000 0.0000 0.0000 0.0000 0.0000 0.0000 0.0000 0.0005 0.0000 0.0000 0.0000 0.0000 0.0000 0.0000 0.0000 0.0000 0.0000
0.0000 0.0000 0.0000 0.0000 0.0000 0.0000 0.0000 0.0000 0.0000 0.0000 0.0000 0.0000 0.0000 0.0000 0.0000 0.0000 0.0000 0.0000 0.0000 0.0000 0.0000 0.0000 0.0000 0.0000 0.0000 0.0000 0.0000 0.0000 0.0000 0.0000 0.0000 0.0000 0.0000 0.0000 0.0000 0.0000 0.0000 0.0000 0.0000 0.0000 0.0000 0.0000 0.0000 0.0000 0.0000 0.0000 0.0000 0.0000 0.0000 0.0000 0.0000 0.0000 0.0000 0.0000 0.0000 0.0000 0.0000 0.0000 0.0000 0.0000 0.0000 0.0000 0.0000 0.0000
0.0000 0.0000 0.0000 0.0000 0.0000 0.0000 0.0000 0.0137 0.0007 0.0000 0.0000 0.0000 0.0000 0.0000 0.0000 0.0000 0.0002 0.0000 0.0002 0.0000 0.0000 0.0010 0.0000 0.0000 0.0001 0.0000 0.0000 0.0000 0.0000 0.0000 0.0000 0.0000 0.0000 0.0049 0.0000 0.0000 0.0000 0.0000 0.0000 0.0030 0.0000 0.0054 0.0001 0.0000 0.0000 0.0000 0.0000 0.0000 0.0000 0.0000 0.0000 0.0002 0.0000 0.0000 0.0000 0.0000 0.0000 0.0000 0.0000 0.0000 0.0000 0.0000 0.0000 0.0000
0.0012 0.0009 0.0009 0.0009 0.0005 0.0005 0.0011 0.0007 0.0006 0.0014 0.0009 0.0007 0.0038 0.0020 0.0216 0.0131 0.0234 0.0168 0.0436 0.0385 0.0200 0.0000 0.0040 0.0000 0.0060 0.0058 0.0000 0.0000 0.0000 0.0000 0.0000 0.0000 0.0000 0.0123 0.0000 0.0000 0.0000 0.0000 0.0000 0.0000 0.0000 0.0000 0.0003 0.0000 0.0000 0.0000 0.0000 0.0000 0.0000 0.0000 0.0000 0.0000 0.0000 0.0000 0.0000 0.0000 0.0000 0.0000 0.0000 0.0000 0.0000 0.0000 0.0000 0.0000
0.0000 0.0000 0.0000 0.0000 0.0000 0.0000 0.0000 0.0000 0.0000 0.0001 0.0000 0.0000 0.0000 0.0000 0.0000 0.0000 0.0000 0.0000 0.0000 0.0000 0.0000 0.0000 0.0036 0.0050 0.0040 0.0010 0.0066 0.0000 0.3083 0.4110 0.2791 0.1411 0.0173 0.0000 0.8155 0.8936 0.8650 0.8997 0.8649 0.2036 0.2632 0.2379 0.5753 0.8206 0.8324 0.8626 0.7222 0.2822 0.6953 0.7390 0.7393 0.7373 0.7568 0.8127 0.7902 0.6842 0.4924 0.5776 0.4799 0.4943 0.5348 0.6398 0.4067 0.5697
0.0522 0.1682 0.0497 0.0599 0.0345 0.1050 0.0000 0.0000 0.0325 0.0000 0.0000 0.0000 0.0000 0.0000 0.0000 0.0196 0.0000 0.0000 0.0000 0.0001 0.0000 0.0000 0.0000 0.0000 0.0000 0.0000 0.0000 0.0000 0.0000 0.0000 0.0000 0.0000 0.0000 0.0000 0.0000 0.0000 0.0000 0.0009 0.0001 0.0000 0.0000 0.0000 0.0000 0.0000 0.0000 0.0000 0.0000 0.0000 0.0000 0.0000 0.0000 0.0087 0.0186 0.0000 0.0088 0.0012 0.0000 0.0000 0.0000 0.0000 0.0000 0.0000 0.0000 0.0000
0.0000 0.0000 0.0000 0.0000 0.0000 0.0000 0.0000 0.0000 0.0000 0.0000 0.0000 0.0000 0.0000 0.0000 0.0000 0.0000 0.0000 0.0000 0.0000 0.0000 0.0000 0.0000 0.0000 0.0000 0.0000 0.0000 0.0000 0.0004 0.0000 0.0000 0.0000 0.0000 0.0002 0.0003 0.0007 0.0006 0.0008 0.0006 0.0005 0.0005 0.0006 0.0005 0.0005 0.0005 0.0004 0.0006 0.0006 0.0005 0.0006 0.0006 0.0000 0.0065 0.0088 0.0089 0.0000 0.0000 0.0000 0.0000 0.0000 0.0000 0.0000 0.0000 0.0000 0.0000
0.0379 0.0035 0.0539 0.0002 0.0000 0.0000 0.0000 0.0000 0.0000 0.0000 0.0000 0.0000 0.0000 0.0000 0.0000 0.0000 0.0000 0.0076 0.0000 0.0000 0.0000 0.0000 0.0000 0.0001 0.0000 0.0000 0.0001 0.0004 0.0275 0.0035 0.0210 0.0044 0.0218 0.0000 0.0297 0.0193 0.0231 0.0070 0.0008 0.0002 0.0000 0.0078 0.0001 0.0006 0.0000 0.0000 0.0000 0.0000 0.0000 0.0000 0.0001 0.0000 0.0000 0.0000 0.0000 0.0003 0.0000 0.0000 0.0013 0.0062 0.0107 0.0223 0.0142 0.0000
0.0000 0.0000 0.0000 0.0000 0.0000 0.0000 0.0000 0.0000 0.0000 0.0000 0.0000 0.0000 0.0001 0.0000 0.0000 0.0095 0.0000 0.0000 0.0000 0.0000 0.0027 0.0000 0.0036 0.0003 0.0001 0.0001 0.0002 0.0003 0.0001 0.0045 0.0000 0.0000 0.0000 0.0000 0.0000 0.0000 0.0000 0.0000 0.0000 0.0000 0.0000 0.0000 0.0000 0.0000 0.0000 0.0000 0.0000 0.0000 0.0000 0.0000 0.0000 0.0000 0.0000 0.0000 0.0000 0.0000 0.0000 0.0000 0.0000 0.0001 0.0003 0.0000 0.0000 0.0000
0.0000 0.0009 0.0000 0.0007 0.0003 0.0000 0.0000 0.0000 0.0004 0.0008 0.0006 0.0004 0.0005 0.0005 0.0007 0.0010 0.0004 0.0004 0.0011 0.0011 0.0005 0.0006 0.0005 0.0005 0.0006 0.0000 0.0000 0.0004 0.0008 0.0006 0.0005 0.0000 0.0000 0.0000 0.0032 0.0000 0.0000 0.0000 0.0000 0.0000 0.0000 0.0000 0.0000 0.0000 0.0001 0.0000 0.0000 0.0000 0.0000 0.0000 0.0000 0.0000 0.0000 0.0000 0.0000 0.0000 0.0000 0.0000 0.0000 0.0000 0.0000 0.0000 0.0000 0.0000
0.0000 0.0000 0.0000 0.0000 0.0000 0.0000 0.0000 0.0000 0.0000 0.0000 0.0000 0.0000 0.0000 0.0000 0.0000 0.0000 0.0000 0.0000 0.0000 0.0000 0.0000 0.0000 0.0000 0.0000 0.0000 0.0000 0.0000 0.0000 0.0000 0.0000 0.0000 0.0000 0.0000 0.0000 0.0000 0.0000 0.0000 0.0000 0.0000 0.0000 0.0000 0.0000 0.0000 0.0000 0.0000 0.0000 0.0000 0.0000 0.0000 0.0000 0.0000 0.0000 0.0000 0.0000 0.0000 0.0000 0.0000 0.0000 0.0000 0.0000 0.0000 0.0000 0.0000 0.0000
0.0000 0.0000 0.0000 0.0000 0.0000 0.0000 0.0000 0.0000 0.0000 0.0145 0.0259 0.0000 0.0000 0.0065 0.0000 0.0000 0.0000 0.0000 0.0000 0.0000 0.0000 0.0000 0.0000 0.0031 0.0000 0.0000 0.0000 0.0000 0.0000 0.0000 0.0000 0.0000 0.0000 0.0000 0.0000 0.0000 0.0000 0.0000 0.0000 0.0000 0.0000 0.0000 0.0000 0.0000 0.0000 0.0000 0.0000 0.0000 0.0000 0.0000 0.0000 0.0000 0.0000 0.0034 0.0000 0.0000 0.0000 0.0000 0.0000 0.0000 0.0000 0.0000 0.0000 0.0000
0.0000 0.0000 0.0000 0.0000 0.0000 0.0000 0.0000 0.0000 0.0000 0.0000 0.0000 0.0000 0.0000 0.0000 0.0000 0.0000 0.0000 0.0000 0.0000 0.0000 0.0000 0.0000 0.0000 0.0000 0.0000 0.0000 0.0000 0.0000 0.0000 0.0000 0.0000 0.0000 0.0000 0.0000 0.0000 0.0000 0.0000 0.0000 0.0000 0.0000 0.0000 0.0000 0.0000 0.0000 0.0000 0.0000 0.0000 0.0000 0.0000 0.0000 0.0000 0.0000 0.0000 0.0000 0.0000 0.0000 0.0000 0.0000 0.0000 0.0000 0.0000 0.0000 0.0000 0.0000
0.0000 0.0000 0.0000 0.0003 0.0001 0.0075 0.0005 0.0073 0.0000 0.0000 0.0000 0.0000 0.0000 0.0000 0.0000 0.0000 0.0000 0.0000 0.0000 0.0000 0.0000 0.0000 0.0000 0.0008 0.0000 0.0000 0.0000 0.0000 0.0000 0.0001 0.0006 0.0000 0.0004 0.0000 0.0000 0.0041 0.0111 0.0094 0.0038 0.0010 0.0006 0.0012 0.0005 0.0006 0.0003 0.0001 0.0000 0.0000 0.0000 0.0000 0.0000 0.0000 0.0000 0.0000 0.0000 0.0000 0.0000 0.0000 0.0000 0.0008 0.0000 0.0002 0.0006 0.0001
0.0003 0.0035 0.0032 0.0012 0.0000 0.0015 0.0000 0.0017 0.0000 0.0000 0.0000 0.0000 0.0000 0.0000 0.0000 0.0000 0.0000 0.0000 0.0000 0.0105 0.0413 0.0062 0.0159 0.0000 0.0084 0.0140 0.0000 0.0000 0.0031 0.0242 0.0259 0.0000 0.0197 0.0000 0.0000 0.0187 0.0000 0.0320 0.0595 0.0479 0.0403 0.0569 0.0540 0.1100 0.0978 0.0681 0.0449 0.0819 0.0503 0.0070 0.1186 0.1465 0.0855 0.0426 0.0670 0.1210 0.0305 0.0535 0.0270 0.0651 0.0185 0.0001 0.0000 0.0000
0.0000 0.0000 0.0000 0.0000 0.0000 0.0000 0.0000 0.0000 0.0000 0.0000 0.0000 0.0000 0.0000 0.0000 0.0000 0.0000 0.0000 0.0000 0.0000 0.0000 0.0000 0.0000 0.0000 0.0000 0.0002 0.0001 0.0002 0.0003 0.0000 0.0000 0.0000 0.0000 0.0000 0.0000 0.0000 0.0000 0.0000 0.0000 0.0000 0.0000 0.0000 0.0000 0.0000 0.0000 0.0000 0.0000 0.0000 0.0000 0.0000 0.0000 0.0000 0.0000 0.0000 0.0000 0.0000 0.0000 0.0000 0.0000 0.0000 0.0000 0.0000 0.0000 0.0000 0.0000
0.0000 0.0000 0.0000 0.0000 0.0000 0.0000 0.0000 0.0000 0.0000 0.0000 0.0000 0.0000 0.0000 0.1597 0.1312 0.1598 0.1086 0.0021 0.0109 0.0002 0.0023 0.0002 0.0001 0.0000 0.0000 0.0001 0.0005 0.0008 0.0005 0.0018 0.0012 0.0004 0.0000 0.0000 0.0119 0.0000 0.0000 0.0000 0.0001 0.0003 0.0001 0.0006 0.0002 0.0005 0.0003 0.0002 0.0004 0.0004 0.0000 0.0055 0.0102 0.0123 0.0157 0.0212 0.0000 0.0200 0.0258 0.0264 0.0142 0.0217 0.0205 0.0249 0.0201 0.0122
0.0001 0.0000 0.0000 0.0000 0.0000 0.0000 0.0000 0.0000 0.0000 0.0000 0.0000 0.0000 0.0000 0.0000 0.0000 0.0000 0.0000 0.0000 0.0000 0.0000 0.0000 0.0000 0.0000 0.0000 0.0001 0.0002 0.0000 0.0001 0.0000 0.0000 0.0000 0.0000 0.0000 0.0000 0.0000 0.0000 0.0000 0.0000 0.0012 0.0004 0.0006 0.0002 0.0016 0.0000 0.0012 0.0000 0.0000 0.0000 0.0000 0.0000 0.0000 0.0000 0.0000 0.0000 0.0000 0.0000 0.0000 0.0000 0.0000 0.0000 0.0000 0.0000 0.0000 0.0000
0.0002 0.0040 0.0000 0.0000 0.0030 0.0000 0.0022 0.0000 0.0026 0.0015 0.0038 0.0024 0.0024 0.0015 0.0009 0.0024 0.0032 0.0020 0.0013 0.0011 0.0011 0.0014 0.0008 0.0007 0.0007 0.0007 0.0009 0.0014 0.0000 0.0000 0.0000 0.0000 0.0000 0.0000 0.0000 0.0000 0.0000 0.0000 0.0000 0.0000 0.0000 0.0000 0.0000 0.0000 0.0000 0.0000 0.0000 0.0000 0.0000 0.0000 0.0000 0.0000 0.0000 0.0000 0.0000 0.0000 0.0000 0.0000 0.0000 0.0000 0.0000 0.0000 0.0000 0.0002
0.0000 0.0000 0.0000 0.0103 0.0000 0.0000 0.0000 0.0000 0.0000 0.0000 0.0000 0.0000 0.0000 0.0000 0.0000 0.0000 0.0000 0.0000 0.0000 0.0107 0.0000 0.0000 0.0058 0.0003 0.0004 0.0007 0.0009 0.0017 0.0002 0.0016 0.0006 0.0000 0.0000 0.0001 0.0040 0.0000 0.0000 0.0000 0.0000 0.0000 0.0000 0.0000 0.0000 0.0000 0.0000 0.0000 0.0000 0.0000 0.0000 0.0000 0.0000 0.0000 0.0000 0.0000 0.0000 0.0000 0.0000 0.0000 0.0000 0.0000 0.0000 0.0000 0.0000 0.0000
0.0000 0.0000 0.0000 0.0000 0.0000 0.0000 0.0000 0.0000 0.0000 0.0000 0.0000 0.0000 0.0000 0.0000 0.0000 0.0000 0.0000 0.0000 0.0000 0.0000 0.0000 0.0000 0.0000 0.0000 0.0000 0.0000 0.0000 0.0000 0.0000 0.0000 0.0000 0.0000 0.0000 0.0000 0.0000 0.0000 0.0000 0.0000 0.0000 0.0000 0.0000 0.0000 0.0000 0.0000 0.0000 0.0000 0.0000 0.0000 0.0000 0.0000 0.0000 0.0000 0.0000 0.0000 0.0000 0.0000 0.0000 0.0000 0.0000 0.0000 0.0000 0.0000 0.0000 0.0000
0.0000 0.0000 0.0000 0.0000 0.0000 0.0000 0.0000 0.0000 0.0069 0.0052 0.0000 0.0000 0.0000 0.0000 0.0000 0.0000 0.0000 0.0000 0.0000 0.0000 0.0000 0.0000 0.0000 0.0000 0.0003 0.0000 0.0000 0.0000 0.0000 0.0000 0.0002 0.0000 0.0000 0.0000 0.0000 0.0000 0.0000 0.0000 0.0000 0.0000 0.0000 0.0000 0.0000 0.0000 0.0000 0.0000 0.0000 0.0000 0.0000 0.0000 0.0000 0.0000 0.0000 0.0000 0.0000 0.0000 0.0081 0.0061 0.0026 0.0000 0.0000 0.0000 0.0000 0.0000
0.0000 0.0000 0.0000 0.0000 0.0000 0.0000 0.0000 0.0000 0.0000 0.0000 0.0000 0.0000 0.0000 0.0000 0.0000 0.0000 0.0000 0.0000 0.0000 0.0000 0.0000 0.0000 0.0000 0.0000 0.0000 0.0000 0.0000 0.0000 0.0000 0.0000 0.0000 0.0000 0.0000 0.0000 0.0000 0.0000 0.0000 0.0000 0.0000 0.0000 0.0000 0.0000 0.0000 0.0000 0.0000 0.0000 0.0000 0.0000 0.0000 0.0000 0.0000 0.0000 0.0014 0.0000 0.0000 0.0000 0.0000 0.0000 0.0000 0.0000 0.0000 0.0000 0.0000 0.0000
