0.0000 0.0000 0.0000 0.0000 0.0256 0.0197 0.0187 0.0132 0.0184 0.0001 0.0057 0.0077 0.0168 0.0047 0.0082 0.0085 0.0036 0.0185 0.0073 0.0163 0.0109 0.0641 0.0501 0.0075 0.0041 0.0199 0.0193 0.0057 0.0166 0.0750 0.0330 0.0349 0.0007 0.0001 0.0001 0.0000 0.0000 0.0000 0.0000 0.0000 0.0000 0.1258 0.1040 0.0109 0.0006 0.0008 0.0018 0.0024 0.0070 0.0064 0.0062 0.0092 0.0340 0.0134 0.1535 0.0701 0.0491 0.0241 0.0956 0.0726 0.1939 0.0240 0.0073 0.0183
0.0000 0.0000 0.0000 0.0000 0.0000 0.0000 0.0000 0.0000 0.0000 0.0000 0.0000 0.0000 0.0000 0.0000 0.0000 0.0000 0.0000 0.0034 0.0054 0.0046 0.0000 0.0000 0.0000 0.0000 0.0000 0.0001 0.0000 0.0000 0.0000 0.0000 0.0000 0.0000 0.0000 0.0000 0.0000 0.0000 0.0000 0.0000 0.0004 0.0000 0.0000 0.0000 0.0000 0.0000 0.0000 0.0000 0.0000 0.0000 0.0022 0.0000 0.0000 0.0000 0.0000 0.0000 0.0009 0.0003 0.0000 0.0000 0.0002 0.0001 0.0000 0.0028 0.0000 0.0000
0.0000 0.0000 0.0000 0.0000 0.0000 0.0000 0.0000 0.0000 0.0000 0.0000 0.0000 0.0008 0.0000 0.0000 0.0000 0.0000 0.0000 0.0000 0.0000 0.0000 0.0330 0.0000 0.0309 0.0027 0.0519 0.0139 0.0000 0.0000 0.0000 0.0000 0.0074 0.0149 0.0128 0.0000 0.0000 0.0000 0.0000 0.0000 0.0000 0.0000 0.0000 0.0000 0.0000 0.0000 0.0000 0.0000 0.0000 0.0000 0.0000 0.0000 0.0000 0.0000 0.0000 0.0000 0.0018 0.0026 0.0001 0.0001 0.0002 0.0000 0.0000 0.0000 0.0000 0.0000
0.0000 0.0000 0.0000 0.0000 0.0000 0.0000 0.0000 0.0000 0.0000 0.0000 0.0000 0.0000 0.0000 0.0000 0.0000 0.0000 0.0000 0.0000 0.0000 0.0000 0.0000 0.0000 0.0000 0.0000 0.0000 0.0000 0.0000 0.0000 0.0000 0.0000 0.0121 0.0040 0.0001 0.0000 0.0005 0.0000 0.0000 0.0000 0.0000 0.0000 0.0000 0.0052 0.0000 0.0000 0.0000 0.0000 0.0000 0.0000 0.0000 0.0000 0.0001 0.0000 0.0000 0.0000 0.0000 0.0000 0.0000 0.0000 0.0000 0.0000 0.0000 0.0000 0.0000 0.0000
0.0000 0.0009 0.0001 0.0003 0.0001 0.0000 0.0000 0.0000 0.0000 0.0000 0.0008 0.0000 0.0001 0.0000 0.0000 0.0000 0.0000 0.0000 0.0000 0.0000 0.0000 0.0000 0.0018 0.0000 0.0000 0.0001 0.0000 0.0000 0.0000 0.0104 0.0037 0.0234 0.0006 0.0000 0.0439 0.0490 0.0215 0.0337 0.0813 0.1319 0.0828 0.1774 0.0467 0.0003 0.0003 0.0000 0.0001 0.0000 0.0000 0.0000 0.0013 0.0567 0.0147 0.0111 0.1222 0.0000 0.0303 0.0118 0.0007 0.0728 0.0000 0.0087 0.0000 0.0020
0.0000 0.0000 0.0000 0.0000 0.0000 0.0000 0.0000 0.0000 0.0000 0.0000 0.0000 0.0000 0.0000 0.0000 0.0000 0.0000 0.0000 0.0000 0.0000 0.0000 0.0000 0.0000 0.0000 0.0000 0.0000 0.0000 0.0000 0.0000 0.0000 0.0000 0.0000 0.0000 0.0000 0.0000 0.0000 0.0000 0.0000 0.0000 0.0000 0.0000 0.0148 0.0274 0.0181 0.0200 0.0103 0.0246 0.0150 0.0314 0.0520 0.0657 0.0274 0.0306 0.0153 0.0249 0.0100 0.0320 0.0370 0.0203 0.1202 0.0783 0.3056 0.1746 0.1504 0.0675
0.0145 0.0713 0.0393 0.0000 0.0000 0.0000 0.0000 0.0000 0.0000 0.0000 0.0000 0.0000 0.0000 0.0000 0.0000 0.0000 0.0000 0.0000 0.0000 0.0000 0.0000 0.0000 0.0000 0.0000 0.0000 0.0000 0.0000 0.0000 0.0000 0.0000 0.0000 0.0000 0.0000 0.0000 0.0008 0.0000 0.0000 0.0000 0.0000 0.0001 0.0022 0.0001 0.0018 0.0000 0.0000 0.0000 0.0003 0.0029 0.0003 0.0020 0.0000 0.0000 0.0257 0.0000 0.0000 0.0000 0.0001 0.0001 0.0001 0.0001 0.0000 0.0000 0.0000 0.0000
0.0000 0.0000 0.0000 0.0000 0.0000 0.0000 0.0000 0.0000 0.0000 0.0000 0.0000 0.0000 0.0000 0.0000 0.0000 0.0000 0.0000 0.0000 0.0000 0.0001 0.0077 0.0033 0.0020 0.0012 0.0011 0.0008 0.0028 0.0010 0.0003 0.0012 0.0094 0.0081 0.0050 0.0000 0.0000 0.0000 0.0000 0.0001 0.0115 0.0000 0.0088 0.0000 0.0000 0.0013 0.0000 0.0000 0.0000 0.0000 0.0001 0.0001 0.0000 0.0005 0.0038 0.0000 0.0000 0.0000 0.0000 0.0000 0.0000 0.0000 0.0000 0.0000 0.0000 0.0000
0.0142 0.0000 0.0385 0.0000 0.0000 0.0000 0.0000 0.0000 0.0000 0.0000 0.0000 0.0014 0.0000 0.0000 0.0002 0.0002 0.0000 0.0000 0.0000 0.0000 0.0000 0.0000 0.0000 0.0000 0.0000 0.0000 0.0000 0.0000 0.0000 0.0000 0.0000 0.0000 0.0000 0.0000 0.0000 0.0000 0.0000 0.0000 0.0000 0.0000 0.0000 0.0000 0.0000 0.0003 0.0000 0.0000 0.0000 0.0000 0.0000 0.0004 0.0004 0.0004 0.0001 0.0000 0.0000 0.0000 0.0005 0.0002 0.0000 0.0000 0.0000 0.0000 0.0000 0.0000
0.0000 0.0000 0.0000 0.0000 0.0000 0.0405 0.0178 0.0084 0.0250 0.0127 0.0078 0.0037 0.0060 0.0011 0.0000 0.0003 0.0000 0.0000 0.0000 0.0000 0.0000 0.0000 0.0000 0.0000 0.0000 0.0001 0.0000 0.0000 0.0000 0.0000 0.0000 0.0000 0.0000 0.0000 0.0000 0.0000 0.0000 0.0000 0.0001 0.0000 0.0000 0.0000 0.0070 0.0000 0.0049 0.0040 0.0179 0.0033 0.0012 0.0024 0.0075 0.0326 0.0021 0.0000 0.0000 0.0000 0.0000 0.0000 0.0002 0.0000 0.0000 0.0000 0.0000 0.0000
0.0004 0.0000 0.0000 0.0000 0.0000 0.0000 0.0000 0.0000 0.0000 0.0000 0.0000 0.0000 0.0000 0.0000 0.0000 0.0000 0.0000 0.0000 0.0000 0.0001 0.0000 0.0000 0.0000 0.0000 0.0000 0.0000 0.0000 0.0000 0.0000 0.0000 0.0000 0.0000 0.0000 0.0000 0.0000 0.0000 0.0000 0.0000 0.0000 0.0000 0.0000 0.0073 0.0000 0.0000 0.0000 0.0000 0.0000 0.0000 0.0000 0.0000 0.0000 0.0000 0.0000 0.0000 0.0000 0.0000 0.0000 0.0000 0.0001 0.0000 0.0000 0.0000 0.0000 0.0000
0.0000 0.0000 0.0000 0.0000 0.0000 0.0000 0.0000 0.0000 0.0000 0.0000 0.0000 0.0000 0.0000 0.0000 0.0000 0.0000 0.0000 0.0000 0.0000 0.0000 0.0000 0.0099 0.0000 0.0000 0.0000 0.0002 0.0000 0.0000 0.0000 0.0000 0.0000 0.0000 0.0000 0.0000 0.0000 0.0000 0.0000 0.0000 0.0006 0.0054 0.0112 0.0000 0.0007 0.0000 0.0000 0.0061 0.0025 0.0061 0.0044 0.0019 0.0249 0.0233 0.0566 0.0196 0.0125 0.0301 0.0170 0.0129 0.0651 0.0627 0.0060 0.0363 0.0000 0.0006
0.0000 0.0000 0.0000 0.0000 0.0000 0.0000 0.0000 0.0000 0.0000 0.0000 0.0000 0.0009 0.0000 0.0000 0.0001 0.0000 0.0000 0.0000 0.0000 0.0000 0.0000 0.0000 0.0002 0.0001 0.0001 0.0001 0.0000 0.0000 0.0000 0.0000 0.0822 0.0000 0.0000 0.0000 0.0001 0.0000 0.0000 0.0000 0.0001 0.0000 0.0000 0.0000 0.0000 0.0000 0.0000 0.0000 0.0000 0.0000 0.0000 0.0000 0.0000 0.0000 0.0013 0.0000 0.0000 0.0000 0.0007 0.0015 0.0000 0.0000 0.0000 0.0000 0.0000 0.0000
0.0000 0.0023 0.0000 0.0000 0.0000 0.0000 0.0000 0.0000 0.0000 0.0000 0.0000 0.0021 0.0000 0.0000 0.0000 0.0000 0.0000 0.0000 0.0000 0.0002 0.0016 0.0018 0.0004 0.0000 0.0012 0.0011 0.0000 0.0000 0.0000 0.0000 0.0000 0.0000 0.0000 0.0000 0.0000 0.0000 0.0000 0.0000 0.0000 0.0000 0.0000 0.0000 0.0000 0.0000 0.0000 0.0000 0.0000 0.0000 0.0000 0.0001 0.0000 0.0000 0.0000 0.0000 0.0000 0.0000 0.0000 0.0000 0.0002 0.0001 0.0000 0.0000 0.0001 0.0001
0.0000 0.0632 0.0006 0.0020 0.0199 0.0000 0.0133 0.0039 0.0000 0.0013 0.0038 0.0018 0.0029 0.0000 0.0000 0.0000 0.0000 0.0000 0.0000 0.0005 0.0000 0.0001 0.0001 0.0000 0.0000 0.0005 0.0000 0.0000 0.0000 0.0002 0.0059 0.0056 0.0003 0.0510 0.0008 0.0004 0.0000 0.0000 0.0000 0.0000 0.0188 0.0000 0.0000 0.0000 0.0000 0.0000 0.0000 0.0000 0.0003 0.0001 0.4427 0.4166 0.2715 0.0001 0.0076 0.0009 0.0002 0.0000 0.0002 0.0003 0.0477 0.3521 0.4387 0.6112
0.0004 0.0003 0.0051 0.0103 0.0406 0.0382 0.0310 0.0185 0.0177 0.0055 0.0027 0.0010 0.0000 0.0000 0.0000 0.0000 0.0000 0.0000 0.0000 0.0000 0.0000 0.0003 0.0002 0.0000 0.0000 0.0001 0.0000 0.0000 0.0000 0.0009 0.0001 0.0000 0.0000 0.0000 0.0018 0.0003 0.0000 0.0000 0.0000 0.0030 0.0149 0.0244 0.0037 0.0051 0.0017 0.0014 0.0023 0.0000 0.0013 0.0009 0.0000 0.0000 0.0000 0.0000 0.0000 0.0000 0.0000 0.0000 0.0000 0.0000 0.0000 0.0000 0.0000 0.0000
0.4386 0.8118 0.7434 0.8661 0.8329 0.8103 0.8617 0.8986 0.8741 0.8853 0.8518 0.4718 0.8833 0.9391 0.9504 0.9342 0.9227 0.8720 0.8874 0.9106 0.6413 0.6279 0.1824 0.0012 0.0871 0.0000 0.0000 0.0000 0.0000 0.0000 0.0000 0.0000 0.0000 0.0000 0.0000 0.0000 0.0000 0.0000 0.0000 0.0000 0.0000 0.0000 0.0000 0.0000 0.0031 0.0105 0.2138 0.2272 0.3855 0.2065 0.0099 0.0020 0.0114 0.0000 0.0000 0.0000 0.0011 0.3277 0.0151 0.0278 0.0017 0.0000 0.0000 0.0000
0.0000 0.0000 0.0000 0.0000 0.0000 0.0000 0.0000 0.0000 0.0000 0.0000 0.0000 0.0000 0.0001 0.0000 0.0000 0.0000 0.0000 0.0000 0.0000 0.0000 0.0000 0.0000 0.0000 0.0000 0.0000 0.0000 0.0000 0.0025 0.0001 0.0006 0.0025 0.0046 0.0000 0.0000 0.0000 0.0001 0.0000 0.0000 0.0015 0.0009 0.0002 0.0000 0.0000 0.0000 0.1520 0.0492 0.0598 0.0250 0.0002 0.0027 0.0545 0.1465 0.0924 0.0155 0.0055 0.0708 0.0345 0.0143 0.0786 0.0237 0.0385 0.0226 0.0005 0.0000
0.0000 0.0000 0.0000 0.0000 0.0000 0.0000 0.0000 0.0000 0.0000 0.0000 0.0000 0.0015 0.0001 0.0000 0.0000 0.0000 0.0000 0.0000 0.0000 0.0001 0.0000 0.0009 0.0004 0.0004 0.0005 0.0000 0.0000 0.0000 0.0000 0.0000 0.0000 0.0001 0.1282 0.0000 0.0001 0.0000 0.0000 0.0004 0.0053 0.0004 0.0040 0.0000 0.0004 0.0041 0.0012 0.0086 0.0059 0.0079 0.0172 0.0031 0.0095 0.0000 0.0446 0.0000 0.0053 0.0114 0.0000 0.0001 0.0000 0.0000 0.0000 0.0000 0.0000 0.0108
0.0000 0.0000 0.0000 0.0000 0.0000 0.0000 0.0000 0.0000 0.0000 0.0000 0.0000 0.0000 0.0000 0.0000 0.0000 0.0000 0.0000 0.0000 0.0000 0.0000 0.0049 0.0046 0.0000 0.0000 0.0248 0.0000 0.0129 0.0000 0.0000 0.0001 0.0186 0.0637 0.1531 0.0000 0.0000 0.0001 0.0000 0.0001 0.0004 0.0001 0.0007 0.0001 0.0000 0.0002 0.0002 0.0006 0.0000 0.0000 0.0189 0.0139 0.0000 0.0003 0.0002 0.0000 0.0000 0.0002 0.0001 0.0000 0.0000 0.0000 0.0000 0.0000 0.0000 0.0000
0.0001 0.0003 0.0011 0.0004 0.0002 0.0000 0.0047 0.0018 0.0013 0.0021 0.0011 0.0011 0.0020 0.0004 0.0003 0.0004 0.0003 0.0010 0.0002 0.0000 0.0000 0.0001 0.0002 0.0000 0.0002 0.0000 0.0000 0.0000 0.0000 0.0010 0.0004 0.0002 0.0002 0.0000 0.0007 0.0009 0.0001 0.0000 0.0001 0.0017 0.0012 0.0000 0.0000 0.0000 0.0000 0.0000 0.0000 0.0000 0.0000 0.0000 0.0000 0.0000 0.0000 0.8265 0.0000 0.0001 0.0001 0.0001 0.0001 0.0000 0.0000 0.0000 0.0000 0.0003
0.0000 0.0000 0.0000 0.0000 0.0000 0.0000 0.0000 0.0000 0.0000 0.0000 0.0000 0.0000 0.0000 0.0000 0.0000 0.0000 0.0000 0.0000 0.0000 0.0000 0.0000 0.0000 0.0010 0.0011 0.0000 0.0000 0.0040 0.0000 0.0000 0.0000 0.0000 0.0000 0.0071 0.0000 0.0000 0.0000 0.0000 0.0000 0.0000 0.0019 0.0000 0.0000 0.0000 0.0000 0.0000 0.0000 0.0000 0.0000 0.0000 0.0000 0.0003 0.0001 0.0006 0.0000 0.0000 0.0000 0.0011 0.0004 0.0252 0.0413 0.0337 0.0041 0.0107 0.0000
0.0000 0.0000 0.0000 0.0000 0.0000 0.0000 0.0000 0.0000 0.0000 0.0000 0.0000 0.0000 0.0000 0.0000 0.0000 0.0000 0.0000 0.0001 0.0004 0.0000 0.0016 0.0003 0.0000 0.0075 0.0000 0.0000 0.0000 0.0294 0.0000 0.0607 0.0001 0.0033 0.0003 0.0000 0.0000 0.0000 0.0000 0.0000 0.0003 0.0028 0.0003 0.0000 0.0000 0.0000 0.0000 0.0000 0.0027 0.0000 0.0202 0.0085 0.0000 0.0000 0.0000 0.0000 0.0000 0.0000 0.0001 0.0001 0.0000 0.0001 0.0000 0.0000 0.0074 0.0000
0.0009 0.0071 0.0000 0.0000 0.0000 0.0000 0.0000 0.0000 0.0000 0.0000 0.0000 0.0000 0.0000 0.0000 0.0000 0.0000 0.0000 0.0000 0.0000 0.0000 0.0000 0.0000 0.0009 0.0000 0.0001 0.0000 0.0000 0.0000 0.0000 0.0000 0.0000 0.1483 0.2140 0.4414 0.6085 0.4583 0.5001 0.2917 0.0320 0.0000 0.0004 0.0000 0.1270 0.4049 0.7766 0.8763 0.5353 0.2030 0.0000 0.0000 0.0000 0.0000 0.0072 0.0000 0.0000 0.3327 0.7857 0.3620 0.0000 0.0000 0.0000 0.0000 0.0000 0.0000
0.0182 0.0214 0.0742 0.0868 0.0317 0.0363 0.0526 0.0555 0.0625 0.0423 0.0893 0.3974 0.0671 0.0430 0.0300 0.0417 0.0616 0.0735 0.0445 0.0513 0.1102 0.1544 0.0638 0.0874 0.0630 0.0657 0.2641 0.1111 0.1587 0.1786 0.2620 0.0858 0.0657 0.0407 0.0002 0.0002 0.0000 0.0002 0.0008 0.0912 0.0561 0.0393 0.0142 0.0000 0.0000 0.0000 0.0000 0.0084 0.0078 0.0000 0.0000 0.0000 0.0004 0.0000 0.0000 0.0000 0.0000 0.0003 0.0006 0.0002 0.0060 0.0026 0.0013 0.0003
0.4630 0.0019 0.0000 0.0000 0.0000 0.0000 0.0000 0.0000 0.0000 0.0000 0.0000 0.0000 0.0000 0.0000 0.0000 0.0000 0.0000 0.0000 0.0000 0.0004 0.0001 0.0051 0.5261 0.7581 0.7195 0.7176 0.6109 0.8146 0.6791 0.5025 0.0530 0.3350 0.1996 0.0000 0.0000 0.0000 0.0000 0.0000 0.0000 0.0000 0.0055 0.0076 0.0000 0.0000 0.0000 0.0000 0.0000 0.0001 0.0000 0.0000 0.0000 0.0000 0.0000 0.0000 0.0000 0.0000 0.0000 0.0000 0.0492 0.0000 0.0000 0.0000 0.0000 0.0000
0.0000 0.0000 0.0000 0.0000 0.0000 0.0000 0.0000 0.0000 0.0000 0.0000 0.0000 0.0000 0.0000 0.0000 0.0000 0.0000 0.0000 0.0001 0.0000 0.0004 0.0000 0.0000 0.0000 0.0000 0.0000 0.0000 0.0000 0.0000 0.0000 0.0000 0.0000 0.0131 0.0000 0.0000 0.0000 0.0000 0.0000 0.0000 0.0000 0.0001 0.0001 0.0000 0.0001 0.0000 0.0000 0.0000 0.0000 0.0000 0.0000 0.0000 0.0000 0.0000 0.0000 0.0000 0.0000 0.0001 0.0001 0.0000 0.0000 0.0000 0.0000 0.0000 0.0000 0.0001
0.0013 0.0010 0.0001 0.0013 0.0000 0.0105 0.0002 0.0000 0.0000 0.0000 0.0000 0.0000 0.0000 0.0000 0.0000 0.0000 0.0002 0.0000 0.0000 0.0001 0.0000 0.0009 0.0089 0.0000 0.0010 0.0000 0.0000 0.0000 0.0000 0.0000 0.0280 0.0161 0.0000 0.2658 0.0000 0.0000 0.0000 0.0002 0.0009 0.0006 0.0013 0.0012 0.0032 0.0117 0.0061 0.0009 0.0015 0.0002 0.0118 0.0050 0.0000 0.0013 0.0000 0.0000 0.0000 0.0000 0.0001 0.0060 0.0003 0.0000 0.0000 0.0000 0.0000 0.0000
0.0000 0.0000 0.0000 0.0000 0.0000 0.0000 0.0000 0.0000 0.0000 0.0000 0.0000 0.0000 0.0000 0.0000 0.0000 0.0000 0.0000 0.0000 0.0000 0.0000 0.0001 0.0000 0.0000 0.0000 0.0000 0.0000 0.0000 0.0000 0.0000 0.0058 0.0005 0.0005 0.0002 0.0000 0.0003 0.0001 0.0001 0.0000 0.0000 0.0000 0.0000 0.0052 0.0000 0.0000 0.0000 0.0000 0.0000 0.0000 0.0000 0.0000 0.0000 0.0000 0.0000 0.0000 0.0000 0.0002 0.0001 0.0000 0.0000 0.0000 0.0000 0.0000 0.0000 0.0000
0.0324 0.0008 0.0846 0.0319 0.0453 0.0363 0.0000 0.0000 0.0009 0.0465 0.0352 0.1056 0.0207 0.0049 0.0047 0.0013 0.0000 0.0002 0.0000 0.0000 0.0000 0.0000 0.0000 0.0000 0.0000 0.0001 0.0000 0.0000 0.0000 0.0000 0.0402 0.0400 0.0398 0.0165 0.0350 0.0400 0.0222 0.0226 0.0297 0.0991 0.0198 0.1305 0.0572 0.0180 0.0155 0.0017 0.0045 0.0037 0.0143 0.0129 0.0002 0.0001 0.0001 0.0000 0.0000 0.0000 0.0000 0.0000 0.0000 0.0000 0.0000 0.0013 0.0027 0.0567
0.0000 0.0000 0.0000 0.0000 0.0000 0.0000 0.0000 0.0000 0.0000 0.0000 0.0000 0.0000 0.0000 0.0000 0.0000 0.0000 0.0000 0.0000 0.0000 0.0000 0.0000 0.0000 0.0000 0.0000 0.0001 0.0000 0.0000 0.0000 0.0000 0.0000 0.0000 0.0000 0.0041 0.0123 0.0001 0.0001 0.0001 0.0000 0.0000 0.0000 0.0000 0.0000 0.0000 0.0000 0.0000 0.0000 0.0000 0.0000 0.0000 0.0000 0.0000 0.0000 0.0000 0.0000 0.0000 0.0000 0.0000 0.0000 0.0000 0.0000 0.0000 0.0000 0.0000 0.0000
0.0000 0.0000 0.0000 0.0000 0.0000 0.0000 0.0000 0.0000 0.0000 0.0000 0.0000 0.0000 0.0000 0.0000 0.0000 0.0000 0.0000 0.0000 0.0000 0.0000 0.0000 0.0009 0.0000 0.0000 0.0000 0.0000 0.0000 0.0000 0.0000 0.0000 0.0000 0.0000 0.0000 0.0000 0.0000 0.0001 0.0000 0.0000 0.0002 0.0000 0.0000 0.0072 0.0000 0.0015 0.0000 0.0000 0.0003 0.0058 0.0013 0.0089 0.0000 0.0003 0.1183 0.0000 0.0000 0.0000 0.0000 0.0635 0.0000 0.0000 0.0000 0.0000 0.0000 0.0000
0.0000 0.0000 0.0000 0.0000 0.0000 0.0000 0.0000 0.0000 0.0000 0.0000 0.0000 0.0000 0.0000 0.0000 0.0000 0.0000 0.0000 0.0000 0.0000 0.0000 0.0261 0.0113 0.0000 0.0632 0.0000 0.0010 0.0001 0.0001 0.0000 0.0001 0.0322 0.0000 0.0000 0.0191 0.0000 0.0000 0.0000 0.0000 0.0003 0.0000 0.0025 0.0000 0.0000 0.0000 0.0000 0.0000 0.0000 0.0000 0.0000 0.0000 0.0000 0.0000 0.0000 0.0000 0.0000 0.0000 0.0000 0.0000 0.0000 0.0000 0.0000 0.0000 0.0000 0.0000
0.0000 0.0000 0.0000 0.0000 0.0030 0.0000 0.0000 0.0000 0.0000 0.0042 0.0008 0.0000 0.0000 0.0000 0.0000 0.0000 0.0000 0.0000 0.0000 0.0000 0.0001 0.0000 0.0000 0.0012 0.0106 0.0166 0.0000 0.0113 0.0004 0.0043 0.0011 0.0183 0.0003 0.0000 0.1006 0.2276 0.4063 0.4553 0.5503 0.3075 0.3062 0.2058 0.2262 0.2003 0.0020 0.0000 0.0014 0.0164 0.0016 0.0012 0.0010 0.0016 0.0013 0.0041 0.2369 0.3209 0.0018 0.0009 0.0065 0.0034 0.0148 0.0000 0.0000 0.0001
0.0000 0.0001 0.0000 0.0000 0.0005 0.0004 0.0000 0.0000 0.0000 0.0000 0.0000 0.0003 0.0000 0.0000 0.0000 0.0000 0.0000 0.0004 0.0007 0.0000 0.0024 0.0001 0.0000 0.0000 0.0000 0.0000 0.0000 0.0000 0.0000 0.0010 0.0009 0.0001 0.0000 0.0000 0.0000 0.0003 0.0000 0.0000 0.0934 0.1456 0.3253 0.1798 0.2250 0.1621 0.0000 0.0000 0.0000 0.0000 0.0000 0.0000 0.0000 0.0000 0.0001 0.0374 0.3673 0.0000 0.0000 0.0000 0.0001 0.0000 0.0000 0.0011 0.0004 0.0038
0.0000 0.0000 0.0000 0.0000 0.0000 0.0000 0.0000 0.0000 0.0000 0.0000 0.0000 0.0000 0.0000 0.0000 0.0000 0.0000 0.0000 0.0000 0.0000 0.0000 0.0000 0.0000 0.0000 0.0000 0.0000 0.0000 0.0000 0.0000 0.0000 0.0000 0.0000 0.0000 0.0000 0.0000 0.0001 0.0000 0.0000 0.0000 0.0000 0.0000 0.0008 0.0001 0.0014 0.0001 0.0002 0.0002 0.0000 0.0012 0.0004 0.0003 0.0024 0.2429 0.0804 0.0153 0.0013 0.0002 0.0003 0.0039 0.0410 0.0024 0.0516 0.1390 0.0735 0.0295
0.0000 0.0000 0.0000 0.0000 0.0000 0.0000 0.0000 0.0000 0.0000 0.0000 0.0008 0.0000 0.0000 0.0000 0.0000 0.0000 0.0000 0.0000 0.0000 0.0000 0.0000 0.0000 0.0000 0.0000 0.0002 0.0000 0.0000 0.0000 0.0000 0.0000 0.0000 0.0001 0.0045 0.0009 0.0016 0.0006 0.0003 0.0003 0.0001 0.0000 0.0024 0.0063 0.0000 0.0000 0.0000 0.0000 0.0000 0.0000 0.0000 0.0000 0.0000 0.0000 0.0000 0.0000 0.0000 0.0000 0.0000 0.0000 0.0000 0.0000 0.0000 0.0000 0.0000 0.0000
0.0000 0.0000 0.0000 0.0000 0.0000 0.0060 0.0000 0.0000 0.0000 0.0000 0.0000 0.0004 0.0000 0.0012 0.0009 0.0013 0.0009 0.0036 0.0008 0.0000 0.0047 0.0236 0.0111 0.0000 0.0000 0.0000 0.0000 0.0000 0.0000 0.0000 0.0000 0.0000 0.0000 0.0000 0.0000 0.0000 0.0000 0.0000 0.0000 0.0000 0.0000 0.0000 0.0010 0.0005 0.0000 0.0000 0.0000 0.0000 0.0060 0.0005 0.0090 0.0110 0.0598 0.0093 0.0338 0.0311 0.0059 0.0077 0.0096 0.0000 0.0000 0.0000 0.0000 0.0000
0.0012 0.0047 0.0000 0.0000 0.0000 0.0000 0.0000 0.0000 0.0000 0.0000 0.0000 0.0000 0.0000 0.0000 0.0000 0.0000 0.0000 0.0000 0.0000 0.0000 0.0004 0.0013 0.0001 0.0001 0.0005 0.0003 0.0379 0.0000 0.0000 0.0000 0.0000 0.0000 0.0000 0.0000 0.0000 0.0000 0.0000 0.0000 0.0000 0.0000 0.0002 0.0000 0.0000 0.0000 0.0000 0.0000 0.0000 0.4397 0.3571 0.5629 0.3567 0.0000 0.0002 0.0000 0.0000 0.0000 0.0000 0.0000 0.2555 0.5196 0.1023 0.1744 0.2157 0.1193
0.0000 0.0000 0.0000 0.0000 0.0000 0.0000 0.0000 0.0000 0.0000 0.0000 0.0000 0.0000 0.0000 0.0054 0.0045 0.0081 0.0000 0.0094 0.0185 0.0000 0.0653 0.0000 0.0369 0.0000 0.0000 0.0048 0.0058 0.0000 0.0000 0.0000 0.0068 0.0058 0.0000 0.0001 0.0001 0.0000 0.0001 0.0000 0.0000 0.0000 0.0000 0.0000 0.0000 0.0000 0.0000 0.0000 0.0000 0.0050 0.0009 0.0280 0.0011 0.0000 0.0995 0.0004 0.0043 0.0001 0.0001 0.0002 0.0000 0.0000 0.0000 0.0000 0.0000 0.0000
0.0000 0.0000 0.0000 0.0000 0.0000 0.0000 0.0000 0.0000 0.0000 0.0000 0.0000 0.0000 0.0000 0.0000 0.0000 0.0000 0.0000 0.0000 0.0000 0.0000 0.0000 0.0000 0.0000 0.0000 0.0000 0.0016 0.0000 0.0000 0.0000 0.0000 0.0026 0.0000 0.0000 0.0000 0.0000 0.0000 0.0000 0.0000 0.0050 0.0000 0.0000 0.0000 0.0001 0.0000 0.0000 0.0000 0.0000 0.0000 0.0000 0.0000 0.0000 0.0000 0.0001 0.0000 0.0000 0.0005 0.0000 0.0000 0.0002 0.0000 0.0000 0.0000 0.0000 0.0000
0.0000 0.0000 0.0000 0.0000 0.0000 0.0000 0.0000 0.0000 0.0000 0.0000 0.0000 0.0000 0.0000 0.0000 0.0000 0.0000 0.0000 0.0000 0.0000 0.0000 0.0000 0.0000 0.0000 0.0000 0.0000 0.0000 0.0000 0.0000 0.0000 0.0000 0.0000 0.0000 0.0000 0.0000 0.0000 0.0000 0.0000 0.0003 0.0002 0.0000 0.0000 0.0065 0.0000 0.0000 0.0000 0.0000 0.0000 0.0053 0.0000 0.0066 0.0000 0.0000 0.0000 0.0000 0.0001 0.0000 0.0000 0.0000 0.1446 0.0000 0.0000 0.0000 0.0000 0.0000
0.0007 0.0032 0.0001 0.0001 0.0000 0.0000 0.0000 0.0000 0.0000 0.0000 0.0000 0.0000 0.0000 0.0000 0.0000 0.0000 0.0000 0.0000 0.0000 0.0000 0.0000 0.0095 0.0006 0.0502 0.0000 0.0000 0.0000 0.0000 0.0000 0.0000 0.0000 0.0000 0.0000 0.0000 0.0000 0.0000 0.0000 0.0000 0.0000 0.0000 0.0001 0.0000 0.0000 0.0000 0.0000 0.0000 0.1154 0.0000 0.0000 0.0000 0.0000 0.0000 0.0011 0.0000 0.0000 0.0000 0.0000 0.0806 0.0000 0.0000 0.0000 0.0000 0.0000 0.0000
0.0000 0.0000 0.0000 0.0001 0.0000 0.0000 0.0000 0.0000 0.0000 0.0000 0.0000 0.0000 0.0000 0.0000 0.0000 0.0000 0.0002 0.0000 0.0008 0.0026 0.0020 0.0164 0.0027 0.0026 0.0000 0.0003 0.0054 0.0000 0.0000 0.0063 0.0008 0.0001 0.0000 0.0093 0.0013 0.0002 0.0001 0.0000 0.0000 0.0332 0.0001 0.0003 0.1030 0.0002 0.0000 0.0000 0.0000 0.0000 0.0000 0.0000 0.0001 0.0004 0.0001 0.0007 0.0000 0.0000 0.0007 0.0001 0.0084 0.0083 0.0000 0.0000 0.0000 0.0000
0.0000 0.0000 0.0000 0.0000 0.0000 0.0000 0.0000 0.0000 0.0000 0.0000 0.0000 0.0000 0.0000 0.0000 0.0000 0.0038 0.0101 0.0086 0.0000 0.0000 0.0376 0.0000 0.0004 0.0024 0.0112 0.0098 0.0000 0.0000 0.0000 0.0000 0.0000 0.0000 0.0000 0.0159 0.0000 0.0000 0.0000 0.0000 0.0001 0.0000 0.0180 0.0000 0.0001 0.0000 0.0000 0.0000 0.0000 0.0000 0.0000 0.0000 0.0000 0.0000 0.0000 0.0000 0.0000 0.0000 0.0000 0.0000 0.0000 0.0000 0.0000 0.0000 0.0000 0.0000
0.0000 0.0000 0.0000 0.0000 0.0000 0.0000 0.0000 0.0000 0.0000 0.0000 0.0000 0.0000 0.0000 0.0000 0.0000 0.0000 0.0000 0.0000 0.0000 0.0000 0.0000 0.0000 0.0001 0.0000 0.0001 0.0001 0.0000 0.0000 0.0445 0.0522 0.0425 0.0217 0.0247 0.0000 0.0689 0.0669 0.0249 0.0535 0.0732 0.0729 0.0353 0.0170 0.0397 0.0200 0.0193 0.0142 0.0193 0.0035 0.0810 0.0401 0.0079 0.0085 0.0417 0.0143 0.0204 0.0358 0.0196 0.0144 0.0468 0.0353 0.0463 0.0113 0.0158 0.0263
0.0000 0.0000 0.0000 0.0000 0.0000 0.0000 0.0000 0.0000 0.0000 0.0000 0.0000 0.0000 0.0000 0.0000 0.0000 0.0000 0.0000 0.0001 0.0013 0.0011 0.0000 0.0000 0.0000 0.0000 0.0000 0.0000 0.0000 0.0000 0.0000 0.0000 0.0000 0.0000 0.0000 0.0000 0.0988 0.1357 0.0192 0.1139 0.0704 0.0000 0.0000 0.0000 0.0000 0.0008 0.0000 0.0000 0.0000 0.0000 0.0000 0.0000 0.0000 0.0000 0.0004 0.0000 0.0000 0.0000 0.0000 0.0000 0.0000 0.0000 0.0000 0.0000 0.0000 0.0000
0.0000 0.0000 0.0000 0.0000 0.0000 0.0000 0.0000 0.0000 0.0000 0.0000 0.0000 0.0000 0.0000 0.0000 0.0000 0.0000 0.0002 0.0005 0.0015 0.0021 0.0000 0.0000 0.0000 0.0000 0.0000 0.0000 0.0065 0.0000 0.0000 0.0000 0.0000 0.0000 0.0000 0.0000 0.0000 0.0000 0.0000 0.0000 0.0000 0.0000 0.0000 0.0000 0.0000 0.0000 0.0000 0.0000 0.0000 0.0000 0.0000 0.0000 0.0000 0.0000 0.0009 0.0000 0.0000 0.0000 0.0000 0.0000 0.0000 0.0000 0.0001 0.0006 0.0000 0.0000
0.0048 0.0020 0.0126 0.0000 0.0000 0.0002 0.0000 0.0000 0.0000 0.0000 0.0000 0.0000 0.0000 0.0000 0.0000 0.0000 0.0000 0.0001 0.0000 0.0000 0.0006 0.0018 0.0014 0.0016 0.0006 0.0000 0.0030 0.0065 0.0744 0.0103 0.1231 0.1029 0.0364 0.0000 0.0311 0.0183 0.0045 0.0275 0.0067 0.0486 0.0071 0.0001 0.0046 0.1307 0.0000 0.0001 0.0000 0.0000 0.0000 0.0000 0.0000 0.0006 0.0005 0.0000 0.0037 0.0189 0.0000 0.0000 0.0001 0.0001 0.0000 0.0001 0.0021 0.0008
0.0000 0.0000 0.0000 0.0000 0.0000 0.0005 0.0000 0.0000 0.0000 0.0000 0.0000 0.0000 0.0000 0.0000 0.0000 0.0000 0.0000 0.0000 0.0170 0.0000 0.0000 0.0000 0.0000 0.0000 0.0006 0.0068 0.0060 0.0000 0.0050 0.0205 0.0000 0.0000 0.0000 0.0000 0.0000 0.0000 0.0000 0.0000 0.0000 0.0000 0.0000 0.0000 0.0000 0.0000 0.0000 0.0000 0.0000 0.0000 0.0000 0.0000 0.0000 0.0000 0.0000 0.0000 0.0000 0.0000 0.0000 0.0000 0.0000 0.0031 0.0000 0.0000 0.0000 0.0000
0.0000 0.0000 0.0000 0.0000 0.0000 0.0000 0.0000 0.0000 0.0000 0.0000 0.0000 0.0000 0.0000 0.0000 0.0000 0.0000 0.0000 0.0000 0.0000 0.0000 0.0000 0.0000 0.0000 0.0000 0.0000 0.0002 0.0000 0.0000 0.0000 0.0000 0.0000 0.0002 0.0000 0.0000 0.0028 0.0000 0.0000 0.0000 0.0017 0.0010 0.0012 0.0000 0.0005 0.0000 0.0000 0.0000 0.0000 0.0000 0.0036 0.0000 0.0000 0.0001 0.0000 0.0000 0.0000 0.0000 0.0000 0.0000 0.0004 0.0000 0.0000 0.0000 0.0000 0.0000
0.0000 0.0000 0.0000 0.0000 0.0000 0.0000 0.0000 0.0000 0.0000 0.0000 0.0000 0.0000 0.0000 0.0000 0.0000 0.0000 0.0000 0.0000 0.0000 0.0000 0.0000 0.0000 0.0000 0.0001 0.0000 0.0000 0.0000 0.0000 0.0000 0.0028 0.0000 0.0000 0.0000 0.0000 0.0000 0.0000 0.0000 0.0000 0.0000 0.0000 0.0022 0.0000 0.0000 0.0000 0.0000 0.0000 0.0000 0.0004 0.0000 0.0000 0.0000 0.0000 0.0000 0.0000 0.0000 0.0000 0.0000 0.0000 0.0000 0.0000 0.0000 0.0000 0.0000 0.0000
0.0008 0.0068 0.0000 0.0004 0.0000 0.0000 0.0000 0.0000 0.0000 0.0000 0.0000 0.0000 0.0000 0.0000 0.0000 0.0000 0.0000 0.0000 0.0000 0.0000 0.0000 0.0000 0.0000 0.0000 0.0000 0.0669 0.0000 0.0000 0.0000 0.0000 0.0000 0.0000 0.0536 0.1259 0.0000 0.0000 0.0000 0.0000 0.0000 0.0000 0.0000 0.0000 0.0000 0.0000 0.0000 0.0000 0.0000 0.0000 0.0000 0.0000 0.0000 0.0000 0.0000 0.0000 0.0000 0.0004 0.0000 0.0294 0.0000 0.0000 0.0000 0.0000 0.0000 0.0000
0.0000 0.0000 0.0000 0.0000 0.0000 0.0000 0.0000 0.0000 0.0000 0.0000 0.0000 0.0000 0.0000 0.0000 0.0000 0.0000 0.0000 0.0000 0.0000 0.0000 0.0008 0.0000 0.0011 0.0000 0.0000 0.0000 0.0000 0.0000 0.0000 0.0000 0.0000 0.0001 0.0000 0.0000 0.0003 0.0006 0.0001 0.0000 0.0000 0.0000 0.0000 0.0000 0.0003 0.0000 0.0000 0.0000 0.0000 0.0011 0.0001 0.0012 0.0001 0.0002 0.0000 0.0000 0.0000 0.0000 0.0000 0.0000 0.0000 0.0006 0.0001 0.0000 0.0000 0.0000
0.0000 0.0000 0.0000 0.0001 0.0000 0.0000 0.0000 0.0000 0.0000 0.0000 0.0001 0.0022 0.0000 0.0000 0.0000 0.0000 0.0000 0.0000 0.0000 0.0000 0.0000 0.0000 0.0010 0.0000 0.0002 0.0143 0.0000 0.0000 0.0000 0.0000 0.0000 0.0000 0.0000 0.0000 0.0001 0.0000 0.0000 0.0000 0.0134 0.0517 0.0053 0.0162 0.0070 0.0067 0.0032 0.0000 0.0000 0.0000 0.0000 0.0145 0.0009 0.0003 0.0039 0.0000 0.0030 0.0000 0.0001 0.0001 0.0000 0.0000 0.0000 0.0000 0.0000 0.0000
0.0000 0.0000 0.0000 0.0000 0.0000 0.0000 0.0000 0.0000 0.0000 0.0000 0.0000 0.0000 0.0000 0.0000 0.0000 0.0000 0.0000 0.0000 0.0000 0.0000 0.0273 0.0001 0.0358 0.0000 0.0120 0.0284 0.0000 0.0000 0.0000 0.0000 0.0000 0.0000 0.0000 0.0000 0.0000 0.0002 0.0001 0.0000 0.0000 0.0000 0.0000 0.0000 0.0000 0.0000 0.0000 0.0000 0.0000 0.0000 0.0000 0.0000 0.0000 0.0000 0.0000 0.0000 0.0000 0.0000 0.0000 0.0000 0.0001 0.0000 0.0000 0.0001 0.0001 0.0000
0.0000 0.0000 0.0000 0.0000 0.0000 0.0000 0.0000 0.0000 0.0000 0.0000 0.0000 0.0000 0.0009 0.0000 0.0000 0.0000 0.0000 0.0000 0.0000 0.0000 0.0000 0.0000 0.0000 0.0000 0.0002 0.0000 0.0000 0.0000 0.0000 0.0000 0.0697 0.0000 0.0000 0.0000 0.0000 0.0000 0.0000 0.0000 0.0057 0.0000 0.0000 0.0000 0.0000 0.0000 0.0000 0.0000 0.0000 0.0000 0.0000 0.0000 0.0000 0.0000 0.0000 0.0000 0.0000 0.0000 0.0012 0.0001 0.0000 0.0000 0.0000 0.0000 0.0000 0.0000
0.0000 0.0000 0.0000 0.0000 0.0000 0.0000 0.0000 0.0000 0.0000 0.0000 0.0000 0.0000 0.0000 0.0001 0.0006 0.0001 0.0000 0.0079 0.0137 0.0087 0.0187 0.0378 0.0319 0.0064 0.0055 0.0279 0.0200 0.0130 0.0206 0.0652 0.1039 0.0421 0.0001 0.0000 0.0013 0.0000 0.0000 0.0000 0.0000 0.0000 0.0005 0.0000 0.0008 0.0000 0.0000 0.0003 0.0000 0.0000 0.0006 0.0030 0.0262 0.0133 0.0091 0.0069 0.0000 0.0402 0.0121 0.0149 0.0344 0.0469 0.1514 0.0443 0.0680 0.0501
0.0088 0.0000 0.0000 0.0000 0.0000 0.0000 0.0000 0.0000 0.0000 0.0000 0.0000 0.0000 0.0000 0.0000 0.0000 0.0000 0.0001 0.0004 0.0001 0.0000 0.0019 0.0213 0.0059 0.0045 0.0036 0.0005 0.0013 0.0046 0.0001 0.0003 0.0027 0.0029 0.0000 0.0002 0.0002 0.0000 0.0000 0.0000 0.0001 0.0000 0.0001 0.0000 0.0060 0.0000 0.0027 0.0000 0.0000 0.0000 0.0000 0.0000 0.0092 0.0000 0.0003 0.0000 0.0000 0.0000 0.0000 0.0000 0.0001 0.0000 0.0000 0.0000 0.0000 0.0000
0.0000 0.0000 0.0000 0.0000 0.0000 0.0000 0.0000 0.0000 0.0000 0.0000 0.0000 0.0000 0.0000 0.0000 0.0000 0.0000 0.0000 0.0000 0.0000 0.0000 0.0000 0.0000 0.0000 0.0000 0.0000 0.0000 0.0000 0.0000 0.0000 0.0000 0.0106 0.0030 0.0479 0.0007 0.0000 0.0000 0.0000 0.0000 0.0143 0.0000 0.0167 0.0035 0.0000 0.0000 0.0000 0.0000 0.0000 0.0000 0.0000 0.0000 0.0002 0.0000 0.0000 0.0000 0.0000 0.0001 0.0000 0.0000 0.0000 0.0000 0.0000 0.0000 0.0000 0.0000
0.0000 0.0000 0.0000 0.0001 0.0000 0.0000 0.0000 0.0000 0.0000 0.0000 0.0000 0.0000 0.0000 0.0000 0.0000 0.0000 0.0000 0.0001 0.0000 0.0000 0.0007 0.0021 0.0001 0.0000 0.0000 0.0000 0.0000 0.0000 0.0000 0.0000 0.0015 0.0009 0.0006 0.0000 0.0000 0.0000 0.0000 0.0000 0.0000 0.0000 0.0326 0.0057 0.0000 0.0000 0.0000 0.0000 0.0000 0.0000 0.0023 0.0000 0.0000 0.0003 0.0000 0.0000 0.0000 0.0000 0.0000 0.0000 0.0000 0.0000 0.0000 0.0000 0.0000 0.0000
0.0000 0.0000 0.0000 0.0000 0.0000 0.0000 0.0000 0.0000 0.0000 0.0000 0.0000 0.0000 0.0000 0.0000 0.0000 0.0000 0.0000 0.0000 0.0000 0.0000 0.0000 0.0000 0.0000 0.0000 0.0000 0.0000 0.0000 0.0000 0.0000 0.0000 0.0000 0.0000 0.0000 0.0000 0.0000 0.0000 0.0000 0.0000 0.0000 0.0000 0.0000 0.0000 0.0000 0.0000 0.0000 0.0000 0.0000 0.0000 0.0000 0.0000 0.0000 0.0000 0.0000 0.0000 0.0095 0.0000 0.0000 0.0000 0.0000 0.0000 0.0000 0.0000 0.0000 0.0000
0.0000 0.0007 0.0000 0.0000 0.0001 0.0009 0.0000 0.0000 0.0000 0.0000 0.0000 0.0000 0.0000 0.0000 0.0000 0.0000 0.0000 0.0000 0.0000 0.0000 0.0000 0.0000 0.0000 0.0000 0.0000 0.0000 0.0000 0.0000 0.0000 0.0000 0.0426 0.0000 0.0000 0.0000 0.0000 0.0000 0.0000 0.0000 0.0000 0.0000 0.0000 0.0000 0.0000 0.0000 0.0000 0.0002 0.0001 0.0000 0.0000 0.0000 0.0000 0.0000 0.0000 0.0000 0.0000 0.0002 0.0002 0.0022 0.0000 0.0000 0.0000 0.0000 0.0051 0.0023
0.0000 0.0000 0.0000 0.0000 0.0000 0.0000 0.0000 0.0000 0.0000 0.0000 0.0000 0.0000 0.0000 0.0000 0.0000 0.0000 0.0000 0.0002 0.0003 0.0006 0.0000 0.0000 0.0014 0.0000 0.0000 0.0000 0.0000 0.0000 0.0000 0.0000 0.0000 0.0000 0.0000 0.0000 0.0000 0.0000 0.0000 0.0000 0.0000 0.0000 0.0000 0.0000 0.0000 0.0000 0.0000 0.0000 0.0000 0.0000 0.0000 0.0000 0.0000 0.0000 0.0000 0.0001 0.0000 0.0000 0.0000 0.0000 0.0000 0.0000 0.0000 0.0000 0.0000 0.0000
