0.0424 0.0980 0.0552 0.0397 0.0487 0.0659 0.0341 0.0624 0.0533 0.0454 0.0587 0.0937 0.1057 0.0833 0.1040 0.1238 0.1372 0.1432 0.1303 0.1274 0.1187 0.1092 0.1554 0.0863 0.0677 0.0905 0.1066 0.0483 0.1456 0.1256 0.0433 0.0935 0.0375 0.0036 0.0040 0.0001 0.0001 0.0000 0.0000 0.0000 0.0000 0.0010 0.0008 0.0006 0.0010 0.0015 0.0054 0.0044 0.0217 0.0530 0.0572 0.0373 0.0402 0.0647 0.1450 0.1948 0.1737 0.2149 0.2267 0.2211 0.2918 0.2124 0.2319 0.1372
0.0001 0.0000 0.0000 0.0000 0.0000 0.0000 0.0002 0.0001 0.0003 0.0004 0.0005 0.0001 0.0000 0.0000 0.0000 0.0009 0.0000 0.0002 0.0001 0.0004 0.0090 0.0001 0.0001 0.0063 0.0012 0.0017 0.0001 0.0011 0.0007 0.0009 0.0023 0.0024 0.0010 0.0007 0.0001 0.0002 0.0001 0.0032 0.0087 0.0064 0.0029 0.0030 0.0021 0.0091 0.0033 0.0013 0.0001 0.0001 0.0011 0.0000 0.0015 0.0004 0.0000 0.0000 0.0000 0.0000 0.0000 0.0002 0.0013 0.0000 0.0000 0.0001 0.0018 0.0016
0.0003 0.0001 0.0001 0.0003 0.0001 0.0002 0.0001 0.0001 0.0002 0.0000 0.0001 0.0001 0.0000 0.0344 0.0000 0.0000 0.0000 0.0001 0.0000 0.0002 0.0196 0.0000 0.0270 0.0002 0.1249 0.0105 0.0000 0.0001 0.0001 0.0001 0.0001 0.0044 0.0266 0.0001 0.0001 0.0002 0.0002 0.0001 0.0001 0.0001 0.0001 0.0001 0.0002 0.0001 0.0001 0.0001 0.0001 0.0001 0.0001 0.0001 0.0005 0.0002 0.0002 0.0002 0.0001 0.0002 0.0001 0.0000 0.0000 0.0000 0.0000 0.0000 0.0000 0.0000
0.0000 0.0000 0.0000 0.0000 0.0000 0.0001 0.0000 0.0000 0.0000 0.0000 0.0000 0.0000 0.0000 0.0000 0.0000 0.0000 0.0000 0.0000 0.0000 0.0001 0.0001 0.0001 0.0001 0.0001 0.0002 0.0001 0.0001 0.0001 0.0000 0.0000 0.0001 0.0001 0.0006 0.0007 0.0002 0.0000 0.0001 0.0001 0.0001 0.0001 0.0000 0.0001 0.0001 0.0001 0.0001 0.0001 0.0001 0.0000 0.0000 0.0000 0.0000 0.0000 0.0000 0.0000 0.0000 0.0000 0.0000 0.0000 0.0000 0.0000 0.0000 0.0000 0.0000 0.0000
0.0131 0.0236 0.0091 0.0104 0.0069 0.0099 0.0056 0.0084 0.0077 0.0019 0.0013 0.0003 0.0002 0.0003 0.0000 0.0006 0.0001 0.0026 0.0131 0.0000 0.0002 0.0000 0.0000 0.0001 0.0020 0.0066 0.0039 0.0052 0.0011 0.0003 0.0002 0.0205 0.0016 0.0003 0.1042 0.1134 0.1469 0.1845 0.1392 0.1410 0.1216 0.1378 0.0854 0.0601 0.0700 0.0248 0.0278 0.0149 0.0001 0.0001 0.0022 0.0414 0.0750 0.0401 0.0162 0.0452 0.0519 0.0353 0.0219 0.0247 0.0125 0.0630 0.0893 0.0399
0.0012 0.0014 0.0010 0.0015 0.0024 0.0022 0.0035 0.0017 0.0023 0.0011 0.0014 0.0019 0.0053 0.0005 0.0012 0.0002 0.0019 0.0049 0.0032 0.0038 0.0023 0.0003 0.0001 0.0066 0.0050 0.0034 0.0023 0.0034 0.0001 0.0001 0.0001 0.0008 0.0053 0.0024 0.0003 0.0026 0.0020 0.0016 0.0023 0.0001 0.0760 0.1360 0.1769 0.2025 0.1842 0.2013 0.1927 0.2045 0.2845 0.1941 0.1893 0.1618 0.1670 0.1671 0.1576 0.1222 0.1442 0.1353 0.1968 0.2065 0.2207 0.2113 0.2310 0.2482
0.0209 0.0087 0.0086 0.0358 0.0002 0.0000 0.0001 0.0001 0.0001 0.0000 0.0000 0.0002 0.0002 0.0000 0.0000 0.0006 0.0002 0.0000 0.0003 0.0108 0.0002 0.0012 0.0039 0.0000 0.0013 0.0017 0.0006 0.0005 0.0000 0.0000 0.0001 0.0059 0.0118 0.0035 0.0014 0.0001 0.0000 0.0000 0.0000 0.0002 0.0015 0.0063 0.0117 0.0104 0.0073 0.0002 0.0022 0.0414 0.0026 0.0002 0.0001 0.0001 0.0002 0.0007 0.0061 0.0067 0.0126 0.0104 0.0054 0.0045 0.0067 0.0117 0.0078 0.0058
0.0001 0.0000 0.0000 0.0002 0.0000 0.0001 0.0001 0.0002 0.0001 0.0000 0.0001 0.0000 0.0001 0.0003 0.0000 0.0001 0.0000 0.0001 0.0001 0.0090 0.0005 0.0016 0.0032 0.0017 0.0146 0.0022 0.0857 0.1300 0.0338 0.0007 0.0053 0.0470 0.0035 0.0000 0.0001 0.0001 0.0001 0.0001 0.0001 0.0001 0.0001 0.0001 0.0001 0.0006 0.0001 0.0001 0.0001 0.0001 0.0001 0.0001 0.0013 0.0016 0.0037 0.0047 0.0081 0.0126 0.0013 0.0000 0.0001 0.0000 0.0000 0.0000 0.0000 0.0001
0.0203 0.0001 0.0105 0.0001 0.0001 0.0001 0.0001 0.0002 0.0004 0.0001 0.0014 0.0079 0.0155 0.0142 0.0007 0.0010 0.0001 0.0490 0.0620 0.0738 0.0580 0.0758 0.0924 0.0003 0.0004 0.0002 0.0610 0.0484 0.0928 0.0975 0.0928 0.1031 0.0804 0.0951 0.0372 0.0066 0.0001 0.0010 0.0003 0.0002 0.0000 0.0001 0.0001 0.0001 0.0001 0.0001 0.0001 0.0001 0.0000 0.0000 0.0001 0.0001 0.0000 0.0002 0.0074 0.0000 0.0002 0.0001 0.0001 0.0003 0.0000 0.0000 0.0000 0.0001
0.0000 0.0000 0.0000 0.0001 0.0004 0.0361 0.0473 0.0819 0.0867 0.1136 0.0871 0.0875 0.0650 0.0231 0.0138 0.0123 0.0136 0.0000 0.0000 0.0000 0.0183 0.0000 0.0000 0.0355 0.0000 0.0106 0.0116 0.0491 0.0165 0.0374 0.0223 0.0212 0.0306 0.0199 0.0416 0.0076 0.0204 0.0365 0.0054 0.0025 0.0003 0.0025 0.0060 0.0062 0.0069 0.0101 0.0124 0.0131 0.0126 0.0131 0.0129 0.0131 0.0089 0.0053 0.0060 0.0060 0.0039 0.0033 0.0039 0.0039 0.0038 0.0058 0.0025 0.0034
0.0003 0.0001 0.0001 0.0000 0.0000 0.0001 0.0001 0.0001 0.0001 0.0000 0.0000 0.0000 0.0000 0.0001 0.0000 0.0000 0.0001 0.0002 0.0001 0.0001 0.0000 0.0000 0.0000 0.0003 0.0007 0.0013 0.0003 0.0006 0.0004 0.0000 0.0000 0.0001 0.0000 0.0000 0.0000 0.0001 0.0000 0.0001 0.0001 0.0000 0.0001 0.0001 0.0001 0.0001 0.0001 0.0001 0.0001 0.0001 0.0006 0.0006 0.0010 0.0008 0.0008 0.0005 0.0005 0.0004 0.0003 0.0001 0.0002 0.0001 0.0000 0.0000 0.0000 0.0000
0.0015 0.0015 0.0014 0.0016 0.0018 0.0037 0.0035 0.0116 0.0227 0.0157 0.0231 0.0203 0.0116 0.0002 0.0014 0.0013 0.0019 0.0043 0.0024 0.0021 0.0002 0.0377 0.0007 0.0010 0.0262 0.0385 0.0401 0.0184 0.0095 0.0102 0.0055 0.0092 0.0151 0.0070 0.0048 0.0016 0.0137 0.0135 0.0365 0.1115 0.1086 0.0567 0.0662 0.0356 0.0276 0.1426 0.0985 0.1088 0.0675 0.0930 0.0781 0.0956 0.0997 0.1320 0.1414 0.1178 0.0913 0.1422 0.1065 0.1030 0.0657 0.0555 0.0003 0.0007
0.0001 0.0001 0.0000 0.0001 0.0001 0.0000 0.0005 0.0001 0.0001 0.0000 0.0000 0.0001 0.0000 0.0001 0.0067 0.0105 0.0009 0.0001 0.0001 0.0002 0.0001 0.0001 0.0065 0.0156 0.0075 0.0172 0.0001 0.0001 0.0000 0.0000 0.0001 0.0001 0.0001 0.0000 0.0001 0.0001 0.0001 0.0003 0.0007 0.0026 0.0063 0.0004 0.0008 0.0002 0.0002 0.0001 0.0001 0.0001 0.0000 0.0000 0.0001 0.0001 0.0000 0.0012 0.0043 0.0026 0.0001 0.0001 0.0000 0.0000 0.0000 0.0000 0.0000 0.0000
0.0001 0.0076 0.0000 0.0001 0.0000 0.0001 0.0001 0.0001 0.0066 0.0002 0.0000 0.0000 0.0001 0.0001 0.0122 0.0062 0.0001 0.0000 0.0001 0.0001 0.0001 0.0004 0.0001 0.0062 0.0007 0.0001 0.0000 0.0000 0.0001 0.0000 0.0000 0.0007 0.0385 0.0000 0.0401 0.0499 0.0773 0.0920 0.1036 0.1014 0.0799 0.0854 0.0769 0.1016 0.0933 0.0832 0.0966 0.0457 0.0347 0.0245 0.0301 0.0105 0.0008 0.0000 0.0000 0.0000 0.0000 0.0005 0.0003 0.0000 0.0000 0.0048 0.0056 0.0092
0.0000 0.0107 0.0017 0.0163 0.0281 0.0000 0.0318 0.0377 0.0000 0.0135 0.0404 0.0397 0.0239 0.0000 0.0000 0.0000 0.0000 0.0000 0.0000 0.0001 0.0000 0.0012 0.0017 0.0001 0.0003 0.0004 0.0002 0.0012 0.0004 0.0001 0.0001 0.0001 0.0004 0.0001 0.0002 0.0002 0.0002 0.0003 0.0002 0.0001 0.0001 0.0000 0.0007 0.0003 0.0003 0.0001 0.0066 0.0001 0.0044 0.0062 0.0190 0.0248 0.0086 0.0024 0.0000 0.0003 0.0004 0.0000 0.0010 0.0061 0.0013 0.0028 0.0061 0.0135
0.2037 0.2351 0.1859 0.2652 0.1841 0.2274 0.1689 0.2147 0.0631 0.0554 0.0240 0.0001 0.0000 0.0000 0.0000 0.0001 0.0000 0.0000 0.0000 0.0000 0.0006 0.0001 0.0028 0.0013 0.0017 0.0020 0.0002 0.0021 0.0004 0.0001 0.0002 0.0054 0.0026 0.0018 0.0007 0.0002 0.0002 0.0001 0.0001 0.0001 0.0007 0.0003 0.0052 0.0021 0.0008 0.0034 0.0015 0.0053 0.0025 0.0003 0.0000 0.0000 0.0000 0.0000 0.0000 0.0000 0.0000 0.0000 0.0007 0.0001 0.0001 0.0002 0.0001 0.0001
0.1415 0.2203 0.2149 0.1463 0.1745 0.2207 0.1331 0.1168 0.1908 0.1158 0.1242 0.1067 0.0915 0.1724 0.1486 0.1408 0.1110 0.1160 0.0863 0.0658 0.0717 0.0325 0.0097 0.0219 0.0831 0.0742 0.0000 0.0003 0.0000 0.0000 0.0002 0.0001 0.0004 0.0000 0.0002 0.0000 0.0002 0.0004 0.0000 0.0032 0.0002 0.0025 0.0015 0.0029 0.0125 0.0208 0.0460 0.0334 0.0396 0.0361 0.0427 0.0188 0.0343 0.0289 0.0037 0.0037 0.0022 0.0006 0.0067 0.0043 0.0028 0.0025 0.0010 0.0017
0.0001 0.0001 0.0002 0.0012 0.0073 0.0043 0.0018 0.0021 0.0015 0.0010 0.0010 0.0014 0.0022 0.0020 0.0029 0.0018 0.0158 0.0128 0.0016 0.0002 0.0011 0.0001 0.0001 0.0001 0.0001 0.0001 0.0001 0.0001 0.0007 0.0001 0.0002 0.0001 0.0001 0.0000 0.0000 0.0050 0.0050 0.0026 0.0085 0.0001 0.0001 0.0003 0.0002 0.0001 0.0002 0.0034 0.0171 0.0523 0.0169 0.1045 0.1081 0.1236 0.1189 0.1172 0.0711 0.1083 0.1101 0.1127 0.0776 0.0715 0.1413 0.0680 0.0986 0.1068
0.0000 0.0001 0.0001 0.0002 0.0007 0.0007 0.0005 0.0008 0.0003 0.0001 0.0005 0.0001 0.0015 0.0024 0.0037 0.0021 0.0013 0.0019 0.0007 0.0082 0.0001 0.0001 0.0007 0.0001 0.0002 0.0001 0.0001 0.0001 0.0001 0.0001 0.0001 0.0001 0.0001 0.0002 0.0001 0.0004 0.0003 0.0002 0.0001 0.0001 0.0001 0.0034 0.0141 0.0971 0.0654 0.1569 0.1344 0.1268 0.1604 0.1179 0.1225 0.0323 0.0002 0.0009 0.0344 0.0001 0.0000 0.0099 0.0000 0.0000 0.0000 0.0000 0.0000 0.0259
0.0014 0.0006 0.0011 0.0009 0.0003 0.0007 0.0029 0.0021 0.0004 0.0001 0.0001 0.0000 0.0001 0.0019 0.0028 0.0001 0.0000 0.0001 0.0001 0.0000 0.0007 0.0017 0.0024 0.0002 0.0014 0.0001 0.0001 0.0001 0.0083 0.0010 0.0001 0.0001 0.0003 0.0002 0.0001 0.0031 0.0056 0.0069 0.0048 0.0013 0.0005 0.0014 0.0002 0.0040 0.0051 0.0129 0.0002 0.0001 0.0001 0.0000 0.0001 0.0001 0.0001 0.0023 0.0000 0.0000 0.0000 0.0001 0.0001 0.0002 0.0001 0.0003 0.0002 0.0001
0.0365 0.0376 0.0283 0.0120 0.0086 0.0001 0.0915 0.0018 0.1303 0.1559 0.1665 0.1687 0.1583 0.1468 0.1222 0.1025 0.0747 0.0343 0.0058 0.0137 0.0036 0.0524 0.0119 0.0071 0.0215 0.0023 0.0014 0.0009 0.0063 0.0080 0.0065 0.0069 0.0022 0.0002 0.0010 0.0005 0.0002 0.0000 0.0000 0.0000 0.0000 0.0000 0.0000 0.0000 0.0000 0.0000 0.0000 0.0000 0.0000 0.0000 0.0000 0.0000 0.0008 0.0142 0.0000 0.0000 0.0001 0.0004 0.0017 0.0000 0.0000 0.0000 0.0010 0.0180
0.0001 0.0001 0.0000 0.0001 0.0000 0.0000 0.0000 0.0004 0.0001 0.0000 0.0001 0.0000 0.0000 0.0001 0.0001 0.0000 0.0000 0.0000 0.0000 0.0001 0.0001 0.0001 0.0002 0.0006 0.0002 0.0001 0.0001 0.0001 0.0001 0.0001 0.0001 0.0001 0.0003 0.0000 0.0000 0.0001 0.0001 0.0000 0.0001 0.0001 0.0001 0.0001 0.0003 0.0002 0.0001 0.0001 0.0002 0.0005 0.0093 0.0093 0.0484 0.0397 0.0562 0.0581 0.0545 0.0532 0.0503 0.0455 0.0679 0.0869 0.0223 0.0339 0.0222 0.0002
0.0001 0.0000 0.0000 0.0001 0.0000 0.0001 0.0180 0.0133 0.0001 0.0000 0.0000 0.0000 0.0000 0.0000 0.0000 0.0001 0.0090 0.0106 0.0003 0.0060 0.0067 0.0092 0.0001 0.0096 0.0001 0.0001 0.0000 0.0039 0.0000 0.0125 0.0416 0.0112 0.0285 0.0098 0.0222 0.0027 0.0000 0.0058 0.0041 0.0001 0.0008 0.0001 0.0001 0.0001 0.0001 0.0001 0.0151 0.0001 0.0007 0.0146 0.0000 0.0009 0.0001 0.0001 0.0000 0.0000 0.0001 0.0001 0.0000 0.0002 0.0003 0.0001 0.0178 0.0001
0.0001 0.0000 0.0000 0.0000 0.0000 0.0001 0.0000 0.0001 0.0001 0.0000 0.0000 0.0000 0.0001 0.0001 0.0000 0.0001 0.0000 0.0000 0.0001 0.0000 0.0001 0.0000 0.0000 0.0000 0.0001 0.0001 0.0000 0.0001 0.0001 0.0001 0.0000 0.0005 0.0009 0.0016 0.0099 0.0135 0.0113 0.0060 0.0001 0.0001 0.0065 0.0001 0.0004 0.0049 0.0089 0.0117 0.0050 0.0118 0.0000 0.0000 0.0001 0.0001 0.0000 0.0001 0.0000 0.0053 0.0218 0.0078 0.0000 0.0000 0.0000 0.0000 0.0000 0.0000
0.1323 0.1809 0.2535 0.2707 0.3165 0.2578 0.2913 0.3201 0.3163 0.3388 0.3184 0.3114 0.3521 0.3019 0.3469 0.3603 0.3659 0.2590 0.2257 0.2423 0.1704 0.2537 0.1013 0.1140 0.1107 0.0971 0.3298 0.2890 0.2567 0.2141 0.1948 0.1911 0.1444 0.1309 0.0305 0.0278 0.0292 0.0438 0.0353 0.1157 0.0517 0.0638 0.0308 0.0009 0.0001 0.0001 0.0001 0.0786 0.0004 0.0000 0.0001 0.0001 0.0001 0.0003 0.0001 0.0001 0.0005 0.0252 0.0253 0.0248 0.0545 0.0245 0.0434 0.0412
0.0135 0.0004 0.0002 0.0002 0.0002 0.0003 0.0003 0.0004 0.0005 0.0004 0.0007 0.0007 0.0003 0.0006 0.0006 0.0008 0.0007 0.0006 0.0007 0.0001 0.0014 0.0012 0.0056 0.0275 0.0206 0.0120 0.0209 0.0172 0.0206 0.0232 0.0031 0.0058 0.0011 0.0000 0.0001 0.0001 0.0000 0.0000 0.0000 0.0000 0.0001 0.0001 0.0001 0.0001 0.0002 0.0002 0.0001 0.0001 0.0000 0.0001 0.0092 0.0001 0.0001 0.0001 0.0000 0.0000 0.0000 0.0016 0.0025 0.0002 0.0001 0.0000 0.0004 0.0001
0.0001 0.0001 0.0000 0.0001 0.0000 0.0001 0.0001 0.0001 0.0000 0.0001 0.0000 0.0000 0.0000 0.0001 0.0000 0.0000 0.0000 0.0000 0.0001 0.0001 0.0001 0.0001 0.0001 0.0001 0.0002 0.0001 0.0001 0.0017 0.0001 0.0001 0.0001 0.0099 0.0001 0.0000 0.0001 0.0001 0.0000 0.0001 0.0001 0.0019 0.0037 0.0004 0.0052 0.0039 0.0005 0.0003 0.0001 0.0001 0.0000 0.0000 0.0001 0.0001 0.0001 0.0000 0.0000 0.0000 0.0001 0.0000 0.0000 0.0000 0.0000 0.0003 0.0002 0.0018
0.0004 0.0004 0.0003 0.0329 0.0004 0.0055 0.0175 0.0083 0.0186 0.0002 0.0161 0.0338 0.0257 0.0039 0.0002 0.0002 0.0057 0.0000 0.0001 0.0001 0.0001 0.0001 0.0002 0.0001 0.0003 0.0000 0.0000 0.0001 0.0000 0.0000 0.0005 0.0001 0.0000 0.0016 0.0000 0.0000 0.0000 0.0012 0.0788 0.0653 0.0056 0.1655 0.0013 0.1439 0.2123 0.0013 0.0016 0.0002 0.0026 0.0004 0.0001 0.0001 0.0001 0.0014 0.0001 0.0002 0.0114 0.0092 0.0123 0.0001 0.0000 0.0000 0.0000 0.0000
0.0001 0.0000 0.0000 0.0001 0.0001 0.0000 0.0000 0.0001 0.0000 0.0000 0.0000 0.0000 0.0000 0.0000 0.0001 0.0000 0.0000 0.0000 0.0001 0.0001 0.0001 0.0000 0.0001 0.0002 0.0002 0.0003 0.0001 0.0022 0.0019 0.0106 0.0011 0.0004 0.0054 0.0003 0.0001 0.0002 0.0003 0.0005 0.0001 0.0001 0.0001 0.0001 0.0001 0.0001 0.0001 0.0001 0.0001 0.0001 0.0001 0.0000 0.0001 0.0001 0.0000 0.0000 0.0000 0.0000 0.0001 0.0000 0.0000 0.0000 0.0000 0.0000 0.0000 0.0000
0.1286 0.0735 0.1132 0.0658 0.0934 0.0685 0.0158 0.0017 0.0041 0.0013 0.0118 0.0182 0.0137 0.0027 0.0119 0.0003 0.0080 0.0150 0.0000 0.0001 0.0001 0.0001 0.0013 0.0019 0.0009 0.0015 0.0000 0.0002 0.0000 0.0001 0.0517 0.1185 0.2485 0.3626 0.2727 0.3058 0.2757 0.1708 0.1898 0.2136 0.1481 0.1529 0.0983 0.0131 0.0175 0.0060 0.0097 0.0212 0.0282 0.0009 0.0077 0.0111 0.0379 0.0227 0.0451 0.0360 0.0457 0.0467 0.0230 0.0171 0.0499 0.0323 0.0384 0.2194
0.0001 0.0000 0.0000 0.0000 0.0000 0.0001 0.0001 0.0001 0.0003 0.0001 0.0000 0.0000 0.0000 0.0000 0.0000 0.0001 0.0001 0.0001 0.0003 0.0008 0.0021 0.0213 0.0198 0.0077 0.0041 0.0024 0.0010 0.0044 0.0019 0.0017 0.0106 0.0054 0.0004 0.0093 0.0012 0.0005 0.0005 0.0002 0.0003 0.0002 0.0002 0.0002 0.0003 0.0001 0.0001 0.0001 0.0001 0.0000 0.0001 0.0000 0.0001 0.0000 0.0000 0.0000 0.0000 0.0000 0.0000 0.0000 0.0000 0.0000 0.0000 0.0000 0.0000 0.0000
0.0001 0.0000 0.0000 0.0001 0.0001 0.0001 0.0009 0.0001 0.0001 0.0000 0.0000 0.0000 0.0002 0.0000 0.0001 0.0000 0.0000 0.0000 0.0001 0.0001 0.0001 0.0001 0.0002 0.0002 0.0001 0.0001 0.0001 0.0001 0.0003 0.0000 0.0000 0.0001 0.0001 0.0000 0.0001 0.0001 0.0001 0.0000 0.0001 0.0001 0.0001 0.0001 0.0001 0.0001 0.0001 0.0001 0.0023 0.0005 0.0046 0.0213 0.0116 0.0017 0.0000 0.0000 0.0000 0.0000 0.0000 0.0001 0.0001 0.0000 0.0000 0.0000 0.0000 0.0000
0.0010 0.0003 0.0000 0.0001 0.0001 0.0002 0.0001 0.0002 0.0004 0.0004 0.0002 0.0001 0.0001 0.0000 0.0012 0.0001 0.0000 0.0000 0.0001 0.0001 0.0080 0.0013 0.0005 0.1061 0.0020 0.0090 0.0097 0.0138 0.0106 0.0143 0.0002 0.0001 0.0001 0.0563 0.0001 0.0001 0.0099 0.0008 0.0103 0.0026 0.0004 0.0013 0.0004 0.0001 0.0004 0.0002 0.0005 0.0042 0.0036 0.0021 0.0002 0.0002 0.0002 0.0001 0.0001 0.0001 0.0002 0.0002 0.0001 0.0001 0.0000 0.0000 0.0000 0.0001
0.0003 0.0006 0.0305 0.0322 0.0395 0.0004 0.0001 0.0000 0.0000 0.0238 0.0016 0.0000 0.0001 0.0000 0.0000 0.0000 0.0001 0.0001 0.0000 0.0000 0.0000 0.0000 0.0001 0.1146 0.1203 0.1296 0.0002 0.0609 0.0000 0.0002 0.0011 0.0414 0.0005 0.0003 0.0022 0.0037 0.0094 0.0111 0.0166 0.0034 0.0088 0.0001 0.0002 0.0512 0.0421 0.0004 0.1739 0.1682 0.1795 0.1914 0.0852 0.1069 0.1138 0.1238 0.1530 0.1079 0.1099 0.0319 0.0958 0.0478 0.0001 0.0000 0.0000 0.0094
0.0032 0.0013 0.0001 0.0004 0.0054 0.0088 0.0004 0.0001 0.0005 0.0000 0.0001 0.0001 0.0000 0.0001 0.0001 0.0014 0.0014 0.0092 0.0048 0.0002 0.0094 0.0069 0.0001 0.0001 0.0002 0.0001 0.0001 0.0001 0.0077 0.0007 0.0004 0.0028 0.0032 0.0007 0.0004 0.0116 0.0000 0.0000 0.0004 0.0026 0.0021 0.0063 0.0018 0.0010 0.0001 0.0001 0.0000 0.0000 0.0001 0.0002 0.0012 0.0086 0.0001 0.0188 0.0151 0.0080 0.0000 0.0006 0.0077 0.0000 0.0000 0.0119 0.0002 0.0001
0.0000 0.0000 0.0001 0.0003 0.0001 0.0001 0.0005 0.0002 0.0006 0.0003 0.0006 0.0002 0.0001 0.0038 0.0026 0.0014 0.0001 0.0002 0.0012 0.0007 0.0007 0.0009 0.0033 0.0024 0.0024 0.0027 0.0023 0.0017 0.0019 0.0045 0.0078 0.0168 0.0099 0.0054 0.0039 0.0017 0.0010 0.0015 0.0013 0.0000 0.0000 0.0000 0.0001 0.0085 0.0176 0.0138 0.0195 0.0149 0.0035 0.0021 0.0177 0.0769 0.0461 0.0464 0.0334 0.0327 0.0295 0.0285 0.0349 0.0322 0.0379 0.0593 0.0492 0.0177
0.0001 0.0000 0.0000 0.0000 0.0001 0.0001 0.0001 0.0001 0.0004 0.0102 0.0017 0.0001 0.0001 0.0001 0.0000 0.0000 0.0000 0.0000 0.0000 0.0001 0.0001 0.0001 0.0001 0.0001 0.0002 0.0001 0.0001 0.0001 0.0001 0.0000 0.0001 0.0001 0.0564 0.2041 0.1437 0.1890 0.1468 0.0919 0.0058 0.0001 0.0001 0.0001 0.0002 0.0001 0.0001 0.0001 0.0001 0.0001 0.0001 0.0001 0.0001 0.0001 0.0001 0.0001 0.0001 0.0001 0.0001 0.0000 0.0001 0.0000 0.0000 0.0000 0.0000 0.0000
0.0001 0.0000 0.0000 0.0000 0.0000 0.0002 0.0001 0.0000 0.0000 0.0000 0.0000 0.0143 0.0127 0.0279 0.0242 0.0220 0.0310 0.0553 0.0286 0.0005 0.0463 0.0373 0.0820 0.0725 0.0357 0.0647 0.0330 0.0321 0.0000 0.0014 0.0001 0.0185 0.0091 0.0001 0.0032 0.0002 0.0001 0.0001 0.0002 0.0001 0.0001 0.0001 0.0010 0.0001 0.0001 0.0002 0.0001 0.0010 0.0007 0.0006 0.0071 0.0202 0.0298 0.0094 0.0040 0.0129 0.0011 0.0013 0.0003 0.0000 0.0000 0.0000 0.0000 0.0000
0.0001 0.0000 0.0000 0.0000 0.0001 0.0001 0.0000 0.0001 0.0001 0.0000 0.0001 0.0000 0.0000 0.0000 0.0000 0.0001 0.0000 0.0000 0.0000 0.0001 0.0006 0.0014 0.0011 0.0171 0.0148 0.0051 0.0004 0.0001 0.0000 0.0001 0.0001 0.0000 0.0000 0.0000 0.0000 0.0000 0.0001 0.0001 0.0002 0.0001 0.0001 0.0001 0.0004 0.0004 0.0001 0.0000 0.0002 0.0038 0.0287 0.0291 0.0142 0.0040 0.0000 0.0000 0.0000 0.0000 0.0000 0.0001 0.0013 0.0089 0.0069 0.0007 0.0008 0.0005
0.0001 0.0000 0.0000 0.0001 0.0000 0.0001 0.0001 0.0001 0.0001 0.0001 0.0003 0.0018 0.0000 0.0048 0.0077 0.0062 0.0001 0.0106 0.0001 0.0001 0.0399 0.0000 0.0428 0.0002 0.0001 0.0009 0.0001 0.0001 0.0001 0.0000 0.0001 0.0131 0.0005 0.0006 0.0001 0.0000 0.0001 0.0001 0.0001 0.0004 0.0020 0.0017 0.0013 0.0001 0.0001 0.0001 0.0001 0.0001 0.0001 0.0001 0.0006 0.0001 0.0000 0.0000 0.0014 0.0001 0.0010 0.0002 0.0003 0.0001 0.0000 0.0000 0.0000 0.0012
0.0050 0.0036 0.0006 0.0027 0.0035 0.0036 0.0006 0.0004 0.0004 0.0010 0.0006 0.0019 0.0023 0.0008 0.0008 0.0003 0.0002 0.0001 0.0005 0.0005 0.0001 0.0001 0.0001 0.0002 0.0002 0.0969 0.0001 0.0001 0.0000 0.0000 0.0001 0.0001 0.0001 0.0000 0.0000 0.0001 0.0001 0.0001 0.0001 0.0001 0.0001 0.0001 0.0001 0.0002 0.0009 0.0003 0.0001 0.0001 0.0000 0.0001 0.0001 0.0001 0.0001 0.0000 0.0000 0.0000 0.0000 0.0000 0.0000 0.0000 0.0000 0.0000 0.0000 0.0000
0.0001 0.0000 0.0000 0.0000 0.0001 0.0001 0.0001 0.0001 0.0001 0.0000 0.0000 0.0000 0.0000 0.0002 0.0000 0.0000 0.0000 0.0000 0.0000 0.0000 0.0001 0.0001 0.0001 0.0002 0.0011 0.0016 0.0013 0.0021 0.0001 0.0000 0.0001 0.0001 0.0013 0.0023 0.0001 0.0001 0.0001 0.0001 0.0002 0.0001 0.0001 0.0001 0.0001 0.0011 0.0001 0.0001 0.0001 0.0001 0.0000 0.0001 0.0001 0.0001 0.0000 0.0000 0.0003 0.0000 0.0000 0.0000 0.0001 0.0000 0.0000 0.0000 0.0000 0.0000
0.0001 0.0004 0.0009 0.0013 0.0012 0.0013 0.0015 0.0013 0.0037 0.0015 0.0014 0.0015 0.0016 0.0007 0.0007 0.0007 0.0035 0.0033 0.0122 0.0082 0.0058 0.0015 0.0026 0.0026 0.0000 0.0000 0.0000 0.0000 0.0000 0.0000 0.0000 0.0000 0.0000 0.0000 0.0000 0.0000 0.0000 0.0001 0.0003 0.0002 0.0001 0.0001 0.0001 0.0001 0.0001 0.0001 0.0002 0.0001 0.0001 0.0001 0.0001 0.0001 0.0000 0.0000 0.0001 0.0001 0.0001 0.0005 0.0000 0.0000 0.0000 0.0000 0.0000 0.0000
0.0001 0.0000 0.0000 0.0001 0.0000 0.0001 0.0001 0.0062 0.0001 0.0000 0.0001 0.0000 0.0001 0.0000 0.0001 0.0003 0.0079 0.0000 0.0175 0.0232 0.0003 0.0096 0.0000 0.0063 0.0017 0.0145 0.0107 0.0136 0.0006 0.0034 0.0004 0.0002 0.0001 0.0045 0.0002 0.0000 0.0000 0.0000 0.0000 0.0056 0.0001 0.0027 0.0023 0.0025 0.0001 0.0001 0.0001 0.0001 0.0001 0.0001 0.0001 0.0001 0.0001 0.0002 0.0097 0.0025 0.0004 0.0002 0.0001 0.0004 0.0002 0.0000 0.0000 0.0000
0.0320 0.0285 0.0308 0.0250 0.0294 0.0331 0.0307 0.0604 0.0139 0.0304 0.0258 0.0199 0.0259 0.0117 0.0392 0.0034 0.0075 0.0093 0.0392 0.0522 0.0149 0.0001 0.0221 0.0003 0.0142 0.0060 0.0001 0.0001 0.0002 0.0000 0.0001 0.0012 0.0001 0.0400 0.0001 0.0001 0.0000 0.0001 0.0003 0.0001 0.0001 0.0003 0.0006 0.0010 0.0001 0.0010 0.0006 0.0002 0.0004 0.0003 0.0003 0.0005 0.0004 0.0005 0.0004 0.0003 0.0003 0.0003 0.0004 0.0003 0.0003 0.0003 0.0002 0.0003
0.0001 0.0001 0.0000 0.0001 0.0001 0.0001 0.0002 0.0000 0.0001 0.0003 0.0001 0.0001 0.0003 0.0001 0.0003 0.0002 0.0002 0.0020 0.0020 0.0016 0.0026 0.0004 0.0104 0.0006 0.0012 0.0004 0.0061 0.0000 0.0240 0.0323 0.0168 0.0172 0.0394 0.0001 0.1403 0.1331 0.1106 0.1082 0.0940 0.0294 0.0188 0.0194 0.0705 0.0782 0.0827 0.0864 0.0814 0.0264 0.0819 0.0683 0.1108 0.0752 0.0778 0.0730 0.0677 0.0876 0.0641 0.0636 0.0597 0.0459 0.0426 0.0637 0.0414 0.0644
0.0058 0.0033 0.0015 0.0032 0.0023 0.0023 0.0671 0.0047 0.0011 0.0001 0.0001 0.0000 0.0000 0.0001 0.0001 0.0082 0.0003 0.0003 0.0162 0.0550 0.0005 0.0001 0.0001 0.0001 0.0001 0.0001 0.0001 0.0001 0.0000 0.0001 0.0001 0.0001 0.0001 0.0000 0.0001 0.0003 0.0001 0.0008 0.0002 0.0001 0.0001 0.0001 0.0001 0.0001 0.0001 0.0002 0.0006 0.0004 0.0001 0.0001 0.0003 0.0184 0.0229 0.0004 0.0100 0.0201 0.0002 0.0004 0.0003 0.0005 0.0002 0.0003 0.0007 0.0010
0.0000 0.0000 0.0000 0.0000 0.0001 0.0001 0.0001 0.0001 0.0000 0.0000 0.0001 0.0002 0.0001 0.0001 0.0004 0.0016 0.0078 0.0124 0.0269 0.0166 0.0037 0.0000 0.0001 0.0002 0.0001 0.0000 0.0001 0.0006 0.0004 0.0000 0.0001 0.0001 0.0106 0.0171 0.0278 0.0388 0.0380 0.0487 0.0461 0.0307 0.0246 0.0292 0.0284 0.0258 0.0144 0.0073 0.0153 0.0063 0.0008 0.0013 0.0001 0.0089 0.0063 0.0055 0.0000 0.0000 0.0000 0.0000 0.0000 0.0000 0.0000 0.0000 0.0000 0.0000
0.1581 0.0060 0.0233 0.0028 0.0000 0.0001 0.0000 0.0001 0.0000 0.0000 0.0001 0.0000 0.0001 0.0002 0.0001 0.0001 0.0001 0.0009 0.0001 0.0001 0.0005 0.0005 0.0006 0.0410 0.0005 0.0001 0.0010 0.0054 0.0664 0.0576 0.1185 0.0471 0.1590 0.0001 0.0679 0.0406 0.0294 0.0764 0.0492 0.0693 0.1907 0.0186 0.0406 0.0232 0.0001 0.0118 0.0001 0.0002 0.0001 0.0001 0.0001 0.0001 0.0000 0.0000 0.0001 0.0002 0.0001 0.0000 0.0048 0.0081 0.0198 0.0247 0.0681 0.0001
0.0001 0.0001 0.0000 0.0001 0.0000 0.0000 0.0001 0.0001 0.0001 0.0000 0.0000 0.0000 0.0005 0.0000 0.0000 0.0207 0.0025 0.0001 0.0001 0.0001 0.0097 0.0003 0.0277 0.0065 0.0016 0.0243 0.0154 0.0024 0.0306 0.0289 0.0001 0.0001 0.0015 0.0015 0.0001 0.0018 0.0012 0.0011 0.0010 0.0001 0.0001 0.0001 0.0002 0.0002 0.0002 0.0002 0.0003 0.0003 0.0005 0.0002 0.0003 0.0006 0.0009 0.0005 0.0000 0.0000 0.0001 0.0001 0.0000 0.0004 0.0001 0.0000 0.0000 0.0000
0.0002 0.0001 0.0000 0.0013 0.0003 0.0001 0.0001 0.0001 0.0007 0.0016 0.0037 0.0114 0.0154 0.0118 0.0303 0.0466 0.0272 0.0392 0.0592 0.0619 0.0514 0.0328 0.0168 0.0234 0.0605 0.0004 0.0001 0.0004 0.0013 0.0119 0.0005 0.0001 0.0001 0.0000 0.0135 0.0001 0.0000 0.0001 0.0001 0.0016 0.0008 0.0007 0.0054 0.0001 0.0143 0.0001 0.0001 0.0001 0.0001 0.0001 0.0007 0.0002 0.0000 0.0001 0.0000 0.0002 0.0000 0.0003 0.0003 0.0000 0.0000 0.0000 0.0004 0.0001
0.0001 0.0000 0.0000 0.0001 0.0001 0.0000 0.0001 0.0001 0.0001 0.0000 0.0001 0.0000 0.0000 0.0000 0.0000 0.0001 0.0000 0.0000 0.0000 0.0001 0.0001 0.0001 0.0001 0.0011 0.0001 0.0001 0.0000 0.0001 0.0001 0.0001 0.0001 0.0001 0.0001 0.0001 0.0001 0.0001 0.0000 0.0001 0.0001 0.0001 0.0001 0.0001 0.0001 0.0001 0.0001 0.0000 0.0001 0.0002 0.0000 0.0000 0.0001 0.0001 0.0001 0.0000 0.0000 0.0000 0.0000 0.0000 0.0000 0.0000 0.0000 0.0000 0.0000 0.0001
0.0001 0.0000 0.0000 0.0000 0.0000 0.0001 0.0000 0.0001 0.0001 0.0072 0.0096 0.0000 0.0000 0.0054 0.0000 0.0001 0.0000 0.0000 0.0000 0.0000 0.0001 0.0000 0.0001 0.0004 0.0001 0.0001 0.0000 0.0000 0.0000 0.0000 0.0000 0.0000 0.0001 0.0001 0.0000 0.0001 0.0000 0.0000 0.0001 0.0001 0.0001 0.0001 0.0001 0.0001 0.0000 0.0001 0.0001 0.0001 0.0000 0.0000 0.0001 0.0001 0.0000 0.0010 0.0000 0.0000 0.0000 0.0001 0.0001 0.0000 0.0000 0.0000 0.0000 0.0000
0.0000 0.0000 0.0000 0.0000 0.0000 0.0002 0.0000 0.0001 0.0002 0.0028 0.0017 0.0013 0.0001 0.0001 0.0000 0.0006 0.0000 0.0000 0.0000 0.0000 0.0008 0.0001 0.0002 0.0026 0.0002 0.0001 0.0001 0.0003 0.0001 0.0001 0.0001 0.0003 0.0001 0.0001 0.0003 0.0003 0.0004 0.0005 0.0015 0.0009 0.0007 0.0005 0.0018 0.0017 0.0026 0.0024 0.0035 0.0003 0.0004 0.0003 0.0002 0.0001 0.0000 0.0000 0.0000 0.0000 0.0000 0.0000 0.0000 0.0000 0.0002 0.0000 0.0001 0.0002
0.0006 0.0008 0.0005 0.0059 0.0022 0.0131 0.0001 0.0078 0.0000 0.0000 0.0002 0.0005 0.0001 0.0000 0.0000 0.0001 0.0000 0.0000 0.0000 0.0001 0.0000 0.0000 0.0001 0.0109 0.0016 0.0001 0.0002 0.0001 0.0006 0.0009 0.0005 0.0002 0.0021 0.0088 0.0051 0.0178 0.0533 0.0779 0.1456 0.0720 0.0609 0.0836 0.0746 0.0575 0.0580 0.0112 0.0001 0.0000 0.0001 0.0001 0.0016 0.0007 0.0004 0.0005 0.0003 0.0000 0.0003 0.0000 0.0001 0.0001 0.0000 0.0003 0.0003 0.0007
0.0125 0.0266 0.0253 0.0192 0.0001 0.0303 0.0001 0.0287 0.0001 0.0000 0.0000 0.0000 0.0001 0.0000 0.0000 0.0000 0.0000 0.0000 0.0001 0.0043 0.0260 0.0021 0.0370 0.0001 0.0248 0.0713 0.0002 0.0003 0.0006 0.0005 0.0002 0.0003 0.0025 0.0003 0.0002 0.0159 0.0082 0.0013 0.0014 0.0044 0.0027 0.0016 0.0036 0.0030 0.0039 0.0033 0.0025 0.0022 0.0007 0.0055 0.0019 0.0055 0.0035 0.0015 0.0011 0.0018 0.0013 0.0012 0.0010 0.0005 0.0003 0.0001 0.0002 0.0000
0.0001 0.0000 0.0000 0.0001 0.0001 0.0001 0.0001 0.0001 0.0015 0.0000 0.0000 0.0000 0.0000 0.0001 0.0000 0.0000 0.0000 0.0000 0.0000 0.0001 0.0001 0.0001 0.0001 0.0002 0.0037 0.0040 0.0049 0.0061 0.0000 0.0001 0.0001 0.0001 0.0001 0.0001 0.0001 0.0001 0.0000 0.0001 0.0001 0.0001 0.0001 0.0001 0.0001 0.0012 0.0001 0.0001 0.0001 0.0001 0.0001 0.0000 0.0001 0.0001 0.0000 0.0000 0.0000 0.0000 0.0012 0.0010 0.0000 0.0001 0.0000 0.0000 0.0000 0.0000
0.0000 0.0000 0.0000 0.0000 0.0001 0.0000 0.0000 0.0003 0.0000 0.0000 0.0000 0.0001 0.0001 0.0789 0.0635 0.0478 0.0862 0.1254 0.1073 0.1366 0.1464 0.2211 0.1887 0.1016 0.1026 0.1230 0.2050 0.1832 0.2427 0.2605 0.3195 0.1539 0.0004 0.0006 0.0113 0.0001 0.0002 0.0012 0.0004 0.0054 0.0686 0.0083 0.1467 0.0373 0.0087 0.1751 0.0221 0.0046 0.0001 0.0050 0.0083 0.0517 0.0372 0.0402 0.0000 0.0085 0.0635 0.0652 0.0096 0.0786 0.0167 0.1085 0.0380 0.0274
0.0171 0.0000 0.0000 0.0001 0.0000 0.0001 0.0001 0.0001 0.0000 0.0000 0.0000 0.0000 0.0000 0.0001 0.0002 0.0000 0.0002 0.0007 0.0008 0.0002 0.0010 0.0423 0.0182 0.0530 0.0465 0.0002 0.0007 0.0274 0.0002 0.0001 0.0001 0.0001 0.0001 0.0024 0.0032 0.0004 0.0002 0.0053 0.0028 0.0009 0.0007 0.0016 0.0292 0.0008 0.0323 0.0001 0.0001 0.0001 0.0000 0.0001 0.0001 0.0001 0.0002 0.0002 0.0001 0.0001 0.0000 0.0001 0.0001 0.0000 0.0000 0.0000 0.0000 0.0000
0.0039 0.0265 0.0000 0.0005 0.0399 0.0004 0.0276 0.0008 0.0678 0.0578 0.0739 0.0527 0.0663 0.0612 0.0472 0.0690 0.0734 0.0659 0.0663 0.0495 0.0573 0.0363 0.0544 0.0512 0.0395 0.0541 0.0313 0.0020 0.0001 0.0000 0.0001 0.0001 0.0001 0.0000 0.0001 0.0001 0.0000 0.0001 0.0001 0.0001 0.0001 0.0001 0.0001 0.0001 0.0001 0.0001 0.0001 0.0001 0.0001 0.0000 0.0001 0.0000 0.0000 0.0001 0.0000 0.0000 0.0000 0.0000 0.0001 0.0000 0.0000 0.0000 0.0000 0.0008
0.0001 0.0001 0.0000 0.0022 0.0000 0.0001 0.0001 0.0001 0.0001 0.0000 0.0000 0.0000 0.0001 0.0000 0.0000 0.0001 0.0013 0.0088 0.0095 0.0187 0.0855 0.0021 0.0393 0.0255 0.0188 0.0094 0.0080 0.0148 0.0110 0.0354 0.0327 0.0205 0.0109 0.0008 0.0014 0.0002 0.0001 0.0001 0.0002 0.0001 0.0001 0.0001 0.0001 0.0001 0.0001 0.0001 0.0001 0.0001 0.0000 0.0000 0.0001 0.0001 0.0012 0.0007 0.0001 0.0000 0.0000 0.0000 0.0000 0.0000 0.0000 0.0000 0.0000 0.0000
0.0000 0.0001 0.0000 0.0001 0.0000 0.0000 0.0001 0.0001 0.0001 0.0001 0.0001 0.0000 0.0001 0.0000 0.0003 0.0017 0.0004 0.0004 0.0004 0.0016 0.0018 0.0022 0.0035 0.0055 0.0037 0.0027 0.0017 0.0023 0.0010 0.0015 0.0013 0.0000 0.0027 0.0011 0.0000 0.0005 0.0001 0.0000 0.0010 0.0005 0.0004 0.0012 0.0024 0.0023 0.0019 0.0013 0.0012 0.0010 0.0010 0.0002 0.0002 0.0002 0.0001 0.0001 0.0000 0.0000 0.0000 0.0000 0.0000 0.0000 0.0000 0.0000 0.0000 0.0000
0.0001 0.0000 0.0000 0.0000 0.0000 0.0000 0.0001 0.0001 0.0008 0.0004 0.0001 0.0001 0.0001 0.0001 0.0001 0.0001 0.0000 0.0000 0.0000 0.0001 0.0000 0.0001 0.0002 0.0003 0.0031 0.0003 0.0006 0.0005 0.0008 0.0004 0.0160 0.0004 0.0006 0.0004 0.0011 0.0005 0.0005 0.0006 0.0009 0.0011 0.0006 0.0010 0.0008 0.0009 0.0004 0.0011 0.0008 0.0002 0.0001 0.0001 0.0001 0.0001 0.0001 0.0000 0.0000 0.0002 0.0039 0.0014 0.0002 0.0000 0.0000 0.0001 0.0001 0.0001
0.0000 0.0000 0.0000 0.0001 0.0000 0.0000 0.0002 0.0001 0.0000 0.0000 0.0000 0.0000 0.0000 0.0001 0.0000 0.0000 0.0000 0.0001 0.0730 0.0018 0.0001 0.0000 0.0001 0.0002 0.0001 0.0001 0.0001 0.0001 0.0000 0.0000 0.0001 0.0001 0.0001 0.0001 0.0001 0.0000 0.0000 0.0001 0.0001 0.0001 0.0000 0.0001 0.0001 0.0001 0.0001 0.0001 0.0002 0.0006 0.0016 0.0016 0.0041 0.0042 0.0047 0.0111 0.0005 0.0000 0.0000 0.0001 0.0000 0.0000 0.0000 0.0000 0.0000 0.0000
