0.0387 0.0589 0.0610 0.0150 0.0000 0.0000 0.0000 0.0000 0.0000 0.0000 0.0000 0.0000 0.0000 0.0000 0.0000 0.0000 0.0000 0.0000 0.0000 0.0000 0.0000 0.0000 0.0000 0.0000 0.0000 0.0000 0.0000 0.0000 0.0000 0.0000 0.0000 0.0000 0.0000 0.0000 0.0000 0.0000 0.0000 0.0000 0.0000 0.0000 0.0000 0.0000 0.0000 0.0000 0.0000 0.0052 0.0196 0.0174 0.0296 0.0414 0.0540 0.0594 0.0010 0.0147 0.0169 0.0065 0.0223 0.0299 0.0720 0.0272 0.0159 0.0131 0.0023 0.0026
0.0000 0.0000 0.0000 0.0000 0.0000 0.0000 0.0000 0.0000 0.0000 0.0001 0.0001 0.0000 0.0000 0.0000 0.0000 0.0256 0.0000 0.0000 0.0000 0.0000 0.0269 0.0000 0.0000 0.0126 0.0227 0.0366 0.0000 0.0560 0.0980 0.2051 0.3242 0.3311 0.0443 0.0624 0.0000 0.0000 0.0000 0.0000 0.0000 0.6705 0.5188 0.4701 0.2760 0.2984 0.6068 0.3463 0.0000 0.0175 0.0004 0.0000 0.1969 0.0842 0.0000 0.0000 0.0000 0.0000 0.0000 0.0126 0.0001 0.0000 0.0000 0.0000 0.2881 0.2602
0.0000 0.0000 0.0000 0.0000 0.0000 0.0000 0.0000 0.0000 0.0000 0.0000 0.0000 0.0000 0.0000 0.0958 0.0000 0.0000 0.0000 0.0000 0.0000 0.0000 0.0001 0.0000 0.0020 0.0000 0.0064 0.0017 0.0000 0.0000 0.0000 0.0000 0.0000 0.0000 0.0000 0.0000 0.0000 0.0000 0.0000 0.0000 0.0035 0.0149 0.0193 0.0220 0.0551 0.0290 0.0377 0.0331 0.0520 0.0410 0.0331 0.0391 0.0005 0.0008 0.0000 0.0000 0.0003 0.0006 0.0007 0.0000 0.0000 0.0000 0.0000 0.0000 0.0000 0.0000
0.0000 0.0000 0.0000 0.0000 0.0000 0.0000 0.0000 0.0000 0.0000 0.0000 0.0000 0.0000 0.0000 0.0000 0.0000 0.0000 0.0000 0.0000 0.0000 0.0000 0.0000 0.0000 0.0000 0.0000 0.0000 0.0000 0.0000 0.0000 0.0000 0.0000 0.0000 0.0000 0.0000 0.0000 0.0000 0.0000 0.0000 0.0000 0.0000 0.0000 0.0000 0.0000 0.0000 0.0000 0.0000 0.0000 0.0000 0.0000 0.0000 0.0000 0.0000 0.0000 0.0000 0.0000 0.0000 0.0000 0.0000 0.0000 0.0000 0.0000 0.0000 0.0000 0.0000 0.0000
0.0000 0.0006 0.0001 0.0001 0.0000 0.0000 0.0000 0.0000 0.0000 0.0000 0.0001 0.0007 0.0000 0.0000 0.0000 0.0000 0.0000 0.0564 0.0006 0.0000 0.0009 0.0000 0.0000 0.0000 0.0000 0.0000 0.0000 0.0000 0.0000 0.0000 0.0000 0.0013 0.0000 0.0000 0.0020 0.0047 0.0035 0.0035 0.0054 0.0060 0.0051 0.0085 0.0081 0.0001 0.0004 0.0001 0.0003 0.0001 0.0000 0.0004 0.0085 0.0000 0.0000 0.0000 0.0051 0.0068 0.0000 0.0000 0.0000 0.0000 0.0000 0.0001 0.0000 0.0001
0.7178 0.6540 0.6349 0.5969 0.6335 0.6542 0.5832 0.6271 0.6159 0.5558 0.5475 0.4793 0.4603 0.2382 0.6185 0.1017 0.7273 0.4423 0.4210 0.4427 0.2723 0.1281 0.0000 0.4657 0.3876 0.3723 0.3065 0.3664 0.0186 0.0000 0.0095 0.0444 0.4016 0.3214 0.0384 0.2921 0.1905 0.1196 0.0698 0.0001 0.0000 0.0000 0.0000 0.0000 0.0000 0.0000 0.0000 0.0000 0.0000 0.0000 0.0000 0.0000 0.0000 0.0000 0.0000 0.0000 0.0000 0.0000 0.0000 0.0000 0.0000 0.0000 0.0002 0.0001
0.0000 0.0000 0.0000 0.0000 0.0259 0.0112 0.0114 0.0030 0.0000 0.0000 0.0000 0.0370 0.0423 0.0007 0.0000 0.0001 0.0106 0.0000 0.0002 0.0006 0.0000 0.3409 0.3119 0.0000 0.0001 0.0129 0.0572 0.0000 0.0000 0.0000 0.0121 0.0026 0.0039 0.0030 0.0007 0.0000 0.0000 0.0000 0.0000 0.0000 0.0000 0.0000 0.0002 0.0000 0.0000 0.0002 0.0001 0.0307 0.0025 0.0052 0.0000 0.0000 0.0246 0.0335 0.0638 0.0592 0.0841 0.0951 0.1046 0.0000 0.0000 0.0001 0.0001 0.0000
0.0001 0.0001 0.0001 0.0000 0.0000 0.0000 0.0000 0.0000 0.0000 0.0000 0.0000 0.0000 0.0000 0.0000 0.0000 0.0000 0.0000 0.0000 0.0000 0.0000 0.0004 0.0000 0.0000 0.0000 0.0000 0.0000 0.0000 0.0001 0.0000 0.0001 0.0001 0.0000 0.0000 0.0000 0.0000 0.0000 0.0000 0.0000 0.0000 0.0000 0.0000 0.0000 0.0000 0.0000 0.0000 0.0000 0.0000 0.0000 0.0000 0.0000 0.0325 0.0000 0.0653 0.0587 0.0580 0.0832 0.0363 0.0000 0.0000 0.0000 0.0000 0.0000 0.0000 0.0000
0.0000 0.0000 0.0000 0.0003 0.0003 0.0001 0.0004 0.0009 0.0008 0.0001 0.0000 0.0000 0.0000 0.0000 0.0000 0.0001 0.0000 0.0000 0.0000 0.0001 0.0000 0.0000 0.0000 0.0000 0.0009 0.0000 0.0011 0.0007 0.0039 0.0164 0.0065 0.0109 0.0043 0.0013 0.0000 0.0000 0.0003 0.0001 0.0002 0.0004 0.0063 0.0000 0.0000 0.0000 0.0000 0.0000 0.0000 0.0000 0.0000 0.0000 0.0002 0.0000 0.0000 0.0000 0.0000 0.0000 0.0000 0.0000 0.0000 0.0000 0.0000 0.0000 0.0000 0.0000
0.0000 0.0000 0.0000 0.0000 0.0000 0.0000 0.0000 0.0000 0.0000 0.0000 0.0000 0.0000 0.0000 0.0000 0.0000 0.0000 0.0179 0.0000 0.0000 0.0000 0.0263 0.0000 0.0000 0.0489 0.0000 0.0001 0.0661 0.0392 0.0704 0.1044 0.0566 0.0873 0.0992 0.0961 0.0454 0.0387 0.0389 0.0508 0.1589 0.0134 0.0014 0.2810 0.0075 0.2427 0.0043 0.3484 0.4553 0.4784 0.5276 0.5777 0.4396 0.4634 0.4435 0.7171 0.7249 0.6713 0.6907 0.7002 0.4105 0.7388 0.6630 0.6650 0.1024 0.3668
0.0000 0.0000 0.0000 0.0000 0.0000 0.0000 0.0000 0.0000 0.0000 0.0000 0.0000 0.0000 0.0000 0.0000 0.0000 0.0000 0.0000 0.0000 0.0000 0.0000 0.0000 0.0000 0.0000 0.0000 0.0000 0.0000 0.0000 0.0000 0.0000 0.0000 0.0000 0.0000 0.0000 0.0000 0.0000 0.0000 0.0000 0.0000 0.0000 0.0000 0.0000 0.0000 0.0000 0.0000 0.0000 0.0000 0.0000 0.0000 0.0000 0.0000 0.0000 0.0000 0.0000 0.0000 0.0000 0.0000 0.0000 0.0000 0.0000 0.0000 0.0000 0.0000 0.0000 0.0000
0.0230 0.0403 0.1203 0.1676 0.1767 0.1881 0.2074 0.1585 0.1887 0.2135 0.2202 0.3638 0.4779 0.0320 0.3107 0.0446 0.1455 0.4626 0.3978 0.3793 0.0879 0.1084 0.0086 0.2504 0.3355 0.2049 0.1362 0.0726 0.3493 0.2955 0.3014 0.2130 0.0877 0.0068 0.2885 0.1065 0.1210 0.1253 0.1438 0.0015 0.0010 0.0139 0.0989 0.1218 0.0703 0.0000 0.0000 0.0000 0.0343 0.0000 0.0000 0.0000 0.0000 0.0000 0.0000 0.0000 0.0000 0.0000 0.0000 0.0000 0.0000 0.0000 0.0095 0.0161
0.0000 0.0000 0.0000 0.0000 0.0000 0.0000 0.0002 0.0000 0.0000 0.0000 0.0000 0.0000 0.0000 0.0000 0.0000 0.0000 0.0000 0.0000 0.0000 0.0000 0.0000 0.0000 0.0000 0.0000 0.0000 0.0000 0.0000 0.0000 0.0000 0.0000 0.0000 0.0000 0.0000 0.0000 0.0000 0.0000 0.0000 0.0000 0.0000 0.0000 0.0000 0.0000 0.0000 0.0000 0.0000 0.0000 0.0000 0.0000 0.0000 0.0000 0.0000 0.0000 0.0000 0.0000 0.0000 0.0000 0.0000 0.0000 0.0000 0.0000 0.0000 0.0000 0.0000 0.0000
0.0000 0.0008 0.0000 0.0000 0.0000 0.0000 0.0000 0.0000 0.0000 0.0000 0.0000 0.0000 0.0000 0.0000 0.0000 0.0000 0.0000 0.0000 0.0000 0.0000 0.0000 0.0000 0.0000 0.0000 0.0000 0.0000 0.0000 0.0000 0.0000 0.0000 0.0000 0.0009 0.0004 0.0000 0.0010 0.0030 0.0025 0.0024 0.0038 0.0062 0.0037 0.0103 0.0039 0.0042 0.0055 0.0042 0.0066 0.0028 0.0021 0.0013 0.0012 0.0036 0.0001 0.0000 0.0000 0.0002 0.0000 0.0000 0.0096 0.0000 0.0000 0.0001 0.0002 0.0212
0.0000 0.0000 0.0000 0.0000 0.0000 0.0000 0.0000 0.0000 0.0000 0.0000 0.0000 0.0000 0.0000 0.0000 0.0000 0.0000 0.0000 0.0000 0.0000 0.0000 0.0000 0.0000 0.0019 0.0000 0.0000 0.0001 0.0000 0.0000 0.0010 0.0000 0.0000 0.0000 0.0000 0.0000 0.0000 0.0000 0.0000 0.0000 0.0000 0.0000 0.0000 0.0000 0.0000 0.0000 0.0000 0.0000 0.0038 0.0000 0.0348 0.0549 0.0000 0.0000 0.1027 0.0049 0.0000 0.0000 0.0000 0.0000 0.0000 0.0000 0.0000 0.0000 0.0000 0.0000
0.0000 0.0000 0.0000 0.0000 0.0000 0.0000 0.0001 0.0000 0.0000 0.0000 0.0000 0.0000 0.0000 0.0000 0.0000 0.0000 0.0000 0.0000 0.0000 0.0000 0.0001 0.0000 0.0000 0.0000 0.0000 0.0002 0.0000 0.0000 0.0000 0.0000 0.0000 0.0028 0.0000 0.0000 0.0000 0.0000 0.0000 0.0000 0.0000 0.0000 0.0008 0.0005 0.0004 0.0011 0.0020 0.0022 0.0040 0.0000 0.0013 0.0041 0.0000 0.0000 0.0000 0.0000 0.0000 0.0000 0.0009 0.0013 0.0450 0.0040 0.0066 0.0168 0.0188 0.0058
0.0000 0.0000 0.0000 0.0000 0.0000 0.0000 0.0000 0.0000 0.0000 0.0000 0.0000 0.0000 0.0000 0.0000 0.0000 0.0000 0.0000 0.0000 0.0000 0.0000 0.0000 0.0000 0.0000 0.0000 0.0001 0.0000 0.0000 0.0000 0.0000 0.0000 0.0000 0.0000 0.0001 0.0000 0.0003 0.0000 0.0001 0.0001 0.0001 0.0025 0.0004 0.0000 0.0000 0.0000 0.0010 0.0002 0.0001 0.0059 0.0491 0.0064 0.0440 0.0036 0.0010 0.0005 0.0003 0.0038 0.0000 0.0006 0.0000 0.0000 0.0000 0.0000 0.0000 0.0000
0.0000 0.0117 0.0488 0.1237 0.0026 0.0091 0.1037 0.0814 0.1013 0.1141 0.1100 0.0766 0.0001 0.2461 0.0088 0.2698 0.0011 0.0083 0.0228 0.0041 0.0203 0.0000 0.0000 0.0000 0.0000 0.0000 0.0000 0.0000 0.0011 0.0001 0.0003 0.0000 0.0000 0.0000 0.0000 0.0000 0.0000 0.0007 0.0001 0.0000 0.0000 0.0002 0.0000 0.0000 0.0000 0.0000 0.0000 0.0000 0.0000 0.0000 0.0000 0.0000 0.0000 0.0000 0.0000 0.0000 0.0000 0.0000 0.0000 0.0000 0.0000 0.0000 0.0004 0.0014
0.0000 0.0000 0.0000 0.0264 0.0661 0.0750 0.0279 0.0585 0.0335 0.0069 0.0559 0.0001 0.0000 0.0000 0.0000 0.0000 0.0000 0.0000 0.0000 0.0002 0.0000 0.0000 0.0000 0.0000 0.0000 0.0000 0.0000 0.0000 0.0000 0.0000 0.0000 0.0000 0.0000 0.0000 0.0000 0.0000 0.0000 0.0000 0.0000 0.0000 0.0000 0.0322 0.0810 0.0000 0.0000 0.0000 0.0000 0.0000 0.0000 0.0000 0.0000 0.0003 0.0160 0.0000 0.0000 0.0000 0.0000 0.0042 0.0000 0.0000 0.0000 0.0000 0.0000 0.0000
0.0018 0.0000 0.0010 0.0014 0.0008 0.0013 0.0017 0.0011 0.0005 0.0000 0.0000 0.0000 0.0001 0.0001 0.0002 0.0000 0.0000 0.0000 0.0000 0.0027 0.0001 0.0000 0.1300 0.0000 0.0000 0.0000 0.0000 0.0000 0.0109 0.0022 0.0000 0.0000 0.0000 0.0012 0.0000 0.0000 0.0000 0.0000 0.0001 0.0001 0.0000 0.0000 0.0000 0.0000 0.0001 0.0053 0.0000 0.0000 0.0000 0.0000 0.0000 0.0001 0.0000 0.0017 0.0000 0.0000 0.0000 0.0165 0.0469 0.0448 0.0570 0.0788 0.0709 0.0187
0.0000 0.0000 0.0000 0.0000 0.0001 0.0000 0.0001 0.0000 0.0000 0.0000 0.0000 0.0001 0.0001 0.0001 0.0000 0.0001 0.0000 0.0000 0.0000 0.0001 0.0009 0.0096 0.0007 0.0004 0.0000 0.0000 0.0000 0.0000 0.0000 0.0000 0.0000 0.0001 0.0000 0.0000 0.0000 0.0000 0.0000 0.0000 0.0000 0.0000 0.0000 0.0000 0.0000 0.0000 0.0000 0.0000 0.0000 0.0000 0.0000 0.0000 0.0000 0.0000 0.0000 0.0000 0.0000 0.0000 0.0000 0.0000 0.0000 0.0000 0.0000 0.0000 0.2018 0.0000
0.0000 0.0000 0.0000 0.0000 0.0000 0.0000 0.0000 0.0000 0.0000 0.0000 0.0000 0.0000 0.0000 0.0000 0.0000 0.0000 0.0000 0.0000 0.0000 0.0000 0.0000 0.0000 0.0000 0.0000 0.0000 0.0000 0.0000 0.0000 0.0000 0.0000 0.0000 0.0000 0.0000 0.0000 0.0000 0.0000 0.0000 0.0000 0.0000 0.0000 0.0000 0.0082 0.0000 0.0000 0.0000 0.0000 0.0000 0.0036 0.0010 0.0003 0.0005 0.0020 0.0023 0.0030 0.0019 0.0012 0.0005 0.0006 0.0007 0.0003 0.0000 0.0003 0.0000 0.0000
0.0000 0.0000 0.0000 0.0000 0.0000 0.0000 0.0000 0.0000 0.0000 0.0000 0.0000 0.0000 0.0000 0.0000 0.0000 0.0000 0.0000 0.0000 0.0000 0.0000 0.0000 0.0000 0.0000 0.0006 0.0000 0.0000 0.0000 0.0004 0.0000 0.0014 0.0001 0.0001 0.0000 0.0000 0.0000 0.0000 0.0000 0.0000 0.0000 0.0000 0.0000 0.0000 0.0000 0.0000 0.0000 0.0000 0.0001 0.0000 0.0001 0.0000 0.0000 0.0000 0.0000 0.0000 0.0000 0.0000 0.0000 0.0000 0.0000 0.0000 0.0000 0.0000 0.0000 0.0000
0.0000 0.0000 0.0000 0.0000 0.0000 0.0000 0.0000 0.0000 0.0000 0.0000 0.0000 0.0000 0.0000 0.0000 0.0000 0.0000 0.0000 0.0000 0.0000 0.0000 0.0000 0.0000 0.0000 0.0000 0.0000 0.0000 0.0000 0.0000 0.0000 0.0000 0.0000 0.0000 0.0000 0.0000 0.0000 0.0000 0.0000 0.0000 0.0000 0.0000 0.0000 0.0000 0.0000 0.0000 0.0000 0.0000 0.0000 0.0000 0.0000 0.0000 0.0000 0.0000 0.0000 0.0000 0.0000 0.0000 0.0000 0.0000 0.0000 0.0000 0.0000 0.0000 0.0000 0.0000
0.0001 0.0001 0.0004 0.0008 0.0009 0.0007 0.0005 0.0004 0.0005 0.0003 0.0005 0.0008 0.0008 0.0006 0.0004 0.0015 0.0006 0.0006 0.0007 0.0004 0.0004 0.0006 0.0001 0.0001 0.0001 0.0001 0.0011 0.0012 0.0011 0.0025 0.0007 0.0007 0.0001 0.0003 0.0000 0.0000 0.0000 0.0000 0.0001 0.0001 0.0000 0.0000 0.0001 0.0019 0.0000 0.0000 0.0000 0.0001 0.0002 0.0000 0.0002 0.0001 0.0002 0.0000 0.0000 0.0004 0.0015 0.0001 0.0000 0.0000 0.0001 0.0000 0.0004 0.0005
0.0000 0.0000 0.0000 0.0000 0.0000 0.0000 0.0000 0.0000 0.0000 0.0000 0.0000 0.0000 0.0000 0.0000 0.0000 0.0000 0.0000 0.0000 0.0000 0.0000 0.0000 0.0000 0.0000 0.0000 0.0000 0.0000 0.0000 0.0000 0.0000 0.0000 0.0000 0.0000 0.0000 0.0000 0.0000 0.0000 0.0000 0.0000 0.0000 0.0000 0.0000 0.0000 0.0000 0.0000 0.0000 0.0000 0.0000 0.0000 0.0000 0.0000 0.0000 0.0000 0.0000 0.0000 0.0000 0.0000 0.0000 0.0000 0.0000 0.0000 0.0000 0.0000 0.0000 0.0000
0.0000 0.0000 0.0000 0.0000 0.0000 0.0000 0.0000 0.0000 0.0000 0.0000 0.0000 0.0000 0.0000 0.0000 0.0000 0.0000 0.0000 0.0000 0.0000 0.0000 0.0000 0.0000 0.0000 0.0000 0.0000 0.0000 0.0000 0.0000 0.0000 0.0000 0.0000 0.0001 0.0000 0.0000 0.0000 0.0000 0.0000 0.0000 0.0000 0.0419 0.0516 0.0098 0.0798 0.0540 0.0101 0.0273 0.0000 0.0000 0.0000 0.0000 0.0000 0.0000 0.0000 0.0000 0.0000 0.0000 0.0000 0.0000 0.0000 0.0000 0.0000 0.0004 0.0000 0.0278
0.0000 0.0000 0.0000 0.0000 0.0000 0.0000 0.0000 0.0000 0.0000 0.0000 0.0000 0.0000 0.0000 0.0000 0.0000 0.0000 0.0000 0.0000 0.0000 0.0000 0.0000 0.0000 0.0000 0.0000 0.0000 0.0000 0.0000 0.0000 0.0000 0.0000 0.0000 0.0000 0.0000 0.0000 0.0000 0.0000 0.0000 0.0000 0.0001 0.0001 0.0005 0.0002 0.0049 0.0005 0.0016 0.0017 0.0051 0.0043 0.0012 0.0001 0.0000 0.0000 0.0000 0.0000 0.0000 0.0000 0.0000 0.0000 0.0000 0.0000 0.0000 0.0000 0.0000 0.0000
0.0000 0.0000 0.0000 0.0000 0.0000 0.0000 0.0000 0.0000 0.0000 0.0000 0.0000 0.0000 0.0000 0.0000 0.0000 0.0000 0.0000 0.0000 0.0000 0.0000 0.0000 0.0000 0.0000 0.0000 0.0000 0.0000 0.0000 0.0000 0.0000 0.0001 0.0000 0.0000 0.0000 0.0000 0.0000 0.0000 0.0000 0.0000 0.0000 0.0000 0.0000 0.0000 0.0000 0.0000 0.0000 0.0000 0.0000 0.0000 0.0000 0.0000 0.0000 0.0000 0.0000 0.0000 0.0000 0.0000 0.0000 0.0000 0.0000 0.0000 0.0000 0.0000 0.0000 0.0000
0.0000 0.0000 0.0000 0.0000 0.0000 0.0000 0.0196 0.0089 0.0107 0.0098 0.0011 0.0004 0.0005 0.0003 0.0002 0.0006 0.0000 0.0000 0.0000 0.0000 0.0000 0.0000 0.0213 0.0153 0.0002 0.0231 0.0000 0.0017 0.0000 0.0000 0.0000 0.0000 0.0000 0.0000 0.0000 0.0000 0.0000 0.0000 0.0000 0.0000 0.0000 0.0001 0.0149 0.0030 0.0431 0.0024 0.0061 0.0011 0.0011 0.0001 0.0029 0.0269 0.0084 0.0036 0.0034 0.0034 0.0031 0.0060 0.0057 0.0047 0.0048 0.0146 0.0432 0.0104
0.0000 0.0000 0.0000 0.0000 0.0000 0.0000 0.0000 0.0000 0.0000 0.0000 0.0000 0.0000 0.0000 0.0000 0.0000 0.0000 0.0000 0.0000 0.0000 0.0000 0.0000 0.0000 0.0000 0.0000 0.0000 0.0000 0.0000 0.0000 0.0000 0.0000 0.0000 0.0000 0.0000 0.0019 0.0001 0.0001 0.0000 0.0000 0.0000 0.0000 0.0000 0.0000 0.0000 0.0000 0.0000 0.0000 0.0000 0.0000 0.0000 0.0000 0.0000 0.0000 0.0000 0.0000 0.0000 0.0000 0.0000 0.0000 0.0000 0.0000 0.0000 0.0000 0.0000 0.0000
0.0000 0.0000 0.0000 0.0000 0.0001 0.0000 0.0005 0.0000 0.0000 0.0000 0.0000 0.0000 0.0000 0.0000 0.0000 0.0000 0.0000 0.0000 0.0000 0.0000 0.0000 0.0000 0.0000 0.0000 0.0000 0.0000 0.0000 0.0000 0.0017 0.0000 0.0000 0.0000 0.0000 0.0000 0.0000 0.0000 0.0000 0.0000 0.0000 0.0000 0.0000 0.0000 0.0000 0.0002 0.0000 0.0000 0.0001 0.0000 0.0000 0.0002 0.0000 0.0000 0.0000 0.0000 0.0000 0.0000 0.0000 0.0000 0.0000 0.0000 0.0002 0.0000 0.0000 0.0000
0.0027 0.0005 0.0000 0.0013 0.0009 0.0008 0.0012 0.0014 0.0005 0.0012 0.0006 0.0001 0.0000 0.0000 0.0000 0.0000 0.0000 0.0000 0.0135 0.0132 0.0009 0.0003 0.0005 0.0078 0.0033 0.0078 0.0001 0.0000 0.0000 0.0000 0.0010 0.0000 0.0000 0.0026 0.0000 0.0000 0.0000 0.0000 0.0000 0.0026 0.0007 0.0001 0.0000 0.0001 0.0000 0.0000 0.0000 0.0000 0.0000 0.0000 0.0011 0.0049 0.0449 0.0466 0.0229 0.0550 0.0435 0.0187 0.0053 0.0000 0.0002 0.0173 0.0108 0.0184
0.0002 0.0001 0.0000 0.0000 0.0000 0.0000 0.0000 0.0000 0.0000 0.0000 0.0000 0.0000 0.0000 0.0000 0.0000 0.0000 0.0000 0.0000 0.0000 0.0000 0.0000 0.0000 0.0000 0.0000 0.0000 0.0000 0.0000 0.0000 0.0000 0.0000 0.0000 0.0000 0.0000 0.0000 0.0000 0.0000 0.0000 0.0000 0.0000 0.0000 0.0000 0.0000 0.0000 0.0001 0.0012 0.0011 0.0002 0.0001 0.0005 0.0006 0.0005 0.0001 0.0058 0.0002 0.0006 0.0003 0.0004 0.0011 0.0039 0.0010 0.0013 0.0000 0.0000 0.0001
0.0000 0.0000 0.0000 0.0000 0.0001 0.0000 0.0021 0.0000 0.0025 0.0000 0.0000 0.0000 0.0003 0.0000 0.0000 0.0001 0.0001 0.0001 0.0000 0.0000 0.0000 0.0000 0.0000 0.0000 0.0000 0.0000 0.0000 0.0000 0.0000 0.0000 0.0000 0.0000 0.0000 0.0000 0.0000 0.0000 0.0000 0.0000 0.0001 0.0000 0.0000 0.0000 0.0000 0.0000 0.0000 0.0000 0.0000 0.0000 0.0000 0.0000 0.0000 0.0000 0.0016 0.0004 0.0000 0.0001 0.0000 0.0023 0.0000 0.0000 0.0000 0.0000 0.0000 0.0000
0.0000 0.0000 0.0324 0.0421 0.0000 0.0230 0.0304 0.0296 0.0381 0.0887 0.0526 0.0294 0.0000 0.3790 0.0296 0.3877 0.0015 0.0252 0.1146 0.0977 0.5329 0.2508 0.3963 0.1396 0.1345 0.1144 0.1338 0.1426 0.2767 0.2024 0.1925 0.0042 0.0232 0.0250 0.0000 0.0559 0.1021 0.0857 0.1128 0.0000 0.0000 0.0000 0.0004 0.0004 0.0005 0.0014 0.0551 0.0288 0.0660 0.0315 0.0001 0.0000 0.0205 0.0000 0.0096 0.0010 0.0001 0.0000 0.0000 0.0001 0.0000 0.0000 0.0000 0.0000
0.0000 0.0000 0.0000 0.0000 0.0000 0.0000 0.0000 0.0000 0.0000 0.0002 0.0000 0.0000 0.0005 0.0012 0.0000 0.0000 0.0000 0.0000 0.0000 0.0000 0.0000 0.0000 0.0000 0.0000 0.0000 0.0000 0.0000 0.0000 0.0000 0.0000 0.0000 0.0000 0.0001 0.0001 0.0000 0.0001 0.0001 0.0000 0.0002 0.0000 0.0000 0.0000 0.0023 0.0000 0.0000 0.0000 0.0000 0.0000 0.0000 0.0142 0.0000 0.0234 0.0035 0.0000 0.0007 0.0031 0.0077 0.0000 0.0124 0.0000 0.0000 0.0000 0.0000 0.0000
0.0000 0.0000 0.0000 0.0000 0.0000 0.0000 0.0000 0.0000 0.0000 0.0000 0.0000 0.0000 0.0000 0.0000 0.0000 0.0000 0.0000 0.0000 0.0000 0.0072 0.0000 0.0000 0.0000 0.0021 0.0000 0.0037 0.0057 0.0030 0.0000 0.0054 0.0000 0.0046 0.0065 0.0000 0.0008 0.0007 0.0006 0.0000 0.0009 0.0000 0.0000 0.0178 0.0003 0.0000 0.0000 0.0000 0.0000 0.0295 0.0023 0.0005 0.0028 0.0011 0.0042 0.0059 0.0016 0.0035 0.0011 0.0015 0.0024 0.0000 0.0000 0.0000 0.0000 0.0000
0.0000 0.0000 0.0000 0.0000 0.0000 0.0000 0.0000 0.0000 0.0000 0.0000 0.0000 0.0000 0.0000 0.0000 0.0000 0.0000 0.0000 0.0000 0.0000 0.0000 0.0000 0.0000 0.0000 0.0000 0.0001 0.0000 0.0000 0.0000 0.0000 0.0008 0.0002 0.0000 0.0000 0.0001 0.0000 0.0000 0.0000 0.0000 0.0010 0.0000 0.0000 0.0002 0.0452 0.0145 0.0000 0.0000 0.0068 0.0000 0.0000 0.0000 0.0000 0.0000 0.0000 0.0000 0.0000 0.0000 0.0000 0.0000 0.0000 0.0000 0.0000 0.0000 0.0000 0.0000
0.0000 0.0000 0.0000 0.0000 0.0000 0.0000 0.0000 0.0000 0.0000 0.0000 0.0001 0.0004 0.0000 0.0002 0.0002 0.0006 0.0000 0.0002 0.0000 0.0000 0.0003 0.0000 0.0044 0.0014 0.0000 0.0003 0.0000 0.0000 0.0000 0.0000 0.0000 0.0000 0.0000 0.0000 0.0001 0.0000 0.0000 0.0000 0.0079 0.0489 0.1815 0.0451 0.0885 0.0270 0.0247 0.0307 0.0031 0.0000 0.0000 0.0000 0.0001 0.0000 0.0000 0.0000 0.0001 0.0030 0.0001 0.0020 0.0752 0.0182 0.0022 0.0000 0.0000 0.1651
0.0020 0.0065 0.0005 0.0009 0.0027 0.0021 0.0066 0.0004 0.0001 0.0002 0.0003 0.0042 0.0042 0.0002 0.0006 0.0002 0.0000 0.0000 0.0000 0.0001 0.0001 0.0000 0.0000 0.0000 0.0000 0.0000 0.0000 0.0000 0.0000 0.0000 0.0000 0.0000 0.0000 0.0000 0.0000 0.0000 0.0000 0.0000 0.0000 0.0000 0.0000 0.0000 0.0000 0.0000 0.0228 0.0002 0.0000 0.0000 0.0000 0.0000 0.0000 0.0000 0.0000 0.0000 0.0000 0.0000 0.0000 0.0000 0.0000 0.0000 0.0000 0.0000 0.0000 0.0000
0.0000 0.0000 0.0000 0.0000 0.0000 0.0000 0.0000 0.0035 0.0034 0.0029 0.0058 0.0000 0.0000 0.0000 0.0000 0.0006 0.0000 0.0000 0.0000 0.0000 0.0000 0.0198 0.0000 0.0000 0.0415 0.1448 0.2103 0.2046 0.0211 0.0000 0.0000 0.0000 0.0766 0.2038 0.0000 0.0000 0.0202 0.0000 0.0000 0.0001 0.0000 0.0000 0.0000 0.0014 0.0000 0.0000 0.0000 0.0000 0.0000 0.0000 0.0000 0.0000 0.0000 0.0000 0.0013 0.0000 0.0000 0.0000 0.0000 0.0000 0.0000 0.0000 0.0000 0.0000
0.0000 0.0000 0.0000 0.0000 0.0000 0.0000 0.0000 0.0000 0.0000 0.0000 0.0000 0.0000 0.0000 0.0000 0.0000 0.0000 0.0000 0.0000 0.0000 0.0000 0.0000 0.0000 0.0000 0.0000 0.0000 0.0000 0.0000 0.0000 0.0000 0.0000 0.0000 0.0000 0.0000 0.0000 0.0000 0.0000 0.0000 0.0003 0.0002 0.0002 0.0000 0.0000 0.0000 0.0000 0.0000 0.0000 0.0000 0.0000 0.0000 0.0000 0.0000 0.0000 0.0000 0.0000 0.0000 0.0000 0.0000 0.0000 0.0000 0.0000 0.0000 0.0000 0.0000 0.0000
0.0000 0.0000 0.0000 0.0000 0.0000 0.0000 0.0000 0.0000 0.0000 0.0000 0.0000 0.0000 0.0000 0.0000 0.0000 0.0000 0.0000 0.0000 0.0000 0.0000 0.0000 0.0000 0.0000 0.0000 0.0001 0.0000 0.0000 0.0000 0.0000 0.0000 0.0000 0.0000 0.0000 0.0007 0.0000 0.0000 0.0000 0.0000 0.0000 0.0000 0.0000 0.0000 0.0000 0.0000 0.0000 0.0000 0.0000 0.0001 0.0000 0.0104 0.0014 0.0013 0.0028 0.0002 0.0000 0.0001 0.0001 0.0000 0.0000 0.0039 0.0001 0.0000 0.0000 0.0000
0.0017 0.0020 0.0019 0.0026 0.0024 0.0027 0.0023 0.0028 0.0018 0.0035 0.0020 0.0024 0.0046 0.0020 0.0244 0.0015 0.0007 0.0005 0.0230 0.0443 0.0005 0.0000 0.0001 0.0000 0.0019 0.0012 0.0000 0.0000 0.0297 0.0078 0.0270 0.0989 0.0000 0.0014 0.0000 0.0000 0.0000 0.0000 0.0000 0.0000 0.0000 0.0199 0.0022 0.0768 0.0000 0.1241 0.2319 0.1132 0.0760 0.0834 0.0367 0.0484 0.0540 0.0937 0.0785 0.0850 0.0873 0.0395 0.0815 0.0667 0.1311 0.1319 0.1045 0.0446
0.0000 0.0000 0.0000 0.0000 0.0000 0.0000 0.0000 0.0000 0.0000 0.0000 0.0000 0.0000 0.0000 0.0000 0.0000 0.0000 0.0000 0.0000 0.0000 0.0000 0.0000 0.0000 0.0000 0.0000 0.0000 0.0000 0.0000 0.0000 0.0001 0.0003 0.0001 0.0004 0.0029 0.0000 0.0001 0.0001 0.0001 0.0001 0.0001 0.0001 0.0000 0.0000 0.0001 0.0001 0.0001 0.0001 0.0001 0.0000 0.0001 0.0000 0.0000 0.0001 0.0001 0.0001 0.0001 0.0001 0.0001 0.0001 0.0001 0.0001 0.0000 0.0001 0.0001 0.0001
0.0000 0.0000 0.0000 0.0000 0.0000 0.0000 0.0001 0.0000 0.0000 0.0000 0.0000 0.0000 0.0000 0.0000 0.0000 0.0000 0.0000 0.0000 0.0000 0.0001 0.0000 0.0000 0.0000 0.0000 0.0000 0.0000 0.0000 0.0000 0.0000 0.0000 0.0000 0.0000 0.0000 0.0000 0.0000 0.0000 0.0000 0.0000 0.0000 0.0000 0.0000 0.0000 0.0000 0.0000 0.0000 0.0001 0.0200 0.0168 0.0028 0.0001 0.0007 0.0000 0.0000 0.0002 0.0000 0.0003 0.0006 0.0012 0.0008 0.0003 0.0004 0.0006 0.0006 0.0004
0.0000 0.0000 0.0000 0.0000 0.0000 0.0000 0.0000 0.0000 0.0000 0.0000 0.0000 0.0000 0.0000 0.0000 0.0000 0.0000 0.0000 0.0000 0.0000 0.0000 0.0000 0.0000 0.0000 0.0000 0.0000 0.0000 0.0000 0.0000 0.0002 0.0000 0.0000 0.0000 0.0047 0.0054 0.0017 0.0049 0.0028 0.0024 0.0031 0.0036 0.0029 0.0037 0.0024 0.0029 0.0028 0.0020 0.0027 0.0013 0.0018 0.0076 0.0000 0.0000 0.0000 0.0000 0.0000 0.0000 0.0000 0.0000 0.0000 0.0000 0.0000 0.0000 0.0000 0.0000
0.0016 0.0008 0.0006 0.0000 0.0094 0.0000 0.0000 0.0000 0.0000 0.0000 0.0000 0.0000 0.0000 0.0000 0.0000 0.0001 0.0000 0.0000 0.0000 0.0000 0.0000 0.0000 0.0000 0.0000 0.0000 0.0000 0.0000 0.0000 0.0019 0.0007 0.0017 0.0007 0.0042 0.0000 0.0016 0.0021 0.0017 0.0003 0.0000 0.0004 0.0001 0.0001 0.0010 0.0000 0.0000 0.0003 0.0000 0.0007 0.0000 0.0005 0.0002 0.0007 0.0000 0.0000 0.0000 0.0000 0.0110 0.0000 0.1073 0.0789 0.1086 0.0267 0.0245 0.0000
0.0000 0.0000 0.0000 0.0000 0.0000 0.0000 0.0000 0.0000 0.0000 0.0000 0.0000 0.0000 0.0000 0.0000 0.0000 0.1234 0.0927 0.0000 0.0000 0.0000 0.0242 0.1291 0.0855 0.0054 0.0000 0.0000 0.0000 0.0017 0.0000 0.0000 0.0000 0.0000 0.0609 0.0918 0.0000 0.2137 0.3350 0.4310 0.2790 0.0229 0.0602 0.0304 0.1256 0.1053 0.0419 0.0605 0.1176 0.1608 0.0969 0.1029 0.0508 0.1453 0.0939 0.0000 0.0000 0.0000 0.0002 0.0000 0.0000 0.0001 0.0032 0.0000 0.0000 0.0000
0.0000 0.0003 0.0000 0.0008 0.0008 0.0000 0.0000 0.0000 0.0007 0.0018 0.0017 0.0029 0.0060 0.0028 0.0046 0.0065 0.0011 0.0018 0.0030 0.0058 0.0022 0.0020 0.0048 0.0010 0.0055 0.0000 0.0000 0.0011 0.0124 0.0088 0.0339 0.0000 0.0000 0.0000 0.0000 0.0000 0.0000 0.0000 0.0000 0.0207 0.0000 0.0000 0.0927 0.0000 0.1199 0.0000 0.0000 0.0000 0.0000 0.0000 0.0978 0.0574 0.0000 0.0000 0.0018 0.0011 0.0013 0.0548 0.0000 0.0000 0.0000 0.0000 0.0998 0.0288
0.0000 0.0000 0.0000 0.0000 0.0000 0.0000 0.0000 0.0000 0.0000 0.0000 0.0000 0.0000 0.0000 0.0000 0.0000 0.0000 0.0000 0.0000 0.0000 0.0000 0.0000 0.0000 0.0000 0.0000 0.0000 0.0000 0.0000 0.0000 0.0000 0.0000 0.0000 0.0000 0.0000 0.0000 0.0000 0.0000 0.0000 0.0000 0.0000 0.0000 0.0000 0.0000 0.0000 0.0000 0.0000 0.0000 0.0000 0.0000 0.0000 0.0000 0.0000 0.0000 0.0000 0.0000 0.0000 0.0000 0.0000 0.0000 0.0000 0.0000 0.0000 0.0000 0.0000 0.0000
0.0000 0.0000 0.0000 0.0000 0.0000 0.0000 0.0000 0.0000 0.0000 0.0000 0.0000 0.0000 0.0000 0.0000 0.0000 0.0000 0.0000 0.0000 0.0000 0.0000 0.0000 0.0000 0.0000 0.0000 0.0000 0.0000 0.0000 0.0000 0.0000 0.0000 0.0000 0.0000 0.0000 0.0000 0.0000 0.0000 0.0000 0.0000 0.0000 0.0000 0.0000 0.0000 0.0000 0.0000 0.0000 0.0000 0.0000 0.0000 0.0000 0.0000 0.0000 0.0000 0.0000 0.0000 0.0000 0.0000 0.0000 0.0000 0.0000 0.0000 0.0000 0.0000 0.0000 0.0000
0.0000 0.0000 0.0000 0.0000 0.0000 0.0000 0.0002 0.0001 0.0000 0.0000 0.0000 0.0000 0.0000 0.0000 0.0000 0.0002 0.0000 0.0000 0.0000 0.0000 0.0000 0.0000 0.0000 0.0000 0.0000 0.0000 0.0000 0.0000 0.0000 0.0000 0.0000 0.0000 0.0000 0.0000 0.0000 0.0000 0.0000 0.0000 0.0000 0.0000 0.0000 0.0000 0.0000 0.0000 0.0000 0.0000 0.0000 0.0000 0.0000 0.0000 0.0000 0.0000 0.0001 0.0000 0.0000 0.0000 0.0000 0.0000 0.0000 0.0000 0.0000 0.0000 0.0000 0.0000
0.2103 0.2222 0.0975 0.0184 0.0759 0.0289 0.0000 0.0213 0.0000 0.0000 0.0000 0.0000 0.0000 0.0000 0.0000 0.0269 0.0000 0.0000 0.0000 0.0000 0.0000 0.0000 0.0000 0.0000 0.0001 0.0000 0.0000 0.0000 0.0000 0.0046 0.0196 0.0001 0.0223 0.0003 0.0000 0.0592 0.0467 0.0649 0.0585 0.0000 0.0000 0.0000 0.0000 0.0000 0.0000 0.0000 0.0000 0.0000 0.0000 0.0002 0.0001 0.0000 0.0001 0.0019 0.0000 0.0000 0.0000 0.0000 0.0024 0.0023 0.0000 0.0067 0.0154 0.0068
0.0001 0.0004 0.0004 0.0015 0.0000 0.0023 0.0000 0.0004 0.0000 0.0000 0.0000 0.0000 0.0000 0.0000 0.0000 0.0000 0.0000 0.0000 0.0000 0.0000 0.0006 0.0000 0.0027 0.0000 0.0032 0.0027 0.0000 0.0000 0.0000 0.0000 0.0000 0.0000 0.0000 0.0000 0.0000 0.0000 0.0000 0.0000 0.0000 0.0000 0.0000 0.0000 0.0000 0.0000 0.0000 0.0000 0.0000 0.0000 0.0000 0.0000 0.0000 0.0000 0.0000 0.0000 0.0000 0.0000 0.0000 0.0000 0.0000 0.0000 0.0000 0.0000 0.0000 0.0000
0.0000 0.0000 0.0000 0.0000 0.0000 0.0000 0.0000 0.0000 0.0000 0.0000 0.0000 0.0000 0.0000 0.0000 0.0000 0.0000 0.0000 0.0000 0.0000 0.0000 0.0000 0.0000 0.0000 0.0000 0.0008 0.0005 0.0009 0.0003 0.0000 0.0000 0.0000 0.0000 0.0000 0.0000 0.0000 0.0000 0.0000 0.0000 0.0000 0.0000 0.0000 0.0000 0.0000 0.0000 0.0000 0.0000 0.0000 0.0000 0.0000 0.0000 0.0000 0.0000 0.0000 0.0000 0.0000 0.0000 0.0001 0.0000 0.0000 0.0000 0.0000 0.0000 0.0000 0.0000
0.0000 0.0000 0.0000 0.0000 0.0000 0.0000 0.0000 0.0003 0.0000 0.0000 0.0000 0.0000 0.0000 0.0000 0.0000 0.0000 0.0000 0.0000 0.0000 0.0000 0.0000 0.0000 0.0000 0.0000 0.0000 0.0000 0.0000 0.0001 0.0000 0.0000 0.0000 0.0001 0.0004 0.0000 0.0000 0.0000 0.0000 0.0015 0.0122 0.0259 0.0009 0.0100 0.0077 0.0041 0.0023 0.0018 0.0057 0.0011 0.0000 0.0008 0.0032 0.0397 0.0393 0.0104 0.0000 0.0082 0.0062 0.0053 0.0133 0.0084 0.0052 0.0091 0.0059 0.0040
0.0000 0.0000 0.0000 0.0000 0.0000 0.0000 0.0000 0.0000 0.0000 0.0000 0.0000 0.0001 0.0000 0.0000 0.0000 0.0000 0.0000 0.0000 0.0000 0.0000 0.0000 0.0000 0.0000 0.0000 0.0000 0.0000 0.0000 0.0000 0.0000 0.0002 0.0000 0.0000 0.0000 0.0000 0.0001 0.0050 0.0047 0.0017 0.0157 0.0291 0.0111 0.0084 0.0000 0.0100 0.0000 0.0000 0.0000 0.0000 0.0000 0.0000 0.0000 0.0000 0.0000 0.0000 0.0000 0.0000 0.0000 0.0000 0.0000 0.0000 0.0000 0.0000 0.0000 0.0000
0.0000 0.0004 0.0000 0.0000 0.0008 0.0003 0.0003 0.0000 0.0007 0.0009 0.0011 0.0017 0.0018 0.0007 0.0005 0.0037 0.0007 0.0010 0.0009 0.0011 0.0010 0.0007 0.0022 0.0028 0.0056 0.0022 0.0012 0.0000 0.0000 0.0000 0.0000 0.0000 0.0000 0.0000 0.0000 0.0000 0.0000 0.0000 0.0000 0.0000 0.0000 0.0000 0.0000 0.0000 0.0000 0.0000 0.0000 0.0000 0.0000 0.0000 0.0000 0.0000 0.0000 0.0000 0.0000 0.0000 0.0000 0.0000 0.0000 0.0000 0.0000 0.0000 0.0000 0.0000
0.0000 0.0000 0.0000 0.0000 0.0000 0.0000 0.0000 0.0000 0.0000 0.0000 0.0000 0.0000 0.0000 0.0000 0.0000 0.0000 0.0000 0.0007 0.0018 0.0000 0.0003 0.0000 0.0000 0.0116 0.0251 0.0182 0.0131 0.0124 0.0142 0.0376 0.0123 0.0075 0.0032 0.0101 0.0111 0.0047 0.0000 0.0000 0.0000 0.0000 0.0000 0.0000 0.0000 0.0000 0.0000 0.0000 0.0000 0.0000 0.0000 0.0000 0.0000 0.0000 0.0000 0.0000 0.0000 0.0000 0.0000 0.0000 0.0000 0.0000 0.0000 0.0000 0.0000 0.0000
0.0000 0.0001 0.0000 0.0000 0.0000 0.0000 0.0000 0.0000 0.0000 0.0000 0.0003 0.0000 0.0002 0.0001 0.0012 0.0044 0.0001 0.0001 0.0000 0.0001 0.0002 0.0002 0.0007 0.0007 0.0006 0.0006 0.0004 0.0003 0.0002 0.0008 0.0004 0.0001 0.0003 0.0004 0.0001 0.0002 0.0001 0.0001 0.0002 0.0004 0.0001 0.0003 0.0005 0.0004 0.0008 0.0002 0.0003 0.0004 0.0005 0.0001 0.0001 0.0003 0.0003 0.0002 0.0000 0.0000 0.0000 0.0000 0.0000 0.0000 0.0000 0.0000 0.0000 0.0000
0.0000 0.0000 0.0000 0.0000 0.0000 0.0000 0.0000 0.0000 0.0000 0.0000 0.0000 0.0000 0.0000 0.0000 0.0000 0.0000 0.0000 0.0000 0.0000 0.0000 0.0000 0.0093 0.0263 0.0337 0.0241 0.0514 0.0663 0.0956 0.0872 0.1023 0.0000 0.1880 0.1530 0.1639 0.6079 0.2080 0.1291 0.1091 0.1222 0.0873 0.1334 0.0069 0.0001 0.0001 0.0001 0.0010 0.0033 0.0309 0.0204 0.0016 0.0097 0.0173 0.0130 0.0000 0.0000 0.0000 0.0000 0.0000 0.0000 0.0000 0.0000 0.0182 0.0000 0.0000
0.0000 0.0000 0.0000 0.0000 0.0000 0.0000 0.0002 0.0001 0.0000 0.0000 0.0000 0.0000 0.0000 0.0000 0.0000 0.0000 0.0000 0.0000 0.0000 0.0000 0.0000 0.0000 0.0000 0.0000 0.0000 0.0000 0.0000 0.0000 0.0000 0.0000 0.0000 0.0000 0.0000 0.0000 0.0000 0.0000 0.0000 0.0000 0.0000 0.0000 0.0000 0.0000 0.0000 0.0000 0.0000 0.0000 0.0000 0.0131 0.0144 0.0144 0.0135 0.0154 0.0507 0.0023 0.0083 0.0024 0.0000 0.0061 0.0000 0.0000 0.0000 0.0000 0.0000 0.0000
