0.0059 0.0039 0.0156 0.0156 0.0000 0.0021 0.0000 0.0000 0.0000 0.0000 0.0000 0.0000 0.0000 0.0000 0.0000 0.0000 0.0000 0.0000 0.0000 0.0000 0.0000 0.0000 0.0000 0.0000 0.0000 0.0000 0.0002 0.0002 0.0000 0.0000 0.0000 0.0000 0.0959 0.0969 0.0602 0.0000 0.0000 0.0001 0.0645 0.0155 0.0182 0.0001 0.0007 0.0004 0.0012 0.0001 0.0037 0.0017 0.0014 0.0040 0.0611 0.0025 0.0723 0.0004 0.0170 0.0050 0.0189 0.0147 0.0223 0.0050 0.0052 0.0109 0.0071 0.0026
0.0000 0.0000 0.0000 0.0000 0.0000 0.0000 0.0006 0.0000 0.0007 0.0004 0.0071 0.0036 0.0000 0.0000 0.0000 0.0023 0.0000 0.0000 0.0000 0.0000 0.0007 0.0000 0.0000 0.0005 0.0000 0.0001 0.0000 0.0000 0.0001 0.0001 0.0001 0.0001 0.0002 0.0001 0.0000 0.0000 0.0000 0.0148 0.0000 0.0009 0.0006 0.0003 0.0083 0.0020 0.0012 0.0006 0.0000 0.0000 0.0225 0.0000 0.0010 0.0002 0.0000 0.0000 0.0000 0.0000 0.0000 0.0001 0.0540 0.0000 0.0000 0.0000 0.0002 0.0001
0.0000 0.0000 0.0000 0.0000 0.0000 0.0000 0.0000 0.0000 0.0000 0.0000 0.0000 0.0000 0.0000 0.0040 0.0000 0.0000 0.0000 0.0000 0.0000 0.0005 0.0000 0.0000 0.0001 0.0000 0.0001 0.0001 0.0751 0.0000 0.0011 0.0000 0.0000 0.0001 0.0000 0.0000 0.0000 0.0000 0.0000 0.0000 0.0000 0.0001 0.0001 0.0000 0.0026 0.0001 0.0001 0.0001 0.0001 0.0000 0.0001 0.0001 0.0001 0.0004 0.0000 0.0000 0.0053 0.0021 0.0022 0.0000 0.0000 0.0000 0.0000 0.0000 0.0000 0.0000
0.0000 0.0000 0.0435 0.0252 0.0299 0.0001 0.0030 0.0069 0.0203 0.0144 0.0577 0.0374 0.0424 0.0554 0.0583 0.0452 0.0285 0.0156 0.0087 0.0000 0.0000 0.0000 0.0000 0.0000 0.0000 0.0000 0.0000 0.0000 0.0000 0.0000 0.0000 0.0174 0.0002 0.0001 0.0000 0.0000 0.0127 0.0133 0.0000 0.0000 0.0000 0.0000 0.0000 0.0000 0.0000 0.0000 0.0000 0.0000 0.0000 0.0000 0.0000 0.0135 0.0092 0.0132 0.0295 0.0237 0.0153 0.0167 0.0000 0.0116 0.0133 0.0020 0.0000 0.0000
0.0695 0.0728 0.0552 0.1349 0.0932 0.1125 0.1136 0.2359 0.1719 0.1739 0.2478 0.3871 0.0452 0.0543 0.0783 0.1006 0.0295 0.0176 0.0051 0.3457 0.1386 0.0241 0.1463 0.0005 0.0109 0.0045 0.0004 0.0002 0.0018 0.0202 0.0264 0.0000 0.0238 0.0001 0.0000 0.0001 0.0001 0.0001 0.0003 0.0002 0.0003 0.0003 0.0018 0.0000 0.0000 0.0000 0.0000 0.0000 0.0000 0.0052 0.0139 0.0006 0.0000 0.0000 0.1553 0.0619 0.0000 0.0000 0.0000 0.0000 0.0000 0.0001 0.0001 0.0000
0.0016 0.0021 0.0017 0.0018 0.0016 0.0011 0.0014 0.0014 0.0008 0.0005 0.0039 0.0019 0.0005 0.0006 0.0015 0.0001 0.0005 0.0003 0.0003 0.0002 0.0002 0.0000 0.0000 0.0002 0.0003 0.0003 0.0003 0.0001 0.0000 0.0000 0.0000 0.0000 0.0004 0.0002 0.0001 0.0005 0.0003 0.0003 0.0005 0.0042 0.0000 0.0000 0.0000 0.0000 0.0000 0.0000 0.0000 0.0000 0.0000 0.0001 0.0000 0.0000 0.0000 0.0000 0.0000 0.0000 0.0000 0.0000 0.0000 0.0000 0.0000 0.0000 0.0000 0.0000
0.0000 0.0000 0.0000 0.0005 0.0003 0.0000 0.0001 0.0000 0.0000 0.0000 0.0000 0.0001 0.0001 0.0000 0.0000 0.0027 0.0012 0.0000 0.0000 0.0000 0.0053 0.0001 0.0010 0.0013 0.0065 0.0017 0.0000 0.0051 0.0000 0.0000 0.0000 0.0030 0.0036 0.0032 0.0020 0.0008 0.0196 0.0139 0.0098 0.0123 0.0556 0.0451 0.0001 0.0000 0.0000 0.0037 0.0065 0.0184 0.0087 0.0040 0.0000 0.0000 0.0013 0.0004 0.0007 0.0004 0.0007 0.0017 0.0015 0.0497 0.1446 0.1564 0.1023 0.0305
0.0041 0.0025 0.0110 0.0001 0.0000 0.0000 0.0000 0.0000 0.0000 0.0000 0.0000 0.0000 0.0020 0.0001 0.0000 0.0007 0.0000 0.0000 0.0055 0.1323 0.0290 0.0110 0.0041 0.0012 0.0030 0.0030 0.0033 0.0028 0.0014 0.0013 0.0020 0.0022 0.0030 0.0000 0.0000 0.0000 0.0000 0.0000 0.0000 0.0000 0.0000 0.0000 0.0000 0.0000 0.0000 0.0000 0.0000 0.0000 0.0264 0.0139 0.0009 0.0361 0.0021 0.0007 0.0008 0.0007 0.0003 0.0000 0.0000 0.0000 0.0000 0.0267 0.0173 0.0000
0.0000 0.0057 0.0000 0.1836 0.1167 0.0919 0.1122 0.2122 0.1093 0.0346 0.0000 0.0000 0.0000 0.0000 0.0167 0.0028 0.0221 0.0000 0.0000 0.0000 0.0000 0.0000 0.0000 0.0184 0.0000 0.0031 0.0000 0.0000 0.0000 0.0000 0.0000 0.0000 0.0000 0.0000 0.0000 0.0000 0.0117 0.0075 0.0033 0.0028 0.0024 0.0000 0.0000 0.0000 0.0000 0.0000 0.0000 0.0000 0.0000 0.0171 0.0029 0.0365 0.0199 0.0000 0.0000 0.0146 0.0000 0.0000 0.0000 0.0002 0.0000 0.0105 0.0073 0.0000
0.0000 0.0000 0.0000 0.0117 0.0000 0.0008 0.0000 0.0000 0.0000 0.0000 0.0000 0.0000 0.0000 0.0000 0.0000 0.0000 0.0011 0.0000 0.0000 0.0013 0.0007 0.0192 0.0000 0.0009 0.0049 0.0008 0.0011 0.0038 0.0145 0.0072 0.0050 0.0006 0.0019 0.0005 0.0008 0.0003 0.0006 0.0012 0.0014 0.0000 0.0000 0.0002 0.0002 0.0014 0.0006 0.0007 0.0020 0.0007 0.0030 0.0026 0.0019 0.0015 0.0052 0.0005 0.0009 0.0029 0.0012 0.0020 0.0071 0.0004 0.0005 0.0009 0.0004 0.0002
0.0000 0.0000 0.0000 0.0000 0.0000 0.0000 0.0000 0.0000 0.0000 0.0000 0.0000 0.0000 0.0000 0.0000 0.0000 0.0000 0.1320 0.1057 0.0357 0.0753 0.1927 0.0750 0.0182 0.0003 0.0001 0.0081 0.0027 0.0014 0.0048 0.0000 0.0184 0.0000 0.0380 0.0213 0.0196 0.0000 0.0412 0.0000 0.0000 0.0052 0.0000 0.0000 0.0000 0.0000 0.0000 0.0000 0.0000 0.0000 0.0001 0.0000 0.0000 0.0000 0.0000 0.0000 0.0001 0.0001 0.0000 0.0001 0.0001 0.0000 0.0000 0.0082 0.0029 0.0098
0.0000 0.0000 0.0015 0.0013 0.0007 0.0006 0.0005 0.0097 0.0048 0.0011 0.0159 0.0155 0.0047 0.0006 0.0026 0.0004 0.0013 0.0039 0.0014 0.0005 0.0002 0.0043 0.0000 0.0003 0.0022 0.0017 0.0011 0.0008 0.0014 0.0011 0.0006 0.0005 0.0011 0.0000 0.0006 0.0003 0.0028 0.0003 0.0069 0.0018 0.0022 0.0004 0.0053 0.0049 0.0021 0.0000 0.0000 0.0000 0.0056 0.0000 0.0000 0.0000 0.0000 0.0000 0.0000 0.0000 0.0000 0.0000 0.0000 0.0000 0.0000 0.0000 0.0000 0.0000
0.0000 0.0000 0.0000 0.0000 0.0000 0.0001 0.0000 0.0000 0.0000 0.0000 0.0000 0.0000 0.0000 0.0000 0.0000 0.0000 0.0000 0.0000 0.0000 0.0000 0.0000 0.0000 0.0000 0.0000 0.0000 0.0000 0.0000 0.0000 0.0000 0.0000 0.0000 0.0000 0.0000 0.0000 0.0010 0.0000 0.0000 0.0000 0.0001 0.0001 0.0003 0.0001 0.0001 0.0000 0.0000 0.0000 0.0000 0.0000 0.0000 0.0000 0.0000 0.0000 0.0000 0.0652 0.0000 0.0000 0.0073 0.0000 0.0000 0.0000 0.0000 0.0000 0.0000 0.0000
0.0000 0.0001 0.0000 0.0000 0.0000 0.0000 0.0000 0.0000 0.0000 0.0000 0.0000 0.0192 0.0002 0.0000 0.0000 0.0000 0.0001 0.0001 0.0000 0.0010 0.0085 0.0053 0.0187 0.0000 0.0008 0.0000 0.0000 0.0000 0.0000 0.0000 0.0000 0.0000 0.0000 0.0060 0.0000 0.0000 0.0000 0.0000 0.0000 0.0000 0.0000 0.0000 0.0000 0.0000 0.0000 0.0000 0.0000 0.0000 0.0000 0.0000 0.0000 0.0000 0.0258 0.0331 0.0000 0.0042 0.0090 0.0275 0.0021 0.0000 0.0000 0.0001 0.0001 0.0002
0.0000 0.0000 0.0009 0.0016 0.0048 0.0107 0.0030 0.0020 0.0095 0.0000 0.0028 0.0001 0.0000 0.0534 0.0434 0.0238 0.0262 0.0145 0.0422 0.0015 0.0170 0.0041 0.0030 0.0000 0.0000 0.0008 0.0002 0.0001 0.0025 0.0038 0.0030 0.0221 0.0068 0.0001 0.0000 0.0000 0.0002 0.0000 0.0010 0.0111 0.0000 0.0234 0.0565 0.0051 0.0018 0.0000 0.0070 0.0000 0.0024 0.0051 0.0001 0.0002 0.0048 0.0013 0.0000 0.0023 0.0238 0.0329 0.0742 0.0493 0.0018 0.0001 0.0002 0.0002
0.0111 0.0161 0.0069 0.0102 0.0121 0.0058 0.0564 0.0059 0.0016 0.0008 0.0003 0.0116 0.0169 0.0000 0.0000 0.0000 0.0000 0.0117 0.0299 0.0106 0.0019 0.0050 0.0228 0.0017 0.0040 0.0029 0.0012 0.0141 0.0061 0.0001 0.0008 0.0026 0.0003 0.0015 0.0004 0.0083 0.0253 0.0213 0.0165 0.0003 0.0001 0.0000 0.0195 0.0003 0.0004 0.0001 0.0006 0.0000 0.0320 0.0026 0.0067 0.0110 0.0053 0.0097 0.0688 0.3872 0.4002 0.3498 0.4202 0.5240 0.7206 0.7408 0.7737 0.8566
0.0066 0.0022 0.0019 0.0017 0.0047 0.0023 0.0013 0.0015 0.0007 0.0002 0.0281 0.0206 0.0077 0.0009 0.0005 0.0005 0.0002 0.0003 0.0001 0.0008 0.0055 0.0627 0.0700 0.0500 0.0530 0.0341 0.0166 0.0129 0.0161 0.0066 0.0043 0.0112 0.0558 0.0217 0.0640 0.0245 0.0120 0.0062 0.0113 0.0033 0.0079 0.0003 0.0002 0.0004 0.1054 0.0176 0.0341 0.1346 0.0288 0.0462 0.0678 0.2008 0.0002 0.0000 0.0692 0.1103 0.0006 0.0173 0.0047 0.0032 0.0021 0.0013 0.0008 0.0000
0.0000 0.0002 0.0004 0.0002 0.0072 0.0078 0.0001 0.0001 0.0001 0.0000 0.0016 0.0005 0.0693 0.0009 0.0680 0.0003 0.0106 0.0035 0.0005 0.0031 0.0002 0.0000 0.0000 0.0000 0.0000 0.0000 0.0000 0.0000 0.0003 0.0005 0.0003 0.0005 0.0000 0.0000 0.0000 0.0394 0.0551 0.0007 0.0125 0.0000 0.0000 0.0014 0.0000 0.0000 0.0000 0.0012 0.0001 0.0000 0.0000 0.0000 0.0000 0.0003 0.0003 0.0000 0.0000 0.0000 0.0000 0.0000 0.0000 0.0000 0.0000 0.0000 0.0029 0.0020
0.0000 0.0000 0.0000 0.0001 0.0001 0.0001 0.0001 0.0001 0.0001 0.0000 0.0029 0.0182 0.0641 0.1026 0.1031 0.1447 0.0605 0.0200 0.0050 0.0021 0.0000 0.0010 0.0215 0.0000 0.0000 0.0000 0.0000 0.0000 0.0000 0.0000 0.0000 0.0000 0.0000 0.0000 0.0000 0.0000 0.0000 0.0000 0.0000 0.0000 0.0000 0.0002 0.0023 0.0000 0.0000 0.0000 0.0000 0.0000 0.0000 0.0000 0.0000 0.0005 0.0015 0.0270 0.0000 0.0000 0.0000 0.0001 0.0000 0.0000 0.0000 0.0000 0.0000 0.0000
0.0000 0.0000 0.0000 0.0000 0.0000 0.0000 0.0000 0.0000 0.0000 0.0000 0.0000 0.0000 0.0000 0.0018 0.0068 0.0000 0.0000 0.0008 0.0000 0.0000 0.0193 0.0174 0.0004 0.0000 0.0002 0.0000 0.0000 0.0000 0.0002 0.0015 0.0000 0.0000 0.0000 0.0000 0.0000 0.0368 0.0721 0.0414 0.0170 0.0124 0.0159 0.0218 0.0003 0.1212 0.1353 0.2162 0.0002 0.0000 0.0000 0.0000 0.0000 0.0058 0.0138 0.0021 0.0208 0.0000 0.0006 0.0000 0.0000 0.0000 0.0000 0.0000 0.0000 0.0000
0.0001 0.0005 0.0054 0.0002 0.0363 0.0167 0.0061 0.0057 0.0023 0.0011 0.0078 0.0032 0.0026 0.0037 0.0071 0.0029 0.0105 0.0140 0.0026 0.0000 0.0023 0.6221 0.0090 0.0008 0.0400 0.0229 0.0748 0.0060 0.0821 0.1930 0.0919 0.1598 0.0002 0.0574 0.0968 0.1810 0.0614 0.1428 0.2452 0.1877 0.3137 0.2776 0.4460 0.1927 0.1425 0.1088 0.0676 0.0134 0.0211 0.0163 0.0214 0.0196 0.0156 0.0001 0.0000 0.0000 0.0137 0.0530 0.1259 0.0000 0.0000 0.0000 0.0001 0.0000
0.0000 0.0000 0.0000 0.0000 0.0000 0.0000 0.0000 0.0000 0.0000 0.0000 0.0000 0.0000 0.0000 0.0000 0.0583 0.0000 0.0000 0.0000 0.0000 0.0000 0.0000 0.0000 0.0027 0.0007 0.0000 0.0000 0.0000 0.0000 0.0000 0.0000 0.0000 0.0000 0.0002 0.0000 0.0000 0.0000 0.0000 0.0000 0.0000 0.0000 0.0000 0.1473 0.1976 0.0000 0.0000 0.0000 0.0000 0.0000 0.0000 0.0000 0.0000 0.0000 0.0000 0.0000 0.0000 0.0000 0.0000 0.0000 0.0000 0.0000 0.0000 0.0000 0.0000 0.0000
0.0000 0.0000 0.0000 0.0000 0.0000 0.0000 0.0000 0.0000 0.0000 0.0000 0.0000 0.0000 0.0000 0.0000 0.0000 0.0000 0.0000 0.0000 0.0000 0.0000 0.0000 0.0000 0.0000 0.0000 0.0000 0.0000 0.0000 0.0000 0.0000 0.0000 0.0000 0.0000 0.0000 0.0000 0.0000 0.0000 0.0000 0.0000 0.0000 0.0000 0.0000 0.0000 0.0000 0.0000 0.0000 0.0000 0.0000 0.0000 0.0000 0.0000 0.0000 0.0001 0.0000 0.0000 0.0000 0.0000 0.0000 0.0368 0.0000 0.0000 0.0000 0.0000 0.0000 0.0000
0.0028 0.0046 0.0000 0.0000 0.0000 0.0002 0.0000 0.0000 0.0000 0.0000 0.0000 0.0000 0.0000 0.0000 0.0000 0.0520 0.1390 0.0884 0.0404 0.0601 0.0000 0.0215 0.0004 0.0012 0.0239 0.0000 0.0000 0.0000 0.0005 0.0000 0.0000 0.0002 0.0001 0.0002 0.0001 0.0002 0.0001 0.0001 0.0000 0.0000 0.0000 0.0000 0.0005 0.0008 0.0007 0.0004 0.0010 0.0000 0.0000 0.0000 0.0000 0.0000 0.0000 0.0000 0.0000 0.0000 0.0024 0.0042 0.0000 0.0000 0.0000 0.0000 0.0000 0.0000
0.0000 0.0000 0.0000 0.0000 0.0001 0.0000 0.0000 0.0000 0.0000 0.0000 0.0000 0.0000 0.0000 0.0000 0.0000 0.0000 0.0000 0.0000 0.0000 0.0000 0.0000 0.0000 0.0000 0.0000 0.0000 0.0000 0.0000 0.0000 0.0000 0.0000 0.0000 0.0000 0.0000 0.0000 0.0000 0.0000 0.0000 0.0000 0.0000 0.0000 0.0000 0.0000 0.0000 0.0027 0.0000 0.0000 0.0000 0.0000 0.0122 0.0000 0.0000 0.0001 0.0000 0.0001 0.0000 0.0000 0.0000 0.0000 0.0000 0.0000 0.0000 0.0000 0.0000 0.0000
0.0003 0.0000 0.0000 0.0001 0.0004 0.0001 0.0002 0.0006 0.0002 0.0000 0.0013 0.0028 0.0001 0.0022 0.0036 0.0047 0.0049 0.0006 0.0002 0.0106 0.0008 0.0025 0.0015 0.0007 0.0005 0.0008 0.0653 0.0007 0.0004 0.0011 0.0014 0.0002 0.0001 0.0079 0.0000 0.0000 0.0000 0.0272 0.0154 0.0016 0.0000 0.0000 0.0000 0.0000 0.0001 0.0002 0.0004 0.0000 0.0000 0.0000 0.0000 0.0000 0.0002 0.0000 0.0000 0.0280 0.0233 0.0065 0.0109 0.0000 0.0001 0.0003 0.0000 0.0000
0.0000 0.0000 0.0000 0.0000 0.0000 0.0000 0.0000 0.0018 0.0000 0.0000 0.0000 0.0000 0.0000 0.0000 0.0000 0.0000 0.0000 0.0031 0.0011 0.0009 0.0000 0.0000 0.0000 0.0000 0.0000 0.0000 0.0000 0.0186 0.0022 0.0000 0.0000 0.0000 0.0000 0.0000 0.0000 0.0000 0.0000 0.0000 0.0000 0.0006 0.0011 0.0002 0.0035 0.0021 0.0007 0.0004 0.0000 0.0000 0.0000 0.0000 0.0000 0.0000 0.0000 0.0000 0.0000 0.0000 0.0119 0.0198 0.0000 0.0000 0.0000 0.0000 0.0000 0.0001
0.0015 0.0009 0.0368 0.1011 0.1954 0.4441 0.4269 0.4163 0.6223 0.0217 0.0000 0.0000 0.0000 0.0633 0.0383 0.0343 0.0644 0.0622 0.0356 0.0467 0.0247 0.0817 0.2619 0.0017 0.0864 0.0171 0.0019 0.0035 0.0011 0.0119 0.0092 0.0047 0.0189 0.0001 0.0732 0.0609 0.0109 0.0052 0.0107 0.0040 0.0000 0.0046 0.0004 0.0106 0.0112 0.0001 0.0005 0.0002 0.0012 0.0074 0.0000 0.0000 0.0002 0.0000 0.0000 0.0000 0.0000 0.0000 0.0000 0.0000 0.0047 0.0000 0.0029 0.0026
0.0000 0.0000 0.0000 0.0000 0.0011 0.0000 0.0004 0.0000 0.0000 0.0000 0.0000 0.0000 0.0000 0.0000 0.0000 0.0000 0.0000 0.0000 0.0000 0.0538 0.0127 0.0000 0.0000 0.0000 0.0000 0.0251 0.0000 0.0825 0.1201 0.0267 0.1066 0.0866 0.0833 0.0601 0.0255 0.0760 0.1039 0.0557 0.0201 0.0000 0.0000 0.0000 0.0000 0.0000 0.0000 0.0000 0.0000 0.0000 0.0000 0.0000 0.0000 0.0000 0.0000 0.0000 0.0000 0.0000 0.0135 0.0000 0.0000 0.0000 0.0000 0.0000 0.0000 0.0000
0.0001 0.0040 0.0002 0.0005 0.0021 0.0008 0.0007 0.0001 0.0000 0.0000 0.0001 0.0000 0.0000 0.0000 0.0000 0.0005 0.0000 0.0000 0.0000 0.0000 0.0000 0.0000 0.0012 0.0001 0.0000 0.0001 0.0000 0.0000 0.0000 0.0001 0.0000 0.0000 0.0000 0.0000 0.0000 0.0000 0.0000 0.0000 0.0000 0.0000 0.0000 0.0001 0.0008 0.0014 0.0024 0.0001 0.0013 0.0215 0.0420 0.0034 0.0010 0.0038 0.0002 0.0000 0.0000 0.0000 0.0000 0.0000 0.0000 0.0000 0.0000 0.0000 0.0011 0.0007
0.0000 0.0000 0.0000 0.0000 0.0000 0.0000 0.0000 0.0000 0.0000 0.0000 0.0000 0.0000 0.0000 0.0000 0.0000 0.0000 0.0000 0.0000 0.0000 0.0000 0.0000 0.0000 0.0000 0.0000 0.0000 0.0000 0.0000 0.0000 0.0000 0.0000 0.0000 0.0000 0.0021 0.0001 0.0000 0.0033 0.0000 0.0000 0.0000 0.0000 0.0000 0.0000 0.0000 0.0000 0.0000 0.0000 0.0000 0.0000 0.0000 0.0000 0.0000 0.0000 0.0000 0.0000 0.0000 0.0000 0.0000 0.0000 0.0000 0.0000 0.0000 0.0000 0.0000 0.0000
0.0000 0.0000 0.0000 0.0000 0.0085 0.0000 0.0046 0.0000 0.0000 0.0000 0.0000 0.0000 0.0013 0.0000 0.0199 0.0000 0.0000 0.0000 0.0000 0.0000 0.0000 0.0000 0.0002 0.0000 0.0000 0.0000 0.0000 0.0000 0.0017 0.0000 0.0000 0.0000 0.0000 0.0000 0.0000 0.0017 0.0030 0.0000 0.0036 0.0000 0.0000 0.0000 0.0000 0.0016 0.0000 0.0000 0.0421 0.0224 0.0000 0.0200 0.0000 0.0242 0.0000 0.0000 0.0000 0.0000 0.0000 0.0000 0.0000 0.0000 0.0001 0.0000 0.0000 0.0000
0.0000 0.0000 0.0000 0.0000 0.0000 0.0000 0.0000 0.0000 0.0000 0.0000 0.0002 0.0013 0.0000 0.0000 0.0000 0.0000 0.0000 0.0000 0.0000 0.0000 0.0000 0.0000 0.0000 0.0001 0.0000 0.0002 0.0000 0.0000 0.0000 0.0000 0.0000 0.0000 0.0000 0.0001 0.0000 0.0000 0.0000 0.0000 0.0000 0.0018 0.0008 0.0005 0.0006 0.0001 0.0001 0.0003 0.0002 0.0000 0.0001 0.0001 0.0001 0.0004 0.0000 0.0000 0.0000 0.0003 0.0000 0.0000 0.0006 0.0068 0.0000 0.0000 0.0000 0.0000
0.0020 0.0006 0.0000 0.0000 0.0000 0.0002 0.0022 0.0017 0.0126 0.0000 0.0000 0.0113 0.0334 0.0000 0.0577 0.0275 0.0000 0.0046 0.0124 0.0018 0.0592 0.0000 0.0000 0.0000 0.0000 0.0000 0.0000 0.0000 0.0000 0.0094 0.0033 0.0000 0.0001 0.0001 0.0001 0.0001 0.0002 0.0002 0.0007 0.0016 0.0113 0.0647 0.0127 0.0186 0.0074 0.0000 0.0174 0.0578 0.0209 0.0276 0.0380 0.0217 0.0278 0.0071 0.0165 0.0114 0.0068 0.0055 0.0090 0.0022 0.0025 0.0049 0.0379 0.0228
0.0270 0.0172 0.0009 0.0000 0.0000 0.0000 0.0003 0.0000 0.0001 0.0000 0.0000 0.0000 0.3087 0.0000 0.0000 0.2548 0.1707 0.0002 0.0000 0.0000 0.0000 0.0000 0.0000 0.0000 0.0000 0.0000 0.0000 0.0000 0.0000 0.0255 0.0086 0.0007 0.0001 0.0000 0.0001 0.0000 0.0000 0.0000 0.0001 0.0002 0.0008 0.0001 0.0005 0.0003 0.0000 0.0000 0.0121 0.0039 0.0000 0.0001 0.0000 0.0001 0.0040 0.0005 0.0001 0.0001 0.0000 0.0000 0.0000 0.0000 0.0000 0.0000 0.0000 0.0000
0.0000 0.0000 0.0004 0.0000 0.0000 0.0001 0.0001 0.0001 0.0001 0.0000 0.0034 0.0007 0.0000 0.0012 0.0029 0.0004 0.0121 0.0001 0.0005 0.0002 0.0005 0.0002 0.0004 0.0001 0.0002 0.0003 0.0003 0.0001 0.0002 0.0001 0.0001 0.0000 0.0000 0.0000 0.0351 0.0000 0.0004 0.0002 0.0007 0.0648 0.1629 0.0380 0.0006 0.0001 0.0000 0.0001 0.0056 0.0049 0.0063 0.0059 0.0003 0.0001 0.0101 0.0000 0.0008 0.0017 0.0003 0.0000 0.0001 0.0001 0.0001 0.0002 0.0001 0.0000
0.0000 0.0000 0.0000 0.0000 0.0000 0.0000 0.0000 0.0000 0.0206 0.7243 0.1321 0.1565 0.2598 0.3385 0.0000 0.0000 0.0000 0.0000 0.0000 0.0000 0.0000 0.0000 0.0000 0.0000 0.0006 0.0000 0.0000 0.0000 0.0000 0.0000 0.0000 0.0000 0.0032 0.0080 0.0045 0.0065 0.0137 0.0029 0.0027 0.0000 0.0000 0.0000 0.0261 0.0000 0.0000 0.0000 0.0000 0.0000 0.0000 0.2341 0.0000 0.0366 0.0072 0.0000 0.0476 0.0629 0.1712 0.0000 0.1465 0.1369 0.0000 0.0000 0.0000 0.0000
0.0000 0.0000 0.0000 0.0000 0.0117 0.0000 0.0000 0.0013 0.0000 0.0000 0.0000 0.0000 0.0000 0.0000 0.0000 0.0000 0.0000 0.0000 0.0000 0.0000 0.0000 0.0000 0.0000 0.0000 0.0000 0.0000 0.0000 0.0000 0.0000 0.0000 0.0000 0.0000 0.0000 0.0000 0.0000 0.0000 0.0000 0.0000 0.0000 0.0000 0.0000 0.0001 0.0319 0.0005 0.0000 0.0000 0.0000 0.0001 0.0004 0.0002 0.0005 0.0002 0.0009 0.0001 0.0004 0.0002 0.0000 0.0002 0.0001 0.0000 0.0000 0.0000 0.0000 0.0000
0.0001 0.0017 0.0000 0.0000 0.0000 0.0000 0.0000 0.0000 0.0000 0.0000 0.0154 0.0335 0.0204 0.0000 0.0582 0.0496 0.1185 0.0542 0.0689 0.0516 0.0326 0.0065 0.0011 0.0207 0.0623 0.0415 0.0123 0.0014 0.0042 0.0021 0.0015 0.0057 0.0130 0.0063 0.0000 0.0000 0.0000 0.0000 0.0000 0.0000 0.0000 0.0027 0.0159 0.0020 0.0000 0.0000 0.0038 0.0009 0.0001 0.0007 0.0001 0.0000 0.0291 0.0262 0.0000 0.0290 0.0054 0.0000 0.0010 0.0021 0.0008 0.0000 0.0000 0.0000
0.0000 0.0000 0.0000 0.0000 0.0000 0.0000 0.0000 0.0000 0.0000 0.0002 0.0061 0.0040 0.0000 0.0000 0.0000 0.0000 0.0000 0.0000 0.0000 0.0000 0.0000 0.0000 0.0002 0.0000 0.0000 0.0001 0.0000 0.0000 0.0000 0.0000 0.0000 0.0004 0.0000 0.0000 0.0005 0.0000 0.0000 0.0073 0.0028 0.0004 0.0067 0.0005 0.0012 0.0001 0.0000 0.0002 0.0097 0.0093 0.0067 0.0000 0.0083 0.0000 0.0000 0.0000 0.0350 0.0092 0.0258 0.0018 0.0001 0.0000 0.0000 0.0000 0.0000 0.0001
0.3896 0.5164 0.1966 0.2492 0.3708 0.2329 0.2227 0.0351 0.0039 0.0016 0.0118 0.0296 0.0321 0.0106 0.0301 0.0094 0.0099 0.0041 0.0043 0.0053 0.0063 0.0000 0.0000 0.0183 0.0000 0.0037 0.0000 0.0000 0.0000 0.0000 0.0000 0.0000 0.0000 0.0000 0.0000 0.0000 0.0000 0.0000 0.0000 0.0000 0.0000 0.0000 0.0000 0.0000 0.4476 0.2438 0.0000 0.0000 0.0000 0.0000 0.0000 0.0000 0.0000 0.0000 0.0449 0.0000 0.0079 0.0000 0.0236 0.0000 0.0000 0.0000 0.0000 0.0000
0.0000 0.0000 0.0000 0.0000 0.0000 0.0000 0.0000 0.0001 0.0000 0.0000 0.0001 0.0000 0.0000 0.0017 0.0000 0.0000 0.0000 0.0000 0.0103 0.0000 0.0000 0.0000 0.0000 0.0000 0.0000 0.0001 0.0001 0.0001 0.0000 0.0000 0.0000 0.0000 0.0002 0.0001 0.0000 0.0000 0.0002 0.0000 0.0042 0.0030 0.0000 0.0000 0.0000 0.0030 0.0000 0.0000 0.0000 0.0105 0.0000 0.0000 0.0000 0.0000 0.0000 0.0000 0.0008 0.0022 0.0000 0.0000 0.0000 0.0000 0.0000 0.0000 0.0000 0.0000
0.0275 0.0271 0.0786 0.0388 0.0641 0.0418 0.0226 0.0414 0.0127 0.0188 0.0425 0.0410 0.0212 0.0154 0.0066 0.0037 0.0010 0.0007 0.0004 0.0003 0.0007 0.0048 0.0429 0.1042 0.0206 0.0204 0.0140 0.0115 0.0168 0.0167 0.0165 0.0202 0.0251 0.0000 0.0071 0.0735 0.0000 0.0029 0.0043 0.0034 0.0000 0.0000 0.0000 0.0000 0.0000 0.0000 0.0000 0.0000 0.0000 0.0000 0.0000 0.0000 0.0000 0.0000 0.0000 0.0012 0.0000 0.0009 0.0000 0.0000 0.0000 0.0000 0.0000 0.0000
0.0000 0.0000 0.0000 0.0000 0.0000 0.0000 0.0000 0.0000 0.0000 0.0000 0.0000 0.0000 0.0030 0.2243 0.2415 0.0587 0.0000 0.0000 0.0000 0.0001 0.0020 0.0000 0.1914 0.0040 0.0004 0.0000 0.0070 0.0101 0.0088 0.0006 0.0006 0.0001 0.0000 0.0000 0.0001 0.0181 0.0000 0.0128 0.0067 0.0000 0.0000 0.0000 0.0017 0.0786 0.0000 0.0000 0.0000 0.0000 0.0000 0.0004 0.0050 0.0039 0.0107 0.0029 0.0001 0.0001 0.0124 0.0373 0.0008 0.0000 0.0000 0.0000 0.0009 0.0019
0.0000 0.0000 0.0000 0.0000 0.0000 0.0000 0.0000 0.0000 0.0000 0.0000 0.0000 0.0000 0.0000 0.0000 0.0010 0.0000 0.0000 0.0000 0.0005 0.0011 0.0000 0.0000 0.0000 0.0000 0.0000 0.0001 0.0000 0.0000 0.0000 0.0000 0.0000 0.0000 0.0000 0.0000 0.0000 0.0000 0.0000 0.0000 0.0000 0.0000 0.0000 0.0004 0.0011 0.0008 0.0000 0.0006 0.0019 0.0001 0.0004 0.0001 0.0001 0.0001 0.0001 0.0000 0.0000 0.0000 0.0000 0.0001 0.0002 0.0000 0.0000 0.0001 0.0000 0.0000
0.0000 0.0000 0.0000 0.0000 0.0002 0.0001 0.0000 0.0008 0.0000 0.0000 0.0000 0.0000 0.0000 0.0000 0.0000 0.0000 0.0000 0.0000 0.0000 0.0000 0.0000 0.0000 0.0000 0.0000 0.0000 0.0000 0.0000 0.0000 0.0000 0.0000 0.0000 0.0000 0.0001 0.0000 0.0000 0.0000 0.0000 0.0000 0.0000 0.0000 0.0000 0.0000 0.0000 0.0000 0.0000 0.0000 0.0000 0.0000 0.0000 0.0000 0.0000 0.0000 0.0000 0.0000 0.0000 0.0000 0.0000 0.0000 0.0000 0.0000 0.0000 0.0000 0.0000 0.0000
0.0000 0.0000 0.0000 0.0000 0.0000 0.0000 0.0000 0.0000 0.0000 0.0000 0.0001 0.1094 0.0000 0.0000 0.0000 0.0000 0.0018 0.0022 0.0002 0.0848 0.0000 0.0000 0.0000 0.0000 0.0000 0.0000 0.0000 0.0000 0.0000 0.0000 0.0000 0.0000 0.0000 0.0000 0.0000 0.0000 0.0000 0.0000 0.0000 0.0000 0.0000 0.0000 0.0000 0.0000 0.0000 0.1950 0.4179 0.2278 0.0061 0.0107 0.1357 0.0000 0.0000 0.0022 0.0000 0.0000 0.0013 0.0020 0.0024 0.0015 0.0019 0.0058 0.0051 0.0051
0.0319 0.0123 0.0495 0.0238 0.0000 0.0000 0.0002 0.0000 0.0000 0.0000 0.0000 0.0010 0.0002 0.0000 0.0001 0.0000 0.0000 0.0000 0.0000 0.0000 0.0000 0.0000 0.0000 0.0000 0.0000 0.0026 0.0000 0.0007 0.0016 0.0001 0.0000 0.0000 0.0000 0.0000 0.0000 0.0000 0.0000 0.0000 0.0000 0.0000 0.0000 0.0000 0.0000 0.0000 0.0000 0.0000 0.0000 0.0000 0.0001 0.0061 0.0212 0.0000 0.0000 0.0000 0.0226 0.0283 0.0206 0.0000 0.0104 0.0118 0.0064 0.0070 0.0079 0.0089
0.0002 0.0002 0.0000 0.0001 0.0001 0.0000 0.0000 0.0000 0.0000 0.0000 0.2503 0.0327 0.0000 0.0217 0.0000 0.0732 0.0000 0.0000 0.0000 0.0000 0.0008 0.0017 0.0023 0.0010 0.0013 0.0000 0.0004 0.0003 0.0001 0.0006 0.0002 0.0005 0.0002 0.0001 0.0001 0.0001 0.0001 0.0004 0.0000 0.0101 0.0086 0.0000 0.0061 0.0002 0.0000 0.0045 0.0000 0.0002 0.0000 0.0011 0.0038 0.0030 0.0000 0.0000 0.0000 0.0000 0.0001 0.0000 0.0014 0.0006 0.0014 0.0002 0.0002 0.0001
0.0000 0.0000 0.0000 0.0000 0.0000 0.0000 0.0000 0.0000 0.0000 0.0000 0.0000 0.0000 0.0016 0.0000 0.0000 0.0034 0.0004 0.0000 0.0000 0.0000 0.0004 0.0000 0.0026 0.0000 0.0000 0.0000 0.0001 0.0000 0.0000 0.0001 0.0000 0.0000 0.0002 0.0001 0.0000 0.0003 0.0006 0.0004 0.0030 0.0002 0.0002 0.0001 0.0011 0.0003 0.0001 0.0002 0.0008 0.0005 0.0001 0.0002 0.0002 0.0006 0.0011 0.0393 0.0000 0.0004 0.0001 0.0203 0.0000 0.0060 0.0000 0.0000 0.0000 0.0000
0.0000 0.0000 0.0000 0.0000 0.0000 0.0000 0.0000 0.0000 0.0000 0.0000 0.0000 0.0000 0.0000 0.0000 0.0000 0.0000 0.0000 0.0000 0.0000 0.0000 0.0000 0.0000 0.0000 0.0000 0.0000 0.0003 0.0000 0.0000 0.0000 0.0000 0.0000 0.0000 0.0000 0.0000 0.0000 0.0000 0.0000 0.0000 0.0000 0.0036 0.0188 0.0157 0.0381 0.0000 0.0109 0.0000 0.0000 0.0000 0.0000 0.0000 0.0007 0.0002 0.0000 0.0004 0.0000 0.0008 0.0000 0.0001 0.0398 0.0000 0.0000 0.0000 0.0001 0.0000
0.0000 0.0143 0.0000 0.0000 0.0000 0.0000 0.0000 0.0000 0.0000 0.0000 0.0000 0.0000 0.0000 0.0000 0.0000 0.0000 0.0000 0.0000 0.0000 0.0000 0.0000 0.0000 0.0000 0.0624 0.0000 0.0000 0.0000 0.0000 0.0000 0.0012 0.0000 0.0000 0.0000 0.0000 0.0000 0.0000 0.0000 0.0000 0.0000 0.0000 0.0000 0.0000 0.0000 0.0000 0.0000 0.0000 0.0000 0.0001 0.0000 0.0000 0.0000 0.0000 0.0000 0.0000 0.0000 0.0000 0.0000 0.0000 0.0000 0.0000 0.0000 0.0000 0.0000 0.0260
0.0094 0.0000 0.0152 0.0061 0.0212 0.0000 0.0000 0.0000 0.0000 0.0000 0.0000 0.0011 0.0000 0.0000 0.0000 0.0002 0.0000 0.0000 0.0000 0.0000 0.0000 0.0000 0.0000 0.0000 0.0000 0.0000 0.0041 0.0054 0.0051 0.0047 0.0176 0.0315 0.0000 0.0000 0.0190 0.0000 0.0000 0.0000 0.0000 0.0000 0.0000 0.0000 0.0000 0.0000 0.0000 0.0000 0.0000 0.0000 0.0000 0.0000 0.0000 0.0000 0.0000 0.0000 0.0000 0.0000 0.0000 0.0000 0.0003 0.0000 0.0000 0.0000 0.0000 0.0000
0.0957 0.0264 0.0597 0.0451 0.0121 0.0002 0.0029 0.0141 0.0001 0.0001 0.0009 0.0013 0.0005 0.0000 0.0000 0.0046 0.0193 0.0113 0.2073 0.0014 0.0007 0.0000 0.0023 0.0393 0.0000 0.0000 0.0000 0.0000 0.0000 0.0000 0.0000 0.0010 0.0000 0.0000 0.0000 0.0001 0.0000 0.0000 0.0001 0.0002 0.0016 0.0484 0.0354 0.0547 0.1099 0.1354 0.1635 0.2354 0.1040 0.0673 0.0571 0.0502 0.0040 0.0098 0.0406 0.1130 0.1133 0.0319 0.0343 0.1698 0.0936 0.0229 0.0285 0.0293
0.0003 0.0002 0.0003 0.0023 0.0041 0.0015 0.0000 0.0005 0.0000 0.0000 0.0640 0.0260 0.0420 0.0000 0.0000 0.0005 0.0000 0.0000 0.0000 0.0000 0.0183 0.0062 0.0005 0.0000 0.0013 0.0000 0.0009 0.0000 0.0005 0.0005 0.0002 0.0000 0.0002 0.0427 0.0371 0.0004 0.0009 0.0006 0.0024 0.0000 0.0000 0.0000 0.0000 0.0000 0.0000 0.0000 0.0000 0.0000 0.0000 0.0000 0.0176 0.0152 0.0120 0.0011 0.0163 0.0001 0.0209 0.0000 0.0000 0.0000 0.0000 0.0000 0.0000 0.0000
0.0000 0.0000 0.0000 0.0000 0.0003 0.0000 0.0000 0.0000 0.0000 0.0000 0.0000 0.0000 0.0000 0.0000 0.0000 0.0000 0.0000 0.0000 0.0000 0.0000 0.0000 0.0000 0.0001 0.0000 0.0000 0.0002 0.0000 0.0000 0.0000 0.0000 0.0000 0.0000 0.0000 0.0000 0.0000 0.0000 0.0000 0.0000 0.0000 0.0000 0.0000 0.0000 0.0000 0.0000 0.0000 0.0000 0.0000 0.0000 0.0000 0.0000 0.0000 0.0000 0.0000 0.0000 0.0000 0.0000 0.0000 0.0000 0.0000 0.0000 0.0000 0.0000 0.0000 0.0000
0.0000 0.0000 0.0000 0.0000 0.0000 0.0000 0.0000 0.0000 0.0007 0.0000 0.0000 0.0000 0.0000 0.0000 0.0000 0.0000 0.0406 0.0000 0.0000 0.0000 0.0000 0.0000 0.0000 0.0000 0.0012 0.0028 0.0043 0.0026 0.0000 0.0000 0.0000 0.0000 0.0000 0.0000 0.0000 0.0000 0.0000 0.0000 0.0000 0.0000 0.0000 0.0000 0.0000 0.0622 0.0000 0.0000 0.0000 0.0000 0.0000 0.0000 0.0000 0.0000 0.0000 0.0000 0.0000 0.0000 0.0284 0.0744 0.0000 0.0000 0.0000 0.0000 0.0000 0.0000
0.2838 0.2552 0.3383 0.1219 0.0000 0.0000 0.0113 0.0000 0.0016 0.0054 0.0000 0.0000 0.0000 0.0000 0.0000 0.0000 0.0000 0.0006 0.0001 0.0014 0.0012 0.0055 0.0127 0.0029 0.0043 0.0033 0.0063 0.0046 0.0062 0.0079 0.0030 0.0057 0.1449 0.0000 0.0000 0.0011 0.2189 0.2352 0.1896 0.2552 0.1335 0.0000 0.0535 0.0000 0.0000 0.0324 0.0000 0.0000 0.0000 0.0003 0.0007 0.0007 0.0014 0.0002 0.0914 0.0005 0.0003 0.0010 0.0011 0.0003 0.0002 0.0004 0.0000 0.0001
0.0000 0.0000 0.0000 0.0000 0.0000 0.0000 0.0000 0.0000 0.0000 0.0000 0.0000 0.0214 0.0001 0.0000 0.0003 0.0002 0.0024 0.0038 0.0014 0.0965 0.0097 0.0028 0.0010 0.0013 0.0000 0.0009 0.0011 0.0004 0.0007 0.0003 0.0001 0.0000 0.0001 0.1645 0.1489 0.2294 0.3148 0.3743 0.2562 0.2790 0.2269 0.2987 0.0003 0.4164 0.0000 0.0000 0.0000 0.0000 0.0000 0.0000 0.0006 0.0001 0.0067 0.0003 0.0000 0.0081 0.0000 0.0200 0.0005 0.0000 0.0000 0.0000 0.0000 0.0000
0.0000 0.0000 0.0000 0.0000 0.0000 0.0000 0.0000 0.0000 0.0000 0.0000 0.0000 0.0000 0.0000 0.0000 0.0000 0.0000 0.0000 0.0000 0.0000 0.0000 0.0000 0.0000 0.0000 0.0000 0.0000 0.0000 0.0000 0.0000 0.0000 0.0000 0.0005 0.0000 0.0000 0.0000 0.0000 0.0000 0.0000 0.0000 0.0000 0.0000 0.0000 0.0000 0.0000 0.0000 0.0000 0.0000 0.0000 0.0000 0.0000 0.0000 0.0000 0.0000 0.0000 0.0000 0.0000 0.0000 0.0000 0.0000 0.0002 0.0000 0.0000 0.0000 0.0000 0.0000
0.0000 0.0000 0.0001 0.0000 0.0000 0.0001 0.0000 0.0001 0.0000 0.0000 0.0736 0.0000 0.0000 0.0295 0.0707 0.0735 0.0540 0.5383 0.4740 0.0000 0.3984 0.0061 0.0000 0.6596 0.6649 0.7895 0.6980 0.8042 0.6908 0.6504 0.6713 0.6097 0.4727 0.4926 0.3827 0.2242 0.0000 0.0000 0.0808 0.0965 0.0000 0.0000 0.0000 0.0000 0.0000 0.0000 0.0000 0.0000 0.0000 0.0000 0.0000 0.0000 0.0000 0.0000 0.0000 0.0000 0.0000 0.0000 0.0000 0.0000 0.0000 0.0000 0.0000 0.0000
0.0000 0.0028 0.0184 0.0220 0.0000 0.0000 0.0000 0.0000 0.0028 0.0008 0.0215 0.0000 0.0198 0.0130 0.0230 0.0216 0.0123 0.0055 0.0034 0.0059 0.0088 0.0091 0.0069 0.0056 0.0058 0.0070 0.0069 0.0056 0.0064 0.0044 0.0057 0.0126 0.0041 0.0077 0.0200 0.0119 0.0169 0.0107 0.0052 0.0048 0.0083 0.0059 0.0261 0.0142 0.0144 0.0240 0.0165 0.0075 0.0834 0.0135 0.0255 0.0143 0.0072 0.0008 0.0000 0.0298 0.0120 0.0000 0.0000 0.0073 0.0000 0.0000 0.0000 0.0000
0.0000 0.0000 0.0000 0.0000 0.0000 0.0000 0.0038 0.0000 0.0000 0.0000 0.0002 0.0071 0.0000 0.0000 0.0014 0.0000 0.0000 0.0102 0.0000 0.0000 0.0000 0.0000 0.0001 0.0000 0.0000 0.0001 0.0000 0.0000 0.0001 0.0001 0.0001 0.0001 0.0001 0.0001 0.0003 0.0001 0.0001 0.0000 0.0007 0.0111 0.0011 0.0009 0.0003 0.0003 0.0038 0.0132 0.0375 0.0003 0.0000 0.0003 0.0000 0.0002 0.0001 0.0000 0.0000 0.0009 0.0000 0.0000 0.0000 0.0037 0.0000 0.0001 0.0000 0.0000
0.0289 0.0097 0.0607 0.0000 0.0000 0.0249 0.0026 0.0046 0.0000 0.0000 0.0000 0.0000 0.0000 0.0000 0.0000 0.0000 0.0246 0.0016 0.0020 0.0027 0.0000 0.0000 0.1525 0.0000 0.0000 0.0000 0.0000 0.0000 0.0000 0.0000 0.0000 0.0000 0.0000 0.0000 0.0000 0.0000 0.0000 0.0000 0.0000 0.0000 0.0000 0.0000 0.0000 0.0000 0.0000 0.0000 0.1458 0.2279 0.5638 0.4830 0.5056 0.4945 0.6993 0.7554 0.3144 0.0566 0.0283 0.2214 0.0045 0.0075 0.0000 0.0000 0.0000 0.0000
