0.0052 0.0074 0.0131 0.0127 0.0000 0.0017 0.0000 0.0000 0.0000 0.0000 0.0000 0.0000 0.0000 0.0000 0.0000 0.0000 0.0000 0.0000 0.0000 0.0000 0.0000 0.0000 0.0000 0.0000 0.0000 0.0000 0.0000 0.0000 0.0000 0.0000 0.0000 0.0000 0.0652 0.0605 0.0412 0.0000 0.0000 0.0003 0.0622 0.0475 0.0694 0.0001 0.0001 0.0001 0.0002 0.0001 0.0022 0.0028 0.0023 0.0057 0.0695 0.0039 0.0676 0.0003 0.0089 0.0013 0.0111 0.0067 0.0090 0.0022 0.0012 0.0030 0.0012 0.0005
0.0000 0.0000 0.0000 0.0000 0.0000 0.0000 0.0023 0.0000 0.0017 0.0012 0.0084 0.0042 0.0000 0.0000 0.0000 0.0042 0.0000 0.0000 0.0000 0.0000 0.0021 0.0000 0.0000 0.0015 0.0002 0.0004 0.0000 0.0001 0.0003 0.0002 0.0003 0.0003 0.0003 0.0003 0.0000 0.0000 0.0000 0.0158 0.0001 0.0031 0.0026 0.0009 0.0125 0.0024 0.0013 0.0006 0.0000 0.0000 0.0273 0.0000 0.0021 0.0006 0.0000 0.0000 0.0000 0.0000 0.0000 0.0016 0.0498 0.0000 0.0000 0.0000 0.0005 0.0004
0.0000 0.0000 0.0000 0.0000 0.0000 0.0000 0.0000 0.0000 0.0000 0.0000 0.0000 0.0000 0.0000 0.0086 0.0000 0.0000 0.0000 0.0000 0.0000 0.0011 0.0000 0.0000 0.0001 0.0000 0.0001 0.0000 0.0288 0.0000 0.0036 0.0000 0.0000 0.0003 0.0000 0.0000 0.0000 0.0004 0.0003 0.0000 0.0004 0.0021 0.0025 0.0014 0.0148 0.0015 0.0012 0.0012 0.0016 0.0014 0.0028 0.0023 0.0023 0.0051 0.0010 0.0009 0.0010 0.0007 0.0009 0.0000 0.0001 0.0000 0.0000 0.0000 0.0000 0.0000
0.0000 0.0000 0.1435 0.1193 0.2520 0.0021 0.1221 0.1187 0.2203 0.1861 0.3434 0.3065 0.3153 0.2972 0.2676 0.3325 0.2459 0.1864 0.0407 0.0000 0.0000 0.0000 0.0000 0.0000 0.0000 0.0000 0.0000 0.0000 0.0000 0.0000 0.0000 0.0026 0.0001 0.0001 0.0000 0.0000 0.0051 0.0042 0.0000 0.0000 0.0000 0.0000 0.0000 0.0000 0.0000 0.0000 0.0000 0.0000 0.0000 0.0000 0.0000 0.1149 0.0893 0.1716 0.1991 0.0801 0.0795 0.1106 0.0000 0.0412 0.1369 0.0236 0.0000 0.0000
0.0221 0.0315 0.0192 0.0493 0.0576 0.0718 0.1082 0.1517 0.1318 0.1314 0.1075 0.1895 0.0220 0.0257 0.0247 0.0505 0.0137 0.0165 0.0056 0.4318 0.1478 0.0343 0.0413 0.0021 0.0178 0.0232 0.0069 0.0033 0.0063 0.0148 0.0143 0.0000 0.0061 0.0008 0.0000 0.0001 0.0001 0.0001 0.0002 0.0001 0.0003 0.0004 0.0019 0.0000 0.0001 0.0000 0.0002 0.0000 0.0000 0.0057 0.0149 0.0003 0.0000 0.0000 0.1172 0.0806 0.0000 0.0000 0.0000 0.0000 0.0000 0.0004 0.0026 0.0000
0.0058 0.0086 0.0061 0.0053 0.0060 0.0066 0.0115 0.0074 0.0064 0.0036 0.0148 0.0034 0.0009 0.0045 0.0066 0.0023 0.0020 0.0009 0.0008 0.0014 0.0009 0.0004 0.0000 0.0008 0.0007 0.0009 0.0009 0.0004 0.0006 0.0000 0.0003 0.0000 0.0010 0.0007 0.0005 0.0013 0.0010 0.0011 0.0010 0.0070 0.0000 0.0000 0.0000 0.0000 0.0000 0.0000 0.0000 0.0000 0.0000 0.0000 0.0000 0.0000 0.0000 0.0000 0.0000 0.0000 0.0000 0.0000 0.0000 0.0000 0.0000 0.0000 0.0000 0.0000
0.0000 0.0000 0.0000 0.0036 0.0028 0.0004 0.0019 0.0005 0.0000 0.0000 0.0000 0.0028 0.0017 0.0003 0.0000 0.0030 0.0020 0.0000 0.0000 0.0000 0.0069 0.0007 0.0037 0.0107 0.0232 0.0020 0.0001 0.0049 0.0000 0.0000 0.0003 0.0047 0.0050 0.0058 0.0056 0.0015 0.1130 0.0692 0.0499 0.0288 0.0550 0.0477 0.0001 0.0000 0.0000 0.0003 0.0003 0.0230 0.0089 0.0066 0.0000 0.0000 0.0023 0.0017 0.0023 0.0019 0.0027 0.0054 0.0044 0.0450 0.1256 0.1590 0.1276 0.0354
0.0045 0.0035 0.0093 0.0011 0.0000 0.0000 0.0000 0.0000 0.0000 0.0000 0.0000 0.0000 0.0052 0.0017 0.0000 0.0061 0.0000 0.0000 0.0043 0.1689 0.0220 0.0132 0.0005 0.0001 0.0004 0.0005 0.0002 0.0003 0.0001 0.0001 0.0002 0.0002 0.0003 0.0000 0.0000 0.0000 0.0000 0.0000 0.0000 0.0000 0.0000 0.0000 0.0000 0.0000 0.0000 0.0000 0.0000 0.0000 0.0071 0.0023 0.0033 0.0090 0.0055 0.0031 0.0026 0.0031 0.0010 0.0000 0.0000 0.0000 0.0000 0.0097 0.0048 0.0000
0.0000 0.0057 0.0000 0.0883 0.1154 0.0979 0.1318 0.2311 0.1364 0.0661 0.0000 0.0000 0.0000 0.0000 0.0026 0.0003 0.0166 0.0000 0.0000 0.0004 0.0000 0.0000 0.0000 0.0634 0.0000 0.0225 0.0000 0.0000 0.0000 0.0000 0.0000 0.0000 0.0000 0.0000 0.0000 0.0000 0.0182 0.0094 0.0066 0.0059 0.0085 0.0000 0.0000 0.0000 0.0000 0.0000 0.0000 0.0000 0.0001 0.0031 0.0016 0.0067 0.0094 0.0000 0.0000 0.0065 0.0000 0.0000 0.0000 0.0016 0.0000 0.0061 0.0039 0.0000
0.0000 0.0000 0.0000 0.0201 0.0000 0.0002 0.0000 0.0000 0.0000 0.0000 0.0000 0.0000 0.0000 0.0000 0.0000 0.0000 0.0024 0.0000 0.0000 0.0145 0.0026 0.0542 0.0000 0.0046 0.0275 0.0077 0.0049 0.0118 0.0184 0.0118 0.0090 0.0020 0.0058 0.0024 0.0035 0.0019 0.0030 0.0051 0.0047 0.0002 0.0000 0.0006 0.0002 0.0016 0.0001 0.0007 0.0017 0.0025 0.0067 0.0048 0.0033 0.0030 0.0109 0.0015 0.0021 0.0046 0.0028 0.0034 0.0103 0.0010 0.0012 0.0020 0.0007 0.0006
0.0000 0.0000 0.0000 0.0000 0.0000 0.0000 0.0000 0.0000 0.0000 0.0000 0.0000 0.0000 0.0000 0.0000 0.0000 0.0000 0.0089 0.0124 0.0043 0.0222 0.3871 0.2643 0.2165 0.0008 0.0001 0.0036 0.0021 0.0011 0.0029 0.0000 0.1409 0.0000 0.1719 0.1564 0.1111 0.0000 0.3257 0.0000 0.0000 0.0373 0.0000 0.0000 0.0000 0.0000 0.0000 0.0000 0.0000 0.0000 0.0001 0.0001 0.0001 0.0000 0.0001 0.0000 0.0001 0.0001 0.0001 0.0001 0.0003 0.0000 0.0000 0.0705 0.0367 0.0888
0.0000 0.0002 0.0028 0.0018 0.0020 0.0021 0.0025 0.0196 0.0130 0.0044 0.0242 0.0275 0.0122 0.0043 0.0080 0.0059 0.0056 0.0182 0.0041 0.0043 0.0028 0.0104 0.0023 0.0014 0.0077 0.0058 0.0039 0.0034 0.0030 0.0021 0.0012 0.0013 0.0021 0.0000 0.0024 0.0007 0.0040 0.0011 0.0161 0.0102 0.0114 0.0029 0.0105 0.0066 0.0035 0.0000 0.0000 0.0000 0.0113 0.0000 0.0000 0.0000 0.0000 0.0000 0.0000 0.0000 0.0000 0.0000 0.0000 0.0000 0.0000 0.0000 0.0001 0.0000
0.0000 0.0000 0.0000 0.0000 0.0000 0.0017 0.0000 0.0000 0.0000 0.0000 0.0000 0.0000 0.0000 0.0000 0.0000 0.0000 0.0000 0.0000 0.0000 0.0000 0.0000 0.0000 0.0000 0.0000 0.0000 0.0000 0.0000 0.0000 0.0000 0.0000 0.0000 0.0000 0.0000 0.0000 0.0006 0.0000 0.0000 0.0004 0.0011 0.0033 0.0064 0.0025 0.0024 0.0008 0.0007 0.0000 0.0000 0.0000 0.0000 0.0000 0.0000 0.0000 0.0000 0.0454 0.0000 0.0000 0.0109 0.0001 0.0000 0.0000 0.0000 0.0000 0.0000 0.0000
0.0000 0.0000 0.0000 0.0000 0.0000 0.0000 0.0000 0.0000 0.0000 0.0000 0.0000 0.0135 0.0017 0.0008 0.0000 0.0000 0.0006 0.0016 0.0000 0.0003 0.0098 0.0074 0.0336 0.0000 0.0001 0.0000 0.0000 0.0000 0.0000 0.0000 0.0000 0.0000 0.0000 0.0480 0.0000 0.0000 0.0000 0.0000 0.0000 0.0000 0.0000 0.0000 0.0000 0.0000 0.0000 0.0000 0.0000 0.0000 0.0000 0.0000 0.0000 0.0000 0.0133 0.0064 0.0000 0.0062 0.0056 0.0113 0.0034 0.0000 0.0000 0.0031 0.0017 0.0016
0.0000 0.0000 0.0000 0.0000 0.0002 0.0852 0.0005 0.0003 0.0949 0.0000 0.0002 0.0000 0.0000 0.1488 0.1397 0.1260 0.1182 0.0790 0.0595 0.0004 0.0521 0.0051 0.0096 0.0000 0.0000 0.0031 0.0034 0.0020 0.0032 0.0020 0.0009 0.0064 0.0013 0.0001 0.0000 0.0000 0.0002 0.0000 0.0008 0.0057 0.0000 0.0245 0.0195 0.0007 0.0002 0.0000 0.0049 0.0000 0.0059 0.0125 0.0001 0.0001 0.0078 0.0026 0.0000 0.0037 0.0289 0.0160 0.0604 0.0491 0.0097 0.0001 0.0002 0.0010
0.0002 0.0005 0.0002 0.0003 0.0005 0.0005 0.0144 0.0007 0.0001 0.0001 0.0000 0.0025 0.0835 0.0000 0.0000 0.0000 0.0000 0.0963 0.0752 0.0387 0.0040 0.0017 0.0221 0.0080 0.0060 0.0065 0.0025 0.0259 0.0058 0.0001 0.0005 0.0041 0.0004 0.0016 0.0002 0.0030 0.0070 0.0054 0.0061 0.0002 0.0001 0.0000 0.0125 0.0001 0.0001 0.0000 0.0002 0.0000 0.0277 0.0052 0.0674 0.0832 0.0535 0.0882 0.2127 0.4651 0.2692 0.2069 0.2736 0.4421 0.6193 0.6467 0.6811 0.7588
0.0010 0.0003 0.0002 0.0001 0.0005 0.0003 0.0003 0.0003 0.0002 0.0001 0.0041 0.0066 0.0010 0.0003 0.0001 0.0001 0.0000 0.0001 0.0000 0.0004 0.0040 0.0745 0.1857 0.1318 0.1472 0.1648 0.1481 0.1256 0.1462 0.0762 0.0282 0.0661 0.1049 0.1642 0.1164 0.0968 0.0203 0.0162 0.0274 0.0066 0.0340 0.0006 0.0002 0.0002 0.0437 0.0069 0.0081 0.0675 0.0199 0.0343 0.0375 0.1182 0.0007 0.0001 0.0337 0.0837 0.0009 0.0533 0.0246 0.0117 0.0087 0.0025 0.0013 0.0001
0.0000 0.0009 0.0009 0.0005 0.0087 0.0086 0.0009 0.0007 0.0007 0.0004 0.0044 0.0010 0.0293 0.0022 0.0328 0.0006 0.0116 0.0044 0.0009 0.0061 0.0007 0.0000 0.0000 0.0000 0.0000 0.0000 0.0000 0.0000 0.0001 0.0000 0.0001 0.0000 0.0000 0.0000 0.0000 0.0337 0.0361 0.0021 0.0040 0.0000 0.0000 0.0004 0.0000 0.0000 0.0000 0.0004 0.0000 0.0000 0.0000 0.0000 0.0000 0.0001 0.0002 0.0000 0.0000 0.0000 0.0000 0.0000 0.0000 0.0000 0.0000 0.0000 0.0065 0.0047
0.0000 0.0000 0.0000 0.0003 0.0005 0.0005 0.0009 0.0006 0.0008 0.0003 0.0076 0.0124 0.0306 0.0547 0.0467 0.0623 0.0292 0.0200 0.0031 0.0005 0.0000 0.0001 0.0439 0.0000 0.0000 0.0000 0.0000 0.0000 0.0000 0.0000 0.0000 0.0000 0.0000 0.0000 0.0000 0.0000 0.0000 0.0000 0.0000 0.0000 0.0000 0.0014 0.0031 0.0000 0.0000 0.0000 0.0000 0.0000 0.0000 0.0000 0.0000 0.0031 0.0039 0.0057 0.0000 0.0000 0.0000 0.0003 0.0000 0.0000 0.0000 0.0000 0.0000 0.0000
0.0000 0.0000 0.0000 0.0000 0.0000 0.0000 0.0001 0.0000 0.0000 0.0000 0.0000 0.0000 0.0001 0.0023 0.0057 0.0000 0.0000 0.0023 0.0000 0.0005 0.0167 0.0176 0.0020 0.0000 0.0002 0.0000 0.0000 0.0000 0.0004 0.0024 0.0000 0.0000 0.0000 0.0000 0.0000 0.0308 0.0425 0.0474 0.0215 0.0248 0.0144 0.0307 0.0027 0.0682 0.0664 0.1067 0.0022 0.0000 0.0000 0.0000 0.0000 0.0084 0.0095 0.0035 0.0049 0.0000 0.0008 0.0005 0.0018 0.0007 0.0012 0.0020 0.0008 0.0002
0.0004 0.0023 0.0084 0.0002 0.0350 0.0909 0.0014 0.0007 0.0002 0.0001 0.0005 0.0003 0.0001 0.0002 0.0003 0.0002 0.0006 0.0017 0.0001 0.0000 0.0050 0.3473 0.0146 0.0018 0.0111 0.0062 0.0174 0.0032 0.0626 0.0660 0.0516 0.0810 0.0011 0.0073 0.0108 0.0677 0.0078 0.1150 0.1306 0.0784 0.3010 0.2767 0.6145 0.6063 0.6918 0.6606 0.5510 0.3342 0.3685 0.2937 0.2390 0.1655 0.1411 0.0001 0.0000 0.0000 0.0151 0.0361 0.0720 0.0000 0.0000 0.0000 0.0003 0.0003
0.0000 0.0000 0.0000 0.0000 0.0000 0.0000 0.0000 0.0000 0.0000 0.0000 0.0000 0.0000 0.0000 0.0000 0.0301 0.0000 0.0000 0.0000 0.0000 0.0000 0.0000 0.0000 0.0003 0.0001 0.0000 0.0000 0.0000 0.0000 0.0000 0.0000 0.0000 0.0000 0.0001 0.0000 0.0000 0.0000 0.0000 0.0000 0.0000 0.0000 0.0000 0.1491 0.1261 0.0000 0.0000 0.0000 0.0000 0.0000 0.0000 0.0000 0.0000 0.0000 0.0000 0.0000 0.0000 0.0000 0.0000 0.0000 0.0000 0.0000 0.0000 0.0000 0.0000 0.0000
0.0000 0.0000 0.0000 0.0000 0.0000 0.0000 0.0000 0.0000 0.0000 0.0000 0.0000 0.0000 0.0000 0.0000 0.0000 0.0000 0.0000 0.0000 0.0000 0.0000 0.0000 0.0000 0.0000 0.0000 0.0000 0.0000 0.0000 0.0000 0.0000 0.0000 0.0000 0.0000 0.0002 0.0010 0.0006 0.0014 0.0000 0.0000 0.0000 0.0000 0.0000 0.0000 0.0000 0.0000 0.0000 0.0000 0.0000 0.0000 0.0000 0.0000 0.0000 0.0020 0.0008 0.0004 0.0000 0.0000 0.0000 0.0305 0.0000 0.0000 0.0000 0.0000 0.0000 0.0000
0.0002 0.0004 0.0000 0.0000 0.0000 0.0003 0.0000 0.0000 0.0000 0.0000 0.0000 0.0000 0.0000 0.0000 0.0000 0.0069 0.0126 0.0153 0.0046 0.0254 0.0000 0.0695 0.0015 0.0044 0.0046 0.0000 0.0000 0.0000 0.0025 0.0000 0.0000 0.0000 0.0000 0.0001 0.0001 0.0001 0.0001 0.0000 0.0000 0.0000 0.0000 0.0000 0.0001 0.0001 0.0001 0.0000 0.0002 0.0000 0.0000 0.0000 0.0000 0.0000 0.0000 0.0000 0.0000 0.0000 0.0112 0.0152 0.0000 0.0000 0.0000 0.0000 0.0000 0.0000
0.0000 0.0000 0.0000 0.0000 0.0000 0.0000 0.0000 0.0000 0.0000 0.0000 0.0000 0.0000 0.0000 0.0000 0.0000 0.0000 0.0000 0.0000 0.0000 0.0000 0.0000 0.0000 0.0000 0.0000 0.0000 0.0000 0.0000 0.0000 0.0000 0.0000 0.0000 0.0000 0.0000 0.0000 0.0000 0.0000 0.0000 0.0004 0.0001 0.0000 0.0000 0.0000 0.0000 0.0022 0.0000 0.0000 0.0000 0.0000 0.0145 0.0000 0.0008 0.0019 0.0003 0.0008 0.0000 0.0000 0.0000 0.0000 0.0000 0.0000 0.0000 0.0000 0.0000 0.0000
0.0000 0.0000 0.0000 0.0001 0.0002 0.0001 0.0002 0.0005 0.0002 0.0000 0.0005 0.0011 0.0000 0.0005 0.0004 0.0014 0.0024 0.0007 0.0002 0.0251 0.0014 0.0025 0.0015 0.0004 0.0002 0.0002 0.0218 0.0002 0.0001 0.0003 0.0005 0.0001 0.0000 0.0525 0.0000 0.0000 0.0000 0.1400 0.0837 0.0177 0.0000 0.0000 0.0000 0.0000 0.0000 0.0001 0.0001 0.0000 0.0000 0.0000 0.0000 0.0000 0.0003 0.0000 0.0000 0.0074 0.0094 0.0033 0.0100 0.0001 0.0005 0.0015 0.0001 0.0001
0.0000 0.0000 0.0000 0.0000 0.0000 0.0000 0.0000 0.0031 0.0000 0.0000 0.0000 0.0000 0.0000 0.0000 0.0000 0.0000 0.0000 0.0004 0.0001 0.0002 0.0000 0.0000 0.0000 0.0000 0.0000 0.0000 0.0000 0.0211 0.0015 0.0000 0.0000 0.0000 0.0000 0.0000 0.0000 0.0000 0.0000 0.0000 0.0000 0.0020 0.0038 0.0013 0.0063 0.0032 0.0009 0.0006 0.0000 0.0000 0.0000 0.0000 0.0000 0.0000 0.0000 0.0000 0.0000 0.0000 0.0105 0.0306 0.0000 0.0000 0.0000 0.0009 0.0007 0.0005
0.0002 0.0002 0.0020 0.0181 0.0294 0.1892 0.1516 0.1303 0.1979 0.0047 0.0000 0.0000 0.0000 0.0121 0.0041 0.0048 0.0029 0.0113 0.0039 0.0256 0.0273 0.0206 0.1449 0.0075 0.0278 0.0202 0.0046 0.0043 0.0017 0.0968 0.0057 0.0033 0.1063 0.0000 0.0760 0.1413 0.0020 0.0010 0.0017 0.0005 0.0001 0.0006 0.0002 0.0009 0.0010 0.0000 0.0002 0.0003 0.0008 0.0110 0.0000 0.0001 0.0002 0.0000 0.0000 0.0000 0.0000 0.0000 0.0000 0.0000 0.0449 0.0000 0.0345 0.0308
0.0000 0.0000 0.0000 0.0000 0.0088 0.0000 0.0150 0.0000 0.0000 0.0000 0.0000 0.0000 0.0000 0.0000 0.0000 0.0000 0.0000 0.0000 0.0000 0.0210 0.0032 0.0000 0.0000 0.0000 0.0000 0.0043 0.0000 0.0111 0.0112 0.0409 0.0108 0.0121 0.0102 0.0081 0.0042 0.0113 0.0121 0.0117 0.0076 0.0000 0.0000 0.0000 0.0000 0.0000 0.0000 0.0000 0.0000 0.0000 0.0000 0.0000 0.0000 0.0000 0.0000 0.0000 0.0000 0.0000 0.0139 0.0000 0.0000 0.0000 0.0000 0.0000 0.0000 0.0000
0.0000 0.0016 0.0000 0.0001 0.0006 0.0002 0.0038 0.0003 0.0002 0.0001 0.0000 0.0000 0.0000 0.0000 0.0000 0.0001 0.0000 0.0000 0.0000 0.0000 0.0000 0.0000 0.0057 0.0004 0.0002 0.0006 0.0000 0.0000 0.0000 0.0001 0.0000 0.0000 0.0000 0.0000 0.0000 0.0000 0.0000 0.0000 0.0000 0.0000 0.0000 0.0000 0.0005 0.0003 0.0008 0.0000 0.0006 0.0224 0.0407 0.0060 0.0020 0.0048 0.0007 0.0000 0.0000 0.0000 0.0000 0.0000 0.0000 0.0000 0.0000 0.0001 0.0006 0.0002
0.0000 0.0000 0.0000 0.0000 0.0000 0.0000 0.0000 0.0000 0.0000 0.0000 0.0000 0.0000 0.0000 0.0000 0.0000 0.0000 0.0000 0.0000 0.0000 0.0000 0.0000 0.0000 0.0000 0.0000 0.0000 0.0000 0.0000 0.0000 0.0000 0.0000 0.0000 0.0000 0.0002 0.0001 0.0000 0.0007 0.0000 0.0000 0.0000 0.0000 0.0000 0.0000 0.0000 0.0000 0.0000 0.0000 0.0000 0.0000 0.0000 0.0000 0.0000 0.0000 0.0000 0.0000 0.0000 0.0000 0.0000 0.0000 0.0000 0.0000 0.0000 0.0000 0.0000 0.0000
0.0000 0.0000 0.0000 0.0000 0.0106 0.0000 0.0111 0.0000 0.0000 0.0000 0.0000 0.0000 0.0016 0.0000 0.0078 0.0000 0.0000 0.0000 0.0000 0.0000 0.0000 0.0000 0.0043 0.0000 0.0000 0.0000 0.0000 0.0000 0.0024 0.0000 0.0000 0.0000 0.0000 0.0000 0.0000 0.0002 0.0003 0.0000 0.0029 0.0000 0.0000 0.0000 0.0000 0.0002 0.0000 0.0000 0.0319 0.0211 0.0001 0.0342 0.0000 0.0379 0.0000 0.0000 0.0000 0.0000 0.0000 0.0000 0.0000 0.0000 0.0004 0.0000 0.0000 0.0000
0.0000 0.0000 0.0000 0.0000 0.0000 0.0000 0.0001 0.0000 0.0000 0.0000 0.0004 0.0018 0.0000 0.0000 0.0000 0.0000 0.0000 0.0000 0.0003 0.0006 0.0000 0.0000 0.0002 0.0001 0.0002 0.0004 0.0000 0.0000 0.0000 0.0000 0.0000 0.0000 0.0000 0.0000 0.0000 0.0000 0.0000 0.0001 0.0000 0.0069 0.0018 0.0063 0.0038 0.0010 0.0017 0.0040 0.0043 0.0032 0.0046 0.0062 0.0037 0.0062 0.0020 0.0013 0.0007 0.0040 0.0007 0.0007 0.0021 0.0085 0.0002 0.0001 0.0001 0.0001
0.0023 0.0010 0.0000 0.0000 0.0000 0.0002 0.0291 0.0355 0.1271 0.0000 0.0000 0.0575 0.0695 0.0000 0.1248 0.0942 0.0000 0.0054 0.0429 0.0199 0.0426 0.0000 0.0000 0.0000 0.0000 0.0000 0.0000 0.0000 0.0000 0.0055 0.0020 0.0000 0.0000 0.0001 0.0001 0.0001 0.0002 0.0002 0.0005 0.0010 0.0045 0.0487 0.0026 0.0017 0.0008 0.0000 0.0007 0.0070 0.0021 0.0036 0.0046 0.0020 0.0063 0.0008 0.0025 0.0014 0.0012 0.0008 0.0014 0.0005 0.0007 0.0306 0.0542 0.0285
0.0131 0.0089 0.0003 0.0000 0.0000 0.0000 0.0011 0.0000 0.0006 0.0000 0.0000 0.0000 0.1605 0.0000 0.0000 0.1210 0.0796 0.0005 0.0000 0.0000 0.0000 0.0000 0.0000 0.0000 0.0000 0.0000 0.0000 0.0000 0.0000 0.0182 0.0113 0.0039 0.0011 0.0012 0.0007 0.0002 0.0000 0.0000 0.0000 0.0001 0.0002 0.0001 0.0001 0.0000 0.0000 0.0000 0.0307 0.0119 0.0000 0.0024 0.0016 0.0023 0.0015 0.0027 0.0001 0.0005 0.0000 0.0002 0.0000 0.0000 0.0000 0.0000 0.0000 0.0000
0.0000 0.0000 0.0010 0.0001 0.0000 0.0004 0.0009 0.0008 0.0013 0.0004 0.0106 0.0018 0.0000 0.0031 0.0038 0.0009 0.0133 0.0015 0.0029 0.0039 0.0040 0.0014 0.0018 0.0005 0.0005 0.0007 0.0009 0.0002 0.0007 0.0003 0.0004 0.0000 0.0000 0.0000 0.0274 0.0001 0.0008 0.0006 0.0019 0.0834 0.1142 0.0503 0.0005 0.0002 0.0001 0.0004 0.0053 0.0068 0.0104 0.0115 0.0003 0.0001 0.0223 0.0000 0.0020 0.0043 0.0009 0.0000 0.0002 0.0008 0.0003 0.0021 0.0011 0.0000
0.0000 0.0000 0.0000 0.0000 0.0000 0.0000 0.0000 0.0000 0.0211 0.5119 0.0557 0.0675 0.1288 0.1612 0.0000 0.0000 0.0000 0.0000 0.0000 0.0000 0.0000 0.0000 0.0000 0.0000 0.0001 0.0000 0.0000 0.0000 0.0000 0.0000 0.0000 0.0000 0.0003 0.0005 0.0003 0.0004 0.0007 0.0004 0.0009 0.0000 0.0000 0.0000 0.0227 0.0000 0.0000 0.0000 0.0000 0.0000 0.0000 0.1769 0.0000 0.0368 0.0101 0.0000 0.0626 0.0508 0.1353 0.0000 0.1030 0.1693 0.0000 0.0000 0.0000 0.0000
0.0000 0.0000 0.0000 0.0000 0.0211 0.0000 0.0000 0.0232 0.0000 0.0000 0.0000 0.0000 0.0000 0.0000 0.0000 0.0000 0.0000 0.0000 0.0000 0.0007 0.0000 0.0000 0.0000 0.0000 0.0000 0.0000 0.0000 0.0000 0.0000 0.0000 0.0000 0.0000 0.0000 0.0000 0.0000 0.0000 0.0000 0.0000 0.0000 0.0000 0.0000 0.0003 0.0205 0.0002 0.0000 0.0000 0.0000 0.0003 0.0004 0.0001 0.0004 0.0003 0.0009 0.0001 0.0001 0.0001 0.0000 0.0001 0.0001 0.0000 0.0000 0.0000 0.0000 0.0000
0.0000 0.0002 0.0000 0.0000 0.0000 0.0000 0.0000 0.0000 0.0000 0.0000 0.0234 0.0259 0.0034 0.0000 0.0082 0.0075 0.0086 0.0195 0.0717 0.0246 0.0260 0.0254 0.0273 0.0688 0.1220 0.0346 0.0101 0.0073 0.0192 0.0040 0.0033 0.0277 0.0465 0.0117 0.0000 0.0000 0.0000 0.0000 0.0000 0.0000 0.0000 0.0061 0.0182 0.0022 0.0000 0.0000 0.0044 0.0004 0.0002 0.0003 0.0000 0.0000 0.0082 0.0061 0.0000 0.0071 0.0037 0.0000 0.0006 0.0070 0.0042 0.0000 0.0000 0.0000
0.0000 0.0000 0.0000 0.0000 0.0000 0.0000 0.0000 0.0000 0.0000 0.0007 0.0067 0.0052 0.0000 0.0000 0.0000 0.0000 0.0000 0.0000 0.0000 0.0000 0.0000 0.0000 0.0002 0.0000 0.0000 0.0001 0.0000 0.0000 0.0000 0.0000 0.0000 0.0001 0.0000 0.0000 0.0001 0.0000 0.0000 0.0093 0.0078 0.0039 0.0143 0.0097 0.0089 0.0009 0.0006 0.0013 0.0169 0.0068 0.0055 0.0000 0.0123 0.0000 0.0000 0.0000 0.0256 0.0114 0.0283 0.0039 0.0019 0.0002 0.0001 0.0000 0.0000 0.0002
0.1930 0.2732 0.1016 0.1586 0.3120 0.2672 0.3112 0.0796 0.0123 0.0075 0.0229 0.0706 0.0724 0.0143 0.0483 0.0101 0.0119 0.0075 0.0069 0.0170 0.0130 0.0000 0.0000 0.0038 0.0000 0.0003 0.0000 0.0000 0.0000 0.0000 0.0000 0.0000 0.0000 0.0000 0.0000 0.0000 0.0000 0.0000 0.0000 0.0000 0.0000 0.0000 0.0000 0.0000 0.1444 0.0868 0.0000 0.0000 0.0000 0.0000 0.0000 0.0000 0.0000 0.0000 0.0101 0.0000 0.0050 0.0000 0.0183 0.0000 0.0000 0.0000 0.0000 0.0000
0.0000 0.0000 0.0000 0.0000 0.0000 0.0000 0.0000 0.0008 0.0004 0.0001 0.0017 0.0000 0.0000 0.0014 0.0000 0.0008 0.0000 0.0000 0.0469 0.0000 0.0000 0.0005 0.0000 0.0000 0.0001 0.0003 0.0003 0.0003 0.0007 0.0000 0.0000 0.0000 0.0003 0.0005 0.0000 0.0000 0.0004 0.0000 0.0042 0.0046 0.0000 0.0000 0.0000 0.0028 0.0000 0.0000 0.0000 0.0075 0.0000 0.0001 0.0000 0.0000 0.0000 0.0000 0.0017 0.0043 0.0000 0.0000 0.0000 0.0000 0.0000 0.0000 0.0000 0.0000
0.0012 0.0018 0.0033 0.0040 0.0077 0.0094 0.0081 0.0106 0.0035 0.0048 0.0072 0.0083 0.0037 0.0021 0.0006 0.0020 0.0038 0.0056 0.0031 0.0045 0.0047 0.0050 0.0716 0.1955 0.0878 0.1477 0.1377 0.1450 0.1618 0.1895 0.1157 0.1504 0.1293 0.0000 0.0343 0.1811 0.0000 0.0077 0.0083 0.0059 0.0000 0.0000 0.0000 0.0000 0.0000 0.0000 0.0000 0.0000 0.0000 0.0000 0.0000 0.0000 0.0000 0.0000 0.0000 0.0008 0.0000 0.0009 0.0000 0.0000 0.0000 0.0000 0.0000 0.0000
0.0000 0.0000 0.0000 0.0000 0.0000 0.0000 0.0000 0.0000 0.0000 0.0003 0.0000 0.0000 0.0018 0.1044 0.0904 0.0096 0.0000 0.0000 0.0000 0.0000 0.0017 0.0000 0.0751 0.0043 0.0004 0.0000 0.0063 0.0117 0.0077 0.0016 0.0008 0.0002 0.0000 0.0000 0.0002 0.0512 0.0000 0.0780 0.0451 0.0000 0.0000 0.0000 0.0004 0.0293 0.0000 0.0000 0.0000 0.0000 0.0000 0.0007 0.0015 0.0015 0.0060 0.0005 0.0014 0.0011 0.0138 0.0339 0.0006 0.0000 0.0002 0.0000 0.0113 0.0195
0.0000 0.0000 0.0000 0.0000 0.0000 0.0000 0.0000 0.0000 0.0000 0.0000 0.0000 0.0000 0.0000 0.0000 0.0017 0.0000 0.0000 0.0000 0.0009 0.0048 0.0000 0.0000 0.0001 0.0000 0.0000 0.0000 0.0000 0.0000 0.0009 0.0001 0.0007 0.0001 0.0000 0.0000 0.0000 0.0000 0.0000 0.0002 0.0007 0.0000 0.0000 0.0008 0.0013 0.0007 0.0000 0.0006 0.0023 0.0017 0.0071 0.0036 0.0026 0.0045 0.0047 0.0021 0.0014 0.0014 0.0016 0.0023 0.0049 0.0012 0.0015 0.0033 0.0013 0.0008
0.0000 0.0000 0.0000 0.0000 0.0009 0.0001 0.0000 0.0263 0.0000 0.0000 0.0000 0.0000 0.0000 0.0000 0.0000 0.0000 0.0000 0.0000 0.0000 0.0000 0.0000 0.0000 0.0000 0.0000 0.0000 0.0000 0.0000 0.0000 0.0000 0.0000 0.0000 0.0000 0.0001 0.0000 0.0000 0.0000 0.0000 0.0000 0.0000 0.0000 0.0000 0.0000 0.0000 0.0000 0.0000 0.0000 0.0000 0.0000 0.0000 0.0000 0.0000 0.0000 0.0000 0.0000 0.0000 0.0000 0.0000 0.0000 0.0000 0.0000 0.0000 0.0000 0.0000 0.0000
0.0000 0.0000 0.0000 0.0000 0.0000 0.0000 0.0002 0.0001 0.0000 0.0000 0.0009 0.0950 0.0000 0.0000 0.0000 0.0000 0.0002 0.0002 0.0000 0.0311 0.0000 0.0000 0.0000 0.0000 0.0000 0.0000 0.0000 0.0000 0.0000 0.0000 0.0000 0.0000 0.0000 0.0000 0.0000 0.0000 0.0000 0.0000 0.0000 0.0000 0.0000 0.0000 0.0000 0.0000 0.0000 0.0743 0.1925 0.1804 0.0071 0.0100 0.1137 0.0000 0.0000 0.0042 0.0000 0.0009 0.0053 0.0057 0.0068 0.0056 0.0080 0.0149 0.0125 0.0121
0.0973 0.0606 0.1089 0.0731 0.0000 0.0000 0.0005 0.0000 0.0000 0.0000 0.0000 0.0067 0.0001 0.0000 0.0000 0.0000 0.0000 0.0000 0.0000 0.0000 0.0000 0.0000 0.0000 0.0000 0.0000 0.0188 0.0000 0.0011 0.0026 0.0002 0.0000 0.0000 0.0000 0.0000 0.0000 0.0000 0.0000 0.0000 0.0000 0.0000 0.0000 0.0000 0.0000 0.0000 0.0000 0.0000 0.0000 0.0000 0.0002 0.0063 0.0030 0.0000 0.0000 0.0000 0.0080 0.0074 0.0120 0.0000 0.0594 0.0101 0.0084 0.0078 0.0041 0.0025
0.0001 0.0001 0.0000 0.0004 0.0009 0.0000 0.0000 0.0000 0.0000 0.0000 0.0850 0.0254 0.0000 0.0121 0.0000 0.0342 0.0000 0.0000 0.0000 0.0000 0.0001 0.0001 0.0003 0.0001 0.0001 0.0000 0.0000 0.0000 0.0000 0.0001 0.0000 0.0001 0.0001 0.0006 0.0000 0.0000 0.0001 0.0002 0.0000 0.0016 0.0008 0.0000 0.0008 0.0000 0.0000 0.0003 0.0000 0.0010 0.0000 0.0005 0.0009 0.0012 0.0000 0.0000 0.0000 0.0000 0.0005 0.0000 0.0052 0.0026 0.0062 0.0013 0.0016 0.0003
0.0000 0.0000 0.0000 0.0000 0.0000 0.0000 0.0000 0.0000 0.0000 0.0000 0.0000 0.0000 0.0017 0.0000 0.0000 0.0078 0.0007 0.0000 0.0000 0.0000 0.0015 0.0004 0.0141 0.0002 0.0000 0.0000 0.0000 0.0000 0.0000 0.0000 0.0000 0.0000 0.0003 0.0003 0.0000 0.0008 0.0019 0.0021 0.0115 0.0023 0.0037 0.0020 0.0080 0.0030 0.0015 0.0020 0.0062 0.0057 0.0025 0.0026 0.0022 0.0013 0.0018 0.0401 0.0000 0.0007 0.0004 0.0171 0.0000 0.0069 0.0001 0.0000 0.0000 0.0000
0.0000 0.0000 0.0000 0.0000 0.0000 0.0000 0.0000 0.0000 0.0000 0.0000 0.0001 0.0000 0.0000 0.0000 0.0001 0.0000 0.0000 0.0000 0.0000 0.0000 0.0000 0.0000 0.0000 0.0000 0.0000 0.0005 0.0000 0.0000 0.0000 0.0000 0.0001 0.0000 0.0000 0.0000 0.0000 0.0000 0.0000 0.0000 0.0000 0.0052 0.0172 0.0223 0.0318 0.0000 0.0065 0.0000 0.0000 0.0000 0.0000 0.0000 0.0012 0.0005 0.0000 0.0010 0.0001 0.0016 0.0001 0.0019 0.0301 0.0000 0.0000 0.0000 0.0002 0.0003
0.0000 0.0735 0.0000 0.0000 0.0000 0.0000 0.0000 0.0000 0.0000 0.0000 0.0000 0.0000 0.0000 0.0000 0.0000 0.0000 0.0000 0.0000 0.0000 0.0000 0.0000 0.0000 0.0000 0.0079 0.0000 0.0000 0.0000 0.0000 0.0000 0.0010 0.0000 0.0000 0.0000 0.0000 0.0000 0.0000 0.0000 0.0000 0.0000 0.0000 0.0000 0.0000 0.0000 0.0000 0.0000 0.0000 0.0000 0.0002 0.0000 0.0000 0.0000 0.0000 0.0000 0.0000 0.0000 0.0000 0.0000 0.0000 0.0000 0.0000 0.0000 0.0000 0.0000 0.0052
0.0005 0.0000 0.0008 0.0005 0.0034 0.0000 0.0000 0.0000 0.0000 0.0000 0.0000 0.0004 0.0000 0.0000 0.0000 0.0031 0.0000 0.0001 0.0000 0.0000 0.0000 0.0000 0.0000 0.0000 0.0000 0.0000 0.0415 0.0632 0.0515 0.0364 0.1058 0.1644 0.0000 0.0000 0.0645 0.0000 0.0000 0.0000 0.0000 0.0000 0.0000 0.0000 0.0000 0.0000 0.0000 0.0000 0.0000 0.0000 0.0000 0.0000 0.0000 0.0000 0.0000 0.0000 0.0000 0.0000 0.0000 0.0000 0.0024 0.0000 0.0000 0.0000 0.0000 0.0000
0.2793 0.1352 0.1780 0.2148 0.1091 0.0040 0.0140 0.1440 0.0042 0.0021 0.0083 0.0114 0.0029 0.0000 0.0000 0.0054 0.1338 0.1261 0.3141 0.0147 0.0001 0.0000 0.0003 0.0051 0.0000 0.0000 0.0000 0.0000 0.0000 0.0000 0.0000 0.0009 0.0000 0.0000 0.0000 0.0001 0.0000 0.0000 0.0002 0.0002 0.0015 0.0447 0.0093 0.0065 0.0077 0.0082 0.0150 0.0561 0.0157 0.0089 0.0073 0.0074 0.0082 0.1077 0.0391 0.0941 0.1896 0.1568 0.2010 0.1545 0.0203 0.0080 0.0075 0.0064
0.0008 0.0009 0.0010 0.0026 0.0120 0.0043 0.0001 0.0018 0.0006 0.0005 0.0330 0.0172 0.0214 0.0000 0.0000 0.0006 0.0000 0.0000 0.0000 0.0000 0.0426 0.0233 0.0078 0.0000 0.0011 0.0000 0.0012 0.0000 0.0031 0.0017 0.0007 0.0000 0.0009 0.0342 0.0289 0.0020 0.0036 0.0040 0.0085 0.0000 0.0000 0.0000 0.0000 0.0000 0.0000 0.0000 0.0000 0.0000 0.0000 0.0001 0.0232 0.0232 0.0125 0.0031 0.0106 0.0005 0.0190 0.0000 0.0000 0.0000 0.0000 0.0000 0.0000 0.0000
0.0000 0.0000 0.0000 0.0000 0.0017 0.0000 0.0000 0.0000 0.0000 0.0000 0.0000 0.0000 0.0000 0.0000 0.0000 0.0000 0.0000 0.0000 0.0000 0.0000 0.0000 0.0000 0.0001 0.0000 0.0000 0.0001 0.0000 0.0000 0.0000 0.0000 0.0000 0.0000 0.0000 0.0000 0.0000 0.0000 0.0008 0.0000 0.0000 0.0000 0.0000 0.0000 0.0000 0.0000 0.0000 0.0000 0.0000 0.0000 0.0000 0.0000 0.0000 0.0000 0.0000 0.0000 0.0000 0.0000 0.0000 0.0000 0.0000 0.0000 0.0000 0.0000 0.0000 0.0000
0.0000 0.0000 0.0000 0.0000 0.0000 0.0000 0.0000 0.0000 0.0048 0.0003 0.0000 0.0000 0.0000 0.0000 0.0000 0.0000 0.1076 0.0000 0.0000 0.0000 0.0000 0.0000 0.0000 0.0000 0.0027 0.0047 0.0067 0.0043 0.0000 0.0000 0.0000 0.0000 0.0000 0.0000 0.0000 0.0000 0.0000 0.0000 0.0000 0.0000 0.0000 0.0000 0.0000 0.0256 0.0000 0.0000 0.0000 0.0000 0.0000 0.0000 0.0000 0.0000 0.0000 0.0000 0.0000 0.0000 0.0268 0.0667 0.0000 0.0002 0.0000 0.0000 0.0000 0.0000
0.2933 0.3360 0.2986 0.2120 0.0000 0.0000 0.0355 0.0000 0.0107 0.0697 0.0001 0.0000 0.0000 0.0000 0.0000 0.0000 0.0000 0.0003 0.0000 0.0003 0.0001 0.0005 0.0013 0.0002 0.0004 0.0003 0.0004 0.0004 0.0003 0.0006 0.0002 0.0006 0.0507 0.0000 0.0000 0.0011 0.1608 0.1696 0.1464 0.2231 0.0328 0.0000 0.0085 0.0000 0.0000 0.0016 0.0000 0.0000 0.0000 0.0003 0.0006 0.0011 0.0025 0.0002 0.0576 0.0002 0.0002 0.0006 0.0006 0.0002 0.0001 0.0002 0.0000 0.0001
0.0000 0.0000 0.0000 0.0000 0.0000 0.0000 0.0000 0.0000 0.0000 0.0000 0.0000 0.0151 0.0012 0.0007 0.0022 0.0033 0.0001 0.0003 0.0001 0.0685 0.0083 0.0002 0.0001 0.0001 0.0000 0.0001 0.0001 0.0000 0.0001 0.0000 0.0000 0.0000 0.0001 0.1223 0.1127 0.1786 0.1857 0.2347 0.2429 0.2442 0.2697 0.2405 0.0001 0.2108 0.0000 0.0000 0.0000 0.0000 0.0000 0.0000 0.0006 0.0001 0.0025 0.0003 0.0000 0.0038 0.0000 0.0075 0.0022 0.0000 0.0000 0.0000 0.0000 0.0000
0.0000 0.0000 0.0000 0.0000 0.0000 0.0000 0.0000 0.0000 0.0000 0.0000 0.0000 0.0000 0.0000 0.0000 0.0000 0.0000 0.0000 0.0000 0.0000 0.0000 0.0000 0.0000 0.0000 0.0000 0.0000 0.0000 0.0000 0.0000 0.0000 0.0000 0.0019 0.0000 0.0000 0.0000 0.0002 0.0000 0.0000 0.0000 0.0000 0.0000 0.0000 0.0000 0.0000 0.0000 0.0000 0.0000 0.0000 0.0000 0.0000 0.0000 0.0000 0.0000 0.0000 0.0000 0.0000 0.0000 0.0000 0.0000 0.0024 0.0000 0.0000 0.0000 0.0000 0.0000
0.0000 0.0002 0.0002 0.0000 0.0000 0.0022 0.0000 0.0012 0.0000 0.0000 0.1868 0.0000 0.0000 0.1241 0.0938 0.0349 0.0230 0.3095 0.2979 0.0000 0.1409 0.0005 0.0001 0.4603 0.4972 0.5023 0.5318 0.5325 0.4671 0.4154 0.4815 0.4066 0.2761 0.3011 0.3005 0.1602 0.0000 0.0000 0.0675 0.0794 0.0000 0.0000 0.0000 0.0000 0.0000 0.0000 0.0000 0.0000 0.0000 0.0000 0.0000 0.0001 0.0019 0.0012 0.0006 0.0000 0.0000 0.0000 0.0000 0.0000 0.0000 0.0000 0.0000 0.0000
0.0000 0.0037 0.0096 0.0125 0.0000 0.0000 0.0000 0.0000 0.0084 0.0031 0.0391 0.0000 0.0271 0.0125 0.0447 0.0575 0.0143 0.0093 0.0048 0.0197 0.0176 0.0184 0.0199 0.0112 0.0107 0.0141 0.0155 0.0126 0.0112 0.0096 0.0105 0.0581 0.0089 0.0142 0.0513 0.0274 0.0420 0.0437 0.0127 0.0100 0.0181 0.0127 0.0297 0.0154 0.0145 0.0153 0.0147 0.0163 0.0642 0.0165 0.0230 0.0160 0.0079 0.0019 0.0000 0.0078 0.0055 0.0000 0.0000 0.0058 0.0000 0.0000 0.0000 0.0000
0.0000 0.0000 0.0000 0.0000 0.0000 0.0000 0.0093 0.0000 0.0000 0.0000 0.0021 0.0187 0.0000 0.0000 0.0040 0.0000 0.0000 0.0463 0.0000 0.0000 0.0000 0.0005 0.0044 0.0020 0.0014 0.0025 0.0018 0.0024 0.0003 0.0018 0.0000 0.0021 0.0026 0.0030 0.0053 0.0037 0.0040 0.0032 0.0118 0.0466 0.0116 0.0134 0.0048 0.0041 0.0102 0.0270 0.0481 0.0050 0.0008 0.0021 0.0003 0.0019 0.0007 0.0000 0.0000 0.0016 0.0000 0.0000 0.0000 0.0160 0.0000 0.0003 0.0000 0.0000
0.0795 0.0417 0.0907 0.0000 0.0000 0.1516 0.0093 0.0098 0.0000 0.0000 0.0000 0.0000 0.0000 0.0000 0.0000 0.0000 0.1278 0.0002 0.0001 0.0005 0.0000 0.0000 0.0412 0.0000 0.0000 0.0000 0.0000 0.0000 0.0000 0.0000 0.0000 0.0000 0.0000 0.0000 0.0000 0.0000 0.0000 0.0000 0.0000 0.0000 0.0000 0.0000 0.0000 0.0000 0.0000 0.0000 0.0535 0.2143 0.3343 0.3196 0.3527 0.3245 0.4814 0.4942 0.1906 0.0490 0.0752 0.1690 0.0371 0.0160 0.0000 0.0000 0.0000 0.0000
