0.0012 0.0032 0.0035 0.0044 0.0006 0.0093 0.0007 0.0002 0.0001 0.0000 0.0005 0.0001 0.0002 0.0001 0.0001 0.0001 0.0000 0.0012 0.0001 0.0003 0.0002 0.0008 0.0009 0.0001 0.0001 0.0006 0.0004 0.0004 0.0003 0.0009 0.0001 0.0002 0.0011 0.0013 0.0006 0.0094 0.0081 0.0108 0.0725 0.0296 0.0150 0.0016 0.0075 0.0123 0.0156 0.0000 0.0000 0.0001 0.0076 0.0008 0.0079 0.0005 0.0019 0.0008 0.0079 0.0035 0.0082 0.0039 0.0114 0.0019 0.0007 0.0039 0.0055 0.0009
0.0000 0.0000 0.0000 0.0000 0.0000 0.0000 0.0008 0.0000 0.0010 0.0002 0.0008 0.0019 0.0000 0.0000 0.0000 0.0000 0.0000 0.0000 0.0000 0.0000 0.0000 0.0000 0.0000 0.0002 0.0000 0.0000 0.0000 0.0000 0.0000 0.0000 0.0000 0.0000 0.0000 0.0000 0.0000 0.0000 0.0000 0.0000 0.0000 0.0000 0.0000 0.0000 0.0001 0.0001 0.0000 0.0000 0.0000 0.0000 0.0015 0.0000 0.0000 0.0000 0.0000 0.0000 0.0000 0.0000 0.0003 0.0000 0.0082 0.0007 0.0000 0.0000 0.0000 0.0000
0.0000 0.0000 0.0000 0.0000 0.0000 0.0000 0.0000 0.0000 0.0000 0.0000 0.0163 0.0001 0.0000 0.0000 0.0000 0.0000 0.0000 0.0000 0.0000 0.0189 0.0000 0.0000 0.0000 0.0000 0.0000 0.0000 0.0658 0.0001 0.0001 0.0000 0.0024 0.0027 0.0000 0.0000 0.0000 0.0000 0.0000 0.0000 0.0000 0.0000 0.0000 0.0000 0.0000 0.0000 0.0000 0.0000 0.0000 0.0000 0.0000 0.0000 0.0000 0.0000 0.0000 0.0000 0.0012 0.0009 0.0017 0.0000 0.0001 0.0000 0.0000 0.0000 0.0000 0.0000
0.0000 0.0000 0.0002 0.0001 0.0003 0.0000 0.0012 0.0037 0.0006 0.0001 0.0003 0.0003 0.0003 0.0002 0.0002 0.0003 0.0003 0.0002 0.0038 0.0000 0.0000 0.0000 0.0000 0.0000 0.0000 0.0000 0.0000 0.0000 0.0000 0.0000 0.0080 0.0986 0.0286 0.0156 0.0004 0.0000 0.0851 0.1054 0.0000 0.0000 0.0000 0.0000 0.0000 0.0000 0.0000 0.0000 0.0000 0.0000 0.0000 0.0000 0.0000 0.0002 0.0009 0.0006 0.0030 0.0112 0.0072 0.0012 0.0000 0.0070 0.0063 0.0036 0.0000 0.0000
0.0007 0.0037 0.0030 0.0028 0.0018 0.0016 0.0090 0.0061 0.0079 0.0018 0.0164 0.0246 0.0031 0.0001 0.0012 0.0008 0.0018 0.0001 0.0021 0.0294 0.0770 0.0220 0.1955 0.0010 0.0022 0.0020 0.0001 0.0000 0.0009 0.1843 0.1917 0.0000 0.1510 0.0000 0.0000 0.0000 0.0000 0.0000 0.0000 0.0000 0.0000 0.0001 0.0001 0.0000 0.0000 0.0000 0.0000 0.0000 0.0000 0.0004 0.0100 0.0158 0.0008 0.0017 0.0070 0.0203 0.0000 0.0000 0.0177 0.0000 0.0015 0.0019 0.0000 0.0000
0.0000 0.0000 0.0000 0.0000 0.0000 0.0000 0.0000 0.0000 0.0000 0.0000 0.0000 0.0000 0.0000 0.0000 0.0000 0.0000 0.0000 0.0000 0.0000 0.0000 0.0000 0.0000 0.0000 0.0000 0.0000 0.0000 0.0000 0.0000 0.0000 0.0000 0.0000 0.0000 0.0000 0.0000 0.0000 0.0000 0.0000 0.0000 0.0000 0.0001 0.0000 0.0001 0.0002 0.0001 0.0002 0.0000 0.0001 0.0002 0.0004 0.0085 0.0002 0.0003 0.0012 0.0001 0.0000 0.0000 0.0000 0.0000 0.0001 0.0000 0.0000 0.0004 0.0012 0.0001
0.0011 0.0009 0.0003 0.0000 0.0000 0.0000 0.0000 0.0000 0.0049 0.0000 0.0300 0.0000 0.0000 0.0000 0.0000 0.0010 0.0000 0.0000 0.0000 0.0000 0.0031 0.0000 0.0000 0.0008 0.0005 0.0000 0.0000 0.0001 0.0000 0.0000 0.0000 0.0041 0.0027 0.0025 0.0019 0.0034 0.0000 0.0043 0.0122 0.0005 0.0017 0.0014 0.0000 0.0000 0.0000 0.0001 0.0005 0.0312 0.0724 0.0134 0.0000 0.0000 0.0639 0.0001 0.0000 0.0000 0.0001 0.0001 0.0002 0.0044 0.0038 0.0023 0.0008 0.0003
0.0018 0.0033 0.0007 0.0000 0.0000 0.0013 0.0000 0.0000 0.0000 0.0000 0.0000 0.0049 0.0017 0.0000 0.0000 0.0000 0.0000 0.0000 0.0105 0.0011 0.0120 0.0082 0.0072 0.0004 0.0011 0.0002 0.0025 0.0026 0.0021 0.0027 0.0010 0.0051 0.0016 0.0000 0.0000 0.0000 0.0000 0.0003 0.0002 0.0000 0.0000 0.0000 0.0005 0.0001 0.0000 0.0000 0.0000 0.0000 0.0896 0.0133 0.0000 0.1397 0.0017 0.0004 0.0000 0.0000 0.0001 0.0000 0.0000 0.0000 0.0000 0.3227 0.2503 0.0000
0.0024 0.0089 0.0003 0.0090 0.0017 0.0332 0.0542 0.0663 0.0607 0.0058 0.0000 0.0000 0.0000 0.0000 0.0008 0.0006 0.0001 0.0000 0.0000 0.0000 0.0000 0.0000 0.0000 0.0020 0.0000 0.0001 0.0000 0.0000 0.0000 0.0000 0.0000 0.0000 0.0000 0.0000 0.0000 0.0000 0.0004 0.0011 0.0008 0.0004 0.0003 0.0000 0.0035 0.0000 0.0000 0.0000 0.0000 0.0000 0.0768 0.0867 0.0280 0.1451 0.1047 0.0000 0.0000 0.0547 0.0000 0.0000 0.0025 0.0004 0.0000 0.1574 0.1144 0.0000
0.0000 0.0043 0.0000 0.0003 0.0000 0.0046 0.0009 0.0001 0.0003 0.0001 0.0003 0.0001 0.0001 0.0000 0.0000 0.0000 0.0000 0.0000 0.0000 0.0102 0.0001 0.0045 0.0000 0.0000 0.0019 0.0002 0.0000 0.0000 0.0012 0.0005 0.0001 0.0000 0.0001 0.0000 0.0000 0.0000 0.0000 0.0003 0.0004 0.0000 0.0000 0.0000 0.0000 0.0000 0.0000 0.0000 0.0000 0.0000 0.0007 0.0005 0.0008 0.0013 0.0069 0.0000 0.0000 0.0001 0.0000 0.0000 0.0066 0.0000 0.0000 0.0000 0.0000 0.0000
0.0048 0.0014 0.0016 0.0000 0.0000 0.0011 0.0000 0.0000 0.0000 0.0000 0.0000 0.0000 0.0000 0.0000 0.0000 0.0000 0.3346 0.5670 0.2711 0.2403 0.3762 0.0899 0.0069 0.0028 0.0012 0.3483 0.0704 0.0722 0.0475 0.0000 0.0013 0.0000 0.0044 0.0011 0.0030 0.0000 0.0004 0.0000 0.0000 0.0096 0.0000 0.0000 0.0034 0.0000 0.0000 0.0000 0.0000 0.0000 0.0003 0.0006 0.0002 0.0002 0.0007 0.0013 0.0019 0.0046 0.0013 0.0071 0.0123 0.0003 0.0000 0.0079 0.0102 0.0039
0.0000 0.0000 0.0000 0.0000 0.0000 0.0000 0.0000 0.0028 0.0015 0.0000 0.0002 0.0005 0.0001 0.0000 0.0000 0.0000 0.0000 0.0001 0.0000 0.0000 0.0000 0.0002 0.0000 0.0000 0.0001 0.0001 0.0000 0.0000 0.0001 0.0001 0.0000 0.0000 0.0000 0.0000 0.0000 0.0000 0.0000 0.0000 0.0012 0.0022 0.0025 0.0000 0.0010 0.0005 0.0000 0.0000 0.0000 0.0001 0.0015 0.0006 0.0001 0.0002 0.0042 0.0000 0.0000 0.0000 0.0000 0.0000 0.0000 0.0016 0.0001 0.0000 0.0000 0.0000
0.0000 0.0000 0.0000 0.0000 0.0000 0.0000 0.0000 0.0000 0.0000 0.0000 0.0372 0.0000 0.0000 0.0000 0.0000 0.0000 0.0000 0.0000 0.0000 0.0000 0.0000 0.0000 0.0000 0.0000 0.0000 0.0000 0.0000 0.0000 0.0000 0.0000 0.0002 0.0000 0.0000 0.0000 0.0003 0.0000 0.0000 0.0000 0.0000 0.0001 0.0001 0.0000 0.0000 0.0000 0.0000 0.0000 0.0000 0.0000 0.0000 0.0000 0.0000 0.0000 0.0000 0.0028 0.0000 0.0000 0.0050 0.0001 0.0000 0.0000 0.0000 0.0000 0.0000 0.0000
0.0000 0.0000 0.0024 0.0000 0.0000 0.0000 0.0000 0.0000 0.0000 0.0000 0.0141 0.0003 0.0000 0.0000 0.0000 0.0000 0.0000 0.0000 0.0100 0.0045 0.0035 0.0045 0.0066 0.0000 0.0003 0.0001 0.0000 0.0000 0.0000 0.0000 0.0000 0.0000 0.0000 0.0005 0.0000 0.0000 0.0000 0.0000 0.0000 0.0000 0.0000 0.0000 0.0000 0.0000 0.0000 0.0000 0.0000 0.0000 0.0000 0.0000 0.0000 0.0000 0.2242 0.2452 0.0442 0.0171 0.1062 0.1752 0.1700 0.0000 0.0000 0.0000 0.0000 0.0000
0.0000 0.0010 0.0004 0.0007 0.0019 0.0007 0.0054 0.0005 0.0001 0.0002 0.0011 0.0004 0.0000 0.0001 0.0000 0.0000 0.0001 0.0003 0.0360 0.0062 0.0148 0.0127 0.0049 0.0000 0.0000 0.0001 0.0000 0.0000 0.0006 0.0206 0.0349 0.0752 0.0939 0.0000 0.0003 0.0001 0.0005 0.0000 0.0027 0.0350 0.0000 0.0572 0.0480 0.0874 0.0570 0.0000 0.0069 0.0000 0.0002 0.0001 0.0004 0.0009 0.0467 0.2576 0.0001 0.0014 0.0020 0.0940 0.0092 0.0047 0.0013 0.0002 0.0003 0.0003
0.0080 0.0193 0.0034 0.0061 0.0063 0.0194 0.0204 0.0013 0.0009 0.0006 0.0006 0.0004 0.0001 0.0000 0.0009 0.0013 0.0188 0.0001 0.0186 0.0790 0.0014 0.0359 0.0629 0.0029 0.0529 0.0010 0.0003 0.0003 0.0008 0.0071 0.0007 0.0038 0.0036 0.0086 0.0432 0.0488 0.1400 0.1236 0.0973 0.0173 0.0000 0.0000 0.0004 0.0001 0.0000 0.0000 0.0000 0.0000 0.0100 0.0031 0.0000 0.0001 0.0005 0.0003 0.0009 0.0470 0.0296 0.0154 0.0327 0.0472 0.0227 0.0272 0.0385 0.0236
0.0875 0.0917 0.0122 0.0499 0.0271 0.0706 0.0300 0.0074 0.0050 0.0092 0.0347 0.0325 0.1042 0.0010 0.0011 0.0010 0.0005 0.0003 0.0003 0.0014 0.0078 0.0066 0.0058 0.0068 0.0060 0.0038 0.0015 0.0002 0.0002 0.0006 0.0018 0.0030 0.0137 0.0008 0.0063 0.0133 0.0009 0.0017 0.0021 0.0010 0.0009 0.0069 0.0060 0.0105 0.0013 0.0054 0.0062 0.2715 0.1960 0.2810 0.2136 0.3339 0.0000 0.0000 0.2492 0.0573 0.0026 0.0063 0.0702 0.0575 0.0491 0.1114 0.0193 0.0013
0.0000 0.0000 0.0000 0.0000 0.0017 0.0032 0.0000 0.0000 0.0000 0.0000 0.0000 0.0000 0.0029 0.0000 0.0005 0.0000 0.0032 0.0022 0.0000 0.0000 0.0000 0.0000 0.0000 0.0000 0.0000 0.0000 0.0000 0.0003 0.0008 0.0013 0.0003 0.0014 0.0000 0.0000 0.0000 0.0002 0.0001 0.0002 0.0037 0.0000 0.0000 0.0002 0.0027 0.0000 0.0000 0.0003 0.0004 0.0001 0.0000 0.0007 0.0028 0.0059 0.0096 0.0000 0.0000 0.0000 0.0000 0.0000 0.0000 0.0000 0.0000 0.0001 0.0047 0.0010
0.0000 0.0000 0.0001 0.0000 0.0000 0.0000 0.0000 0.0000 0.0000 0.0000 0.0000 0.0004 0.0028 0.0002 0.0008 0.0006 0.0023 0.0014 0.0029 0.0058 0.0000 0.0029 0.0051 0.0000 0.0004 0.0000 0.0000 0.0000 0.0000 0.0000 0.0000 0.0001 0.0003 0.0000 0.0000 0.0000 0.0000 0.0000 0.0003 0.0001 0.0000 0.0000 0.0006 0.0000 0.0000 0.0000 0.0000 0.0001 0.0001 0.0005 0.0001 0.0000 0.0012 0.1841 0.0000 0.0000 0.0000 0.0000 0.0000 0.0000 0.0000 0.0000 0.0000 0.0000
0.0000 0.0007 0.0000 0.0000 0.0000 0.0000 0.0000 0.0000 0.0000 0.0000 0.0171 0.0066 0.0000 0.0008 0.0012 0.0042 0.0000 0.0007 0.0000 0.0000 0.0036 0.0090 0.0000 0.0000 0.0001 0.0000 0.0001 0.0000 0.0004 0.0040 0.0001 0.0004 0.0002 0.0000 0.0004 0.0002 0.0001 0.0002 0.0006 0.0005 0.0006 0.0005 0.0000 0.0016 0.0009 0.0049 0.0000 0.0000 0.0001 0.0000 0.0000 0.0013 0.1239 0.0278 0.0746 0.0000 0.0059 0.0000 0.0000 0.0000 0.0000 0.0000 0.0000 0.0000
0.0000 0.0000 0.0008 0.0004 0.0008 0.0030 0.0122 0.0024 0.0031 0.0016 0.0072 0.0063 0.0066 0.0011 0.0029 0.0017 0.0086 0.0060 0.0040 0.0000 0.0016 0.3728 0.0207 0.0003 0.5025 0.2925 0.6860 0.1984 0.0301 0.1931 0.0476 0.1091 0.0001 0.4793 0.6598 0.5388 0.3374 0.2255 0.5870 0.6607 0.4950 0.3883 0.0778 0.0024 0.0001 0.0001 0.0001 0.0001 0.0001 0.0001 0.0002 0.0002 0.0009 0.0018 0.0000 0.0000 0.0011 0.0173 0.1490 0.0000 0.0000 0.0000 0.0000 0.0000
0.0000 0.0000 0.0000 0.0000 0.0000 0.0000 0.0000 0.0000 0.0000 0.0000 0.0037 0.0000 0.0000 0.0001 0.0004 0.0000 0.0000 0.0000 0.0000 0.0000 0.0000 0.0000 0.0049 0.0004 0.0000 0.0000 0.0007 0.0000 0.0000 0.0000 0.0000 0.0000 0.0001 0.0000 0.0000 0.0000 0.0000 0.0000 0.0000 0.0000 0.0175 0.0135 0.0167 0.0085 0.0000 0.0000 0.0000 0.0000 0.0000 0.0000 0.0000 0.0000 0.0000 0.0000 0.0000 0.0000 0.0000 0.0000 0.0000 0.0000 0.0000 0.0000 0.0000 0.0000
0.0000 0.0000 0.0000 0.0000 0.0000 0.0000 0.0000 0.0000 0.0000 0.0000 0.0000 0.0000 0.0000 0.0000 0.0000 0.0023 0.0000 0.0000 0.0000 0.0000 0.0000 0.0000 0.0000 0.0000 0.0000 0.0000 0.0000 0.0000 0.0000 0.0000 0.0000 0.0000 0.0000 0.0000 0.0000 0.0000 0.0000 0.0000 0.0000 0.0000 0.0000 0.0000 0.0000 0.0000 0.0000 0.0000 0.0000 0.0000 0.0000 0.0000 0.0000 0.0000 0.0000 0.0000 0.0000 0.0000 0.0000 0.0011 0.0000 0.0000 0.0000 0.0000 0.0000 0.0000
0.1259 0.1041 0.0000 0.0130 0.0544 0.0012 0.0000 0.0000 0.0000 0.0000 0.0000 0.0000 0.0000 0.0000 0.0059 0.1677 0.2029 0.1820 0.2166 0.1185 0.0000 0.0119 0.0065 0.0014 0.1009 0.0000 0.0000 0.0000 0.0000 0.0000 0.0000 0.0008 0.0006 0.0001 0.0006 0.0002 0.0001 0.0000 0.0000 0.0000 0.0000 0.0000 0.0015 0.0025 0.0013 0.0007 0.0012 0.0039 0.0000 0.0000 0.0000 0.0000 0.0000 0.0004 0.0000 0.0014 0.0021 0.0020 0.0009 0.0000 0.0000 0.0000 0.0000 0.0000
0.0000 0.0000 0.0000 0.0000 0.0000 0.0000 0.0000 0.0000 0.0000 0.0000 0.0000 0.0000 0.0000 0.0000 0.0000 0.0000 0.0000 0.0000 0.0000 0.0000 0.0000 0.0000 0.0000 0.0000 0.0000 0.0000 0.0000 0.0000 0.0000 0.0000 0.0000 0.0000 0.0000 0.0000 0.0000 0.0000 0.0000 0.0000 0.0000 0.0000 0.0000 0.0000 0.0000 0.0012 0.0000 0.0000 0.0000 0.0000 0.0005 0.0000 0.0000 0.0000 0.0000 0.0000 0.0000 0.0000 0.0000 0.0000 0.0000 0.0000 0.0000 0.0000 0.0000 0.0000
0.0019 0.0020 0.0028 0.0076 0.0079 0.0049 0.0066 0.0162 0.0166 0.0060 0.0515 0.1177 0.0074 0.1795 0.2647 0.2920 0.1406 0.0067 0.0090 0.0801 0.0058 0.0169 0.0096 0.0016 0.0009 0.0011 0.0068 0.0005 0.0007 0.0123 0.0064 0.0023 0.0005 0.0006 0.0000 0.0000 0.0000 0.0060 0.0135 0.0054 0.0000 0.0001 0.0000 0.0000 0.0042 0.0079 0.0110 0.0000 0.0000 0.0000 0.0000 0.0000 0.0006 0.0007 0.0000 0.1255 0.1793 0.5009 0.2207 0.0008 0.0038 0.0131 0.0016 0.0003
0.0000 0.0000 0.0000 0.0000 0.0000 0.0000 0.0000 0.0015 0.0000 0.0000 0.0000 0.0000 0.0000 0.0000 0.0000 0.0000 0.0000 0.0007 0.0009 0.0040 0.0013 0.0000 0.0000 0.0000 0.0000 0.0000 0.0000 0.0002 0.0006 0.0000 0.0000 0.0000 0.0000 0.0000 0.0000 0.0000 0.0000 0.0000 0.0000 0.0003 0.0001 0.0000 0.0005 0.0001 0.0000 0.0000 0.0000 0.0000 0.0000 0.0000 0.0000 0.0000 0.0041 0.0020 0.0000 0.0000 0.0006 0.0093 0.0320 0.0000 0.0000 0.0000 0.0000 0.0000
0.1251 0.1010 0.2637 0.1924 0.3101 0.1388 0.2294 0.2795 0.3515 0.3177 0.0000 0.0000 0.0000 0.2094 0.2099 0.1851 0.0480 0.1223 0.2392 0.0912 0.0066 0.3036 0.3179 0.0028 0.2698 0.0484 0.0078 0.0391 0.0010 0.0004 0.0133 0.0053 0.0012 0.0000 0.0560 0.0628 0.0011 0.0029 0.0067 0.0045 0.0000 0.0019 0.0000 0.0067 0.0006 0.0000 0.0000 0.0000 0.0002 0.0012 0.0000 0.0000 0.0003 0.0000 0.0000 0.0000 0.0000 0.0000 0.0000 0.0000 0.0008 0.0010 0.0147 0.0007
0.0000 0.0000 0.0000 0.0000 0.0001 0.0001 0.0000 0.0000 0.0000 0.0000 0.0000 0.0000 0.0000 0.0000 0.0000 0.0000 0.0000 0.0000 0.0000 0.1360 0.2017 0.0000 0.0000 0.0000 0.0000 0.2719 0.0000 0.6625 0.8626 0.3874 0.6125 0.5643 0.6525 0.4323 0.1851 0.2627 0.3811 0.4576 0.1071 0.0000 0.0000 0.0000 0.0000 0.0000 0.0000 0.0000 0.0000 0.0000 0.0000 0.0000 0.0000 0.0000 0.0000 0.0001 0.0000 0.0000 0.0008 0.0000 0.0000 0.0000 0.0000 0.0000 0.0000 0.0000
0.0058 0.0036 0.0012 0.0040 0.0038 0.0062 0.0000 0.0000 0.0000 0.0000 0.0000 0.0000 0.0000 0.0000 0.0000 0.0000 0.0000 0.0000 0.0000 0.0139 0.0000 0.0000 0.0004 0.0000 0.0000 0.0000 0.0000 0.0000 0.0006 0.0007 0.0001 0.0004 0.0002 0.0000 0.0002 0.0003 0.0004 0.0000 0.0000 0.0066 0.0001 0.0003 0.0001 0.0010 0.0000 0.0000 0.0000 0.0005 0.0034 0.0009 0.0141 0.0277 0.0028 0.0000 0.0000 0.0000 0.0000 0.0000 0.0000 0.0000 0.0000 0.0000 0.0005 0.0004
0.0000 0.0000 0.0000 0.0000 0.0000 0.0000 0.0000 0.0000 0.0000 0.0000 0.0000 0.0000 0.0075 0.0000 0.0000 0.0018 0.0000 0.0000 0.0000 0.0000 0.0000 0.0000 0.0000 0.0000 0.0000 0.0000 0.0000 0.0000 0.0000 0.0000 0.0000 0.0000 0.0010 0.0001 0.0000 0.0002 0.0000 0.0000 0.0000 0.0000 0.0000 0.0000 0.0000 0.0000 0.0000 0.0000 0.0000 0.0000 0.0000 0.0000 0.0000 0.0000 0.0000 0.0000 0.0000 0.0000 0.0000 0.0000 0.0000 0.0000 0.0000 0.0000 0.0000 0.0000
0.0000 0.0000 0.0000 0.0000 0.0002 0.0023 0.0016 0.0000 0.0000 0.0000 0.0000 0.0079 0.0023 0.0808 0.0058 0.0150 0.0000 0.0000 0.0001 0.0000 0.0000 0.0000 0.0001 0.0000 0.0000 0.0000 0.0000 0.0000 0.0005 0.0000 0.0000 0.0000 0.0000 0.0000 0.0000 0.0002 0.0004 0.0000 0.0001 0.0000 0.0000 0.0001 0.0018 0.0021 0.0000 0.0000 0.0005 0.0061 0.0000 0.0027 0.0000 0.0030 0.0001 0.0003 0.0000 0.0000 0.0000 0.0005 0.0000 0.0000 0.0007 0.0000 0.0000 0.0000
0.0000 0.0000 0.0000 0.0000 0.0000 0.0000 0.0000 0.0000 0.0000 0.0000 0.0004 0.0010 0.0000 0.0000 0.0000 0.0000 0.0000 0.0000 0.0000 0.0000 0.0000 0.0000 0.0000 0.0000 0.0000 0.0000 0.0000 0.0000 0.0000 0.0000 0.0000 0.0000 0.0000 0.0000 0.0000 0.0000 0.0000 0.0000 0.0000 0.0010 0.0002 0.0003 0.0000 0.0000 0.0000 0.0000 0.0000 0.0000 0.0000 0.0000 0.0000 0.0000 0.0000 0.0000 0.0000 0.0000 0.0000 0.0000 0.0060 0.0012 0.0002 0.0000 0.0000 0.0000
0.0009 0.0032 0.0000 0.0000 0.0001 0.0000 0.0000 0.0001 0.0001 0.0000 0.0001 0.0001 0.0016 0.0000 0.0001 0.0003 0.0000 0.0011 0.0039 0.0037 0.0897 0.0000 0.0000 0.0000 0.0001 0.0003 0.0814 0.0001 0.0103 0.0607 0.0243 0.0003 0.0168 0.0194 0.0007 0.0003 0.0007 0.0003 0.0030 0.1239 0.2305 0.0850 0.1733 0.0147 0.0028 0.0000 0.0021 0.1609 0.0200 0.0208 0.0392 0.0154 0.0481 0.0049 0.0036 0.0033 0.0053 0.0034 0.0107 0.0024 0.0008 0.0351 0.0731 0.0001
0.0002 0.0006 0.0001 0.0000 0.0000 0.0000 0.0000 0.0000 0.0000 0.0000 0.0021 0.0008 0.0129 0.0019 0.0018 0.0024 0.0095 0.0001 0.0000 0.0000 0.0000 0.0000 0.0000 0.0000 0.0000 0.0000 0.0000 0.0000 0.0000 0.0044 0.0021 0.0009 0.0000 0.0000 0.0000 0.0000 0.0003 0.0000 0.0001 0.0007 0.0027 0.0015 0.0014 0.0011 0.0000 0.0000 0.0017 0.0010 0.0000 0.0000 0.0000 0.0000 0.0082 0.0007 0.0006 0.0000 0.0000 0.0000 0.0000 0.0000 0.0000 0.0000 0.0000 0.0000
0.0000 0.0000 0.0000 0.0000 0.0000 0.0000 0.0000 0.0000 0.0000 0.0000 0.0000 0.0000 0.0001 0.0000 0.0000 0.0000 0.0136 0.0000 0.0000 0.0000 0.0000 0.0000 0.0000 0.0000 0.0000 0.0000 0.0000 0.0000 0.0000 0.0000 0.0000 0.0000 0.0000 0.0000 0.0002 0.0000 0.0000 0.0000 0.0000 0.0277 0.0550 0.0041 0.0000 0.0000 0.0000 0.0000 0.0016 0.1239 0.0083 0.0010 0.0003 0.0007 0.0026 0.0000 0.0004 0.0007 0.0006 0.0097 0.0112 0.0008 0.0004 0.0001 0.0001 0.0000
0.0000 0.0000 0.0000 0.0000 0.0000 0.0000 0.0000 0.0000 0.0013 0.0087 0.0051 0.0158 0.0132 0.0048 0.0000 0.0000 0.0000 0.0000 0.0000 0.0000 0.0000 0.0000 0.0000 0.0000 0.0004 0.0000 0.0000 0.0000 0.0000 0.0000 0.0000 0.0000 0.0020 0.0026 0.0059 0.0034 0.0060 0.0030 0.0006 0.0000 0.0000 0.0001 0.0008 0.0000 0.0000 0.0000 0.0000 0.0000 0.0000 0.0321 0.0240 0.0178 0.0222 0.0253 0.0117 0.0091 0.0175 0.0062 0.0156 0.0353 0.0000 0.0000 0.0000 0.0000
0.0000 0.0000 0.0027 0.0047 0.0001 0.0009 0.0000 0.0001 0.0000 0.0000 0.0801 0.0000 0.0000 0.0000 0.0000 0.0000 0.0000 0.0002 0.0000 0.0000 0.0001 0.0003 0.0004 0.0000 0.0000 0.0000 0.0000 0.0000 0.0000 0.0000 0.0000 0.0000 0.0000 0.0000 0.0000 0.0000 0.0000 0.0000 0.0000 0.0000 0.0000 0.0000 0.0006 0.0015 0.0000 0.0012 0.0000 0.0000 0.0002 0.0000 0.0002 0.0000 0.0002 0.0000 0.0001 0.0000 0.0000 0.0000 0.0000 0.0000 0.0000 0.0000 0.0000 0.0000
0.0252 0.0770 0.0000 0.0000 0.0003 0.0032 0.0000 0.0024 0.0000 0.0000 0.0005 0.0061 0.2179 0.0117 0.1240 0.2051 0.1941 0.0852 0.0797 0.1223 0.0976 0.0071 0.0063 0.0707 0.0018 0.0025 0.0023 0.0000 0.0001 0.0009 0.0001 0.0004 0.0014 0.0003 0.0000 0.0000 0.0001 0.0000 0.0000 0.0000 0.0000 0.0001 0.0025 0.0008 0.0000 0.0000 0.0002 0.0080 0.0016 0.0060 0.0009 0.0000 0.1593 0.1753 0.0246 0.1287 0.0776 0.0000 0.0051 0.0031 0.0010 0.0001 0.0001 0.0000
0.0000 0.0000 0.0000 0.0000 0.0000 0.0000 0.0009 0.0000 0.0000 0.0002 0.0008 0.0020 0.0000 0.0000 0.0000 0.0000 0.0000 0.0000 0.0000 0.0000 0.0000 0.0000 0.0000 0.0000 0.0000 0.0000 0.0000 0.0000 0.0000 0.0000 0.0015 0.0631 0.0000 0.0000 0.0002 0.0000 0.0027 0.0000 0.0003 0.0000 0.0027 0.0016 0.0000 0.0000 0.0000 0.0000 0.0002 0.0093 0.0005 0.0007 0.0023 0.0000 0.0001 0.0001 0.0017 0.0015 0.0023 0.0036 0.0000 0.0000 0.0000 0.0000 0.0000 0.0000
0.0156 0.0403 0.0078 0.0142 0.0077 0.0386 0.0420 0.0031 0.0002 0.0001 0.0003 0.0008 0.0011 0.0003 0.0009 0.0010 0.0002 0.0002 0.0005 0.0005 0.0003 0.0000 0.0000 0.1223 0.0000 0.0009 0.0000 0.0000 0.0000 0.0000 0.0000 0.0000 0.0000 0.0000 0.0000 0.0000 0.0000 0.0000 0.0000 0.0000 0.0000 0.0000 0.0020 0.0072 0.0078 0.0070 0.0000 0.0000 0.0000 0.0000 0.0000 0.0000 0.0000 0.0000 0.1560 0.0000 0.0872 0.0000 0.1387 0.0000 0.0000 0.0000 0.0000 0.0000
0.0000 0.0000 0.0000 0.0000 0.0000 0.0000 0.0000 0.0000 0.0000 0.0000 0.0000 0.0030 0.0000 0.0006 0.0000 0.0000 0.0000 0.0000 0.0037 0.0000 0.0000 0.0000 0.0000 0.0000 0.0000 0.0000 0.0000 0.0000 0.0000 0.0000 0.0000 0.0000 0.0000 0.0000 0.0000 0.0000 0.0000 0.0003 0.0001 0.0001 0.0000 0.0001 0.0029 0.0014 0.0000 0.0000 0.0000 0.0086 0.0000 0.0000 0.0000 0.0000 0.0000 0.0003 0.0006 0.0003 0.0000 0.0000 0.0010 0.0000 0.0000 0.0000 0.0000 0.0000
0.3607 0.4654 0.5833 0.5559 0.4551 0.6253 0.5786 0.6007 0.4529 0.6475 0.6428 0.6388 0.5692 0.4993 0.3620 0.1023 0.0109 0.0018 0.0248 0.0003 0.0053 0.0623 0.0084 0.0074 0.0090 0.0029 0.0023 0.0002 0.0002 0.0008 0.0012 0.0011 0.0019 0.0000 0.0023 0.0079 0.0000 0.0008 0.0013 0.0007 0.0000 0.0000 0.0000 0.0000 0.0000 0.0000 0.0005 0.0000 0.0000 0.0000 0.0000 0.0000 0.0000 0.0000 0.0001 0.0137 0.0002 0.0013 0.0000 0.0004 0.0000 0.0000 0.0000 0.0000
0.0000 0.0000 0.0004 0.0055 0.0000 0.0000 0.0000 0.0000 0.0000 0.0000 0.0000 0.0000 0.0106 0.0022 0.0041 0.0066 0.0000 0.0057 0.0000 0.0010 0.0029 0.0002 0.1248 0.0002 0.0001 0.0000 0.0015 0.0001 0.0007 0.0099 0.0015 0.0000 0.0000 0.0000 0.0000 0.0001 0.0000 0.0042 0.0119 0.0001 0.0000 0.0000 0.0036 0.0006 0.0000 0.0001 0.0000 0.0000 0.0001 0.0000 0.0046 0.0049 0.0053 0.0015 0.0000 0.0000 0.0075 0.0017 0.0000 0.0000 0.0006 0.0035 0.0022 0.0004
0.0000 0.0000 0.0000 0.0000 0.0000 0.0000 0.0000 0.0000 0.0000 0.0000 0.0000 0.0000 0.0000 0.0000 0.0000 0.0000 0.0000 0.0000 0.0000 0.0000 0.0000 0.0000 0.0000 0.0000 0.0000 0.0000 0.0000 0.0000 0.0000 0.0000 0.0000 0.0000 0.0000 0.0000 0.0000 0.0000 0.0000 0.0000 0.0000 0.0000 0.0000 0.0000 0.0059 0.0000 0.0000 0.0000 0.0000 0.0000 0.0000 0.0000 0.0000 0.0000 0.0000 0.0000 0.0000 0.0000 0.0000 0.0000 0.0000 0.0000 0.0000 0.0000 0.0000 0.0000
0.0000 0.0000 0.0000 0.0000 0.0000 0.0009 0.0016 0.0002 0.0000 0.0000 0.0000 0.0000 0.0000 0.0000 0.0000 0.0000 0.0000 0.0000 0.0000 0.0000 0.0000 0.0000 0.0000 0.0000 0.0000 0.0000 0.0000 0.0000 0.0000 0.0000 0.0000 0.0000 0.0000 0.0000 0.0000 0.0000 0.0000 0.0000 0.0000 0.0000 0.0000 0.0000 0.0000 0.0000 0.0000 0.0000 0.0000 0.0000 0.0000 0.0000 0.0000 0.0000 0.0000 0.0000 0.0000 0.0000 0.0000 0.0000 0.0000 0.0000 0.0000 0.0000 0.0000 0.0000
0.0000 0.0000 0.0000 0.0000 0.0000 0.0000 0.0000 0.0000 0.0000 0.0000 0.0000 0.0104 0.0000 0.0000 0.0000 0.0000 0.0038 0.0007 0.0006 0.0150 0.0000 0.0000 0.0000 0.0000 0.0000 0.0000 0.0000 0.0000 0.0000 0.0000 0.0000 0.0000 0.0000 0.0000 0.0001 0.0000 0.0000 0.0000 0.0000 0.0000 0.0000 0.0000 0.0014 0.0000 0.0000 0.0056 0.0083 0.0431 0.0037 0.0012 0.0274 0.0000 0.0000 0.0045 0.0000 0.0000 0.0048 0.0028 0.0174 0.0012 0.0005 0.0010 0.0025 0.0007
0.0002 0.0001 0.0001 0.0000 0.0009 0.0000 0.0019 0.0000 0.0000 0.0000 0.0009 0.0004 0.0076 0.0044 0.0039 0.0033 0.0000 0.0001 0.0000 0.0002 0.0001 0.0000 0.0000 0.0000 0.0000 0.0006 0.0006 0.0002 0.0005 0.0011 0.0000 0.0000 0.0000 0.0000 0.0000 0.0000 0.0000 0.0000 0.0000 0.0000 0.0000 0.0000 0.0008 0.0000 0.0000 0.0000 0.0000 0.0000 0.0013 0.0007 0.1351 0.0000 0.0000 0.0000 0.1185 0.1108 0.1112 0.0000 0.0036 0.1495 0.0739 0.0408 0.0681 0.1284
0.0000 0.0000 0.0000 0.0000 0.0000 0.0024 0.0000 0.0000 0.0000 0.0000 0.0177 0.0291 0.0142 0.0001 0.0041 0.0007 0.0000 0.0000 0.0000 0.0000 0.0038 0.0038 0.0052 0.0006 0.0005 0.0000 0.0010 0.0007 0.0000 0.0038 0.0004 0.0023 0.0000 0.0000 0.0000 0.0000 0.0000 0.0000 0.0000 0.0117 0.0228 0.0000 0.0095 0.0009 0.0000 0.0002 0.0000 0.0000 0.0000 0.0014 0.0046 0.0054 0.0000 0.0000 0.0000 0.0000 0.0001 0.0000 0.0002 0.0001 0.0000 0.0000 0.0000 0.0000
0.0000 0.0000 0.0000 0.0000 0.0000 0.0010 0.0000 0.0000 0.0000 0.0000 0.0000 0.0038 0.0028 0.0000 0.0000 0.0000 0.0000 0.0000 0.0000 0.0000 0.0000 0.0000 0.0001 0.0000 0.0000 0.0001 0.0001 0.0000 0.0000 0.0002 0.0000 0.0000 0.0000 0.0000 0.0000 0.0000 0.0000 0.0000 0.0001 0.0000 0.0000 0.0000 0.0000 0.0000 0.0000 0.0000 0.0000 0.0000 0.0000 0.0000 0.0000 0.0001 0.0013 0.0023 0.0000 0.0000 0.0005 0.0009 0.0000 0.0009 0.0005 0.0000 0.0000 0.0000
0.0000 0.0000 0.0000 0.0000 0.0000 0.0001 0.0000 0.0000 0.0000 0.0000 0.0000 0.0000 0.0000 0.0000 0.0000 0.0000 0.0000 0.0000 0.0000 0.0000 0.0000 0.0000 0.0000 0.0001 0.0000 0.0006 0.0000 0.0000 0.0000 0.0000 0.0000 0.0000 0.0000 0.0000 0.0000 0.0000 0.0000 0.0000 0.0000 0.0074 0.0009 0.0004 0.0017 0.0000 0.0013 0.0000 0.0000 0.0000 0.0000 0.0000 0.0000 0.0000 0.0000 0.0048 0.0000 0.0005 0.0000 0.0000 0.0168 0.0000 0.0000 0.0000 0.0000 0.0000
0.0000 0.0001 0.0000 0.0000 0.0000 0.0000 0.0000 0.0000 0.0000 0.0000 0.0000 0.0000 0.0000 0.0000 0.0000 0.0000 0.0000 0.0000 0.0000 0.0000 0.0000 0.0000 0.0000 0.4746 0.0000 0.0000 0.0000 0.0000 0.0000 0.0127 0.0000 0.0000 0.0000 0.0000 0.0000 0.0000 0.0000 0.0000 0.0000 0.0000 0.0000 0.0000 0.0000 0.0000 0.0000 0.0000 0.0000 0.0117 0.0000 0.0000 0.0000 0.0000 0.0000 0.0000 0.0000 0.0000 0.0000 0.0000 0.0000 0.0000 0.0000 0.0000 0.0000 0.3815
0.2259 0.0379 0.0880 0.0833 0.0905 0.0095 0.0000 0.0000 0.0899 0.0000 0.0000 0.0812 0.0000 0.0000 0.0000 0.0000 0.0000 0.0000 0.0000 0.0000 0.0000 0.0000 0.0003 0.0000 0.0000 0.0001 0.0008 0.0001 0.0000 0.0002 0.0004 0.0048 0.0001 0.0000 0.0018 0.0000 0.0000 0.0000 0.0000 0.0000 0.0000 0.0000 0.0000 0.0000 0.0000 0.0000 0.0000 0.0000 0.0000 0.0000 0.0000 0.0000 0.0022 0.0000 0.0000 0.0000 0.0000 0.0005 0.0005 0.0000 0.0000 0.0000 0.0000 0.0000
0.0008 0.0004 0.0004 0.0003 0.0001 0.0000 0.0003 0.0005 0.0000 0.0000 0.0000 0.0000 0.0000 0.0006 0.0000 0.0012 0.0001 0.0001 0.0120 0.0038 0.0032 0.0000 0.0045 0.2726 0.0000 0.0000 0.0000 0.0000 0.0000 0.0000 0.0000 0.0026 0.0000 0.0000 0.0006 0.0008 0.0003 0.0001 0.0041 0.0052 0.0748 0.4135 0.5830 0.8160 0.9063 0.9544 0.9507 0.2726 0.3637 0.4660 0.3997 0.2005 0.0136 0.0004 0.1353 0.1787 0.2079 0.0063 0.0229 0.5117 0.8310 0.2657 0.3916 0.4560
0.0000 0.0000 0.0000 0.0015 0.0000 0.0001 0.0000 0.0001 0.0000 0.0000 0.0035 0.0006 0.0029 0.0000 0.0007 0.0000 0.0000 0.0000 0.0000 0.0001 0.0122 0.0032 0.0077 0.0000 0.0026 0.0001 0.0116 0.0000 0.0001 0.0000 0.0000 0.0000 0.0000 0.0007 0.0004 0.0000 0.0000 0.0000 0.0056 0.0006 0.0000 0.0000 0.0001 0.0000 0.0000 0.0000 0.0000 0.0000 0.0000 0.0003 0.0035 0.0014 0.0002 0.0054 0.0008 0.0000 0.0018 0.0000 0.0000 0.0000 0.0000 0.0000 0.0001 0.0000
0.0000 0.0000 0.0000 0.0000 0.0000 0.0000 0.0000 0.0000 0.0000 0.0000 0.0122 0.0000 0.0000 0.0000 0.0000 0.0000 0.0000 0.0000 0.0000 0.0000 0.0000 0.0000 0.0000 0.0000 0.0000 0.0000 0.0000 0.0000 0.0000 0.0000 0.0000 0.0000 0.0000 0.0000 0.0000 0.0000 0.0000 0.0000 0.0000 0.0000 0.0000 0.0000 0.0000 0.0000 0.0000 0.0000 0.0000 0.0000 0.0000 0.0000 0.0000 0.0000 0.0000 0.0000 0.0000 0.0000 0.0000 0.0000 0.0000 0.0000 0.0000 0.0000 0.0000 0.0000
0.0000 0.0000 0.0000 0.0010 0.0000 0.0000 0.0000 0.0000 0.0004 0.0000 0.0000 0.0000 0.0058 0.0005 0.0000 0.0000 0.0003 0.0000 0.0016 0.0000 0.0000 0.0000 0.0000 0.0000 0.0035 0.0021 0.0011 0.0006 0.0000 0.0000 0.0005 0.0000 0.0000 0.0000 0.0000 0.0000 0.0000 0.0000 0.0002 0.0000 0.0000 0.0000 0.0038 0.0005 0.0000 0.0000 0.0000 0.0000 0.0000 0.0000 0.0000 0.0000 0.0000 0.0001 0.0000 0.0001 0.0067 0.0026 0.0000 0.0005 0.0000 0.0000 0.0000 0.0000
0.0030 0.0097 0.0020 0.0014 0.0002 0.0000 0.0000 0.0000 0.0008 0.0000 0.0000 0.0000 0.0000 0.0000 0.0000 0.0000 0.0000 0.0025 0.0029 0.0028 0.0031 0.0061 0.0049 0.0013 0.0021 0.0010 0.0011 0.0014 0.0020 0.0056 0.0034 0.0023 0.0041 0.0000 0.0000 0.0127 0.0113 0.0159 0.0219 0.0120 0.0254 0.0000 0.0326 0.0000 0.0000 0.0029 0.0000 0.0000 0.0027 0.0000 0.0038 0.0004 0.0017 0.0001 0.1289 0.0001 0.0000 0.0000 0.0003 0.0000 0.0000 0.0001 0.0000 0.0000
0.0011 0.0000 0.0000 0.0000 0.0000 0.0000 0.0000 0.0000 0.0000 0.0000 0.0012 0.0004 0.0000 0.0000 0.0000 0.0000 0.0039 0.0022 0.0009 0.0017 0.0047 0.0031 0.0036 0.0004 0.0005 0.0002 0.0010 0.0004 0.0005 0.0008 0.0002 0.0051 0.0052 0.0024 0.0017 0.0134 0.0131 0.0223 0.0248 0.0234 0.0481 0.0203 0.0003 0.0171 0.0000 0.0054 0.0000 0.0000 0.0507 0.0000 0.0011 0.0000 0.0589 0.0097 0.0001 0.0742 0.0040 0.1151 0.0053 0.0000 0.0000 0.0000 0.0000 0.0000
0.0000 0.0000 0.0000 0.0000 0.0000 0.0000 0.0000 0.0000 0.0000 0.0000 0.0000 0.0000 0.0000 0.0000 0.0000 0.0000 0.0000 0.0000 0.0000 0.0000 0.0000 0.0000 0.0000 0.0000 0.0000 0.0000 0.0000 0.0000 0.0000 0.0000 0.0019 0.0005 0.0001 0.0062 0.0000 0.0000 0.0000 0.0000 0.0000 0.0000 0.0000 0.0000 0.0000 0.0000 0.0000 0.0000 0.0000 0.0000 0.0000 0.0000 0.0000 0.0000 0.0000 0.0001 0.0000 0.0000 0.0000 0.0000 0.0003 0.0000 0.0000 0.0000 0.0000 0.0000
0.0000 0.0000 0.0000 0.0000 0.0000 0.0000 0.0000 0.0000 0.0000 0.0000 0.0000 0.0000 0.0000 0.0000 0.0012 0.0005 0.0013 0.0074 0.0419 0.0000 0.0585 0.0090 0.0000 0.0260 0.0374 0.0174 0.0523 0.0190 0.0336 0.0816 0.0391 0.0377 0.0068 0.0239 0.0237 0.0163 0.0075 0.0107 0.0160 0.0080 0.0016 0.0000 0.0000 0.0000 0.0000 0.0000 0.0000 0.0000 0.0000 0.0000 0.0000 0.0001 0.0000 0.0001 0.0000 0.0000 0.0000 0.0000 0.0000 0.0000 0.0000 0.0000 0.0000 0.0000
0.0000 0.0040 0.0033 0.0161 0.0001 0.0000 0.0000 0.0000 0.0001 0.0000 0.0001 0.0000 0.0007 0.0001 0.0003 0.0003 0.0003 0.0003 0.0003 0.0007 0.0017 0.0023 0.0007 0.0004 0.0011 0.0007 0.0004 0.0004 0.0009 0.0015 0.0004 0.0020 0.0042 0.0014 0.0042 0.0044 0.0016 0.0026 0.0014 0.0014 0.0014 0.0006 0.0016 0.0008 0.0001 0.0005 0.0007 0.0009 0.0285 0.0017 0.0108 0.0115 0.0095 0.0014 0.0002 0.1240 0.1035 0.0001 0.0000 0.1475 0.0000 0.0000 0.0000 0.0000
0.0000 0.0120 0.0150 0.0254 0.0262 0.0148 0.0015 0.0039 0.0000 0.0000 0.0000 0.0006 0.0000 0.0000 0.0005 0.0007 0.0000 0.0002 0.0000 0.0000 0.0000 0.0000 0.0000 0.0000 0.0000 0.0000 0.0000 0.0000 0.0000 0.0000 0.0002 0.0000 0.0000 0.0000 0.0000 0.0000 0.0000 0.0000 0.0000 0.0019 0.0000 0.0001 0.0000 0.0000 0.0003 0.0022 0.0004 0.0000 0.0000 0.0000 0.0000 0.0000 0.0005 0.0000 0.0001 0.0002 0.0000 0.0000 0.0000 0.0042 0.0002 0.0005 0.0000 0.0000
0.0002 0.0000 0.0002 0.0000 0.0000 0.0017 0.0005 0.0010 0.0000 0.0000 0.0000 0.0000 0.0000 0.0000 0.0000 0.0000 0.0001 0.0011 0.0018 0.0072 0.0000 0.0000 0.1772 0.0000 0.0000 0.0001 0.0000 0.0000 0.0000 0.0000 0.0000 0.0000 0.0000 0.0000 0.0000 0.0000 0.0000 0.0000 0.0000 0.0000 0.0000 0.0000 0.0000 0.0000 0.0000 0.0011 0.0065 0.0462 0.0573 0.0528 0.0639 0.0651 0.0643 0.0349 0.0264 0.0088 0.0069 0.0111 0.0006 0.0147 0.0000 0.0000 0.0000 0.0000
