0.0172 0.0155 0.0185 0.0201 0.0012 0.0046 0.0018 0.0025 0.0024 0.0027 0.0040 0.0052 0.0041 0.0034 0.0051 0.0044 0.0029 0.0052 0.0044 0.0032 0.0035 0.0035 0.0031 0.0045 0.0042 0.0048 0.0047 0.0043 0.0043 0.0040 0.0041 0.0033 0.0152 0.0197 0.0174 0.0013 0.0012 0.0023 0.0711 0.1107 0.1846 0.0066 0.0205 0.0058 0.0271 0.0013 0.0037 0.0052 0.0071 0.0085 0.0224 0.0061 0.0384 0.0030 0.0106 0.0081 0.0125 0.0093 0.0077 0.0060 0.0055 0.0156 0.0086 0.0127
0.0008 0.0008 0.0007 0.0008 0.0007 0.0009 0.0011 0.0007 0.0043 0.0034 0.0031 0.0014 0.0010 0.0009 0.0010 0.0014 0.0008 0.0007 0.0010 0.0006 0.0034 0.0009 0.0007 0.0032 0.0008 0.0010 0.0006 0.0007 0.0007 0.0009 0.0022 0.0019 0.0006 0.0007 0.0009 0.0006 0.0010 0.0068 0.0014 0.0062 0.0042 0.0033 0.0015 0.0055 0.0023 0.0013 0.0005 0.0008 0.0093 0.0008 0.0014 0.0007 0.0009 0.0008 0.0007 0.0009 0.0008 0.0056 0.0115 0.0008 0.0008 0.0007 0.0014 0.0014
0.0009 0.0009 0.0008 0.0007 0.0008 0.0010 0.0009 0.0007 0.0008 0.0022 0.0014 0.0014 0.0009 0.0101 0.0008 0.0009 0.0009 0.0010 0.0010 0.0015 0.0007 0.0009 0.0014 0.0016 0.0029 0.0018 0.0110 0.0011 0.0011 0.0008 0.0008 0.0015 0.0015 0.0008 0.0008 0.0032 0.0040 0.0010 0.0010 0.0032 0.0030 0.0046 0.0072 0.0052 0.0054 0.0032 0.0032 0.0049 0.0050 0.0051 0.0118 0.0093 0.0039 0.0101 0.0018 0.0042 0.0023 0.0008 0.0012 0.0009 0.0007 0.0012 0.0007 0.0007
0.0006 0.0009 0.1428 0.1349 0.3632 0.0016 0.3892 0.2661 0.3683 0.4296 0.4249 0.4979 0.4554 0.4485 0.4410 0.4696 0.2603 0.2573 0.0600 0.0008 0.0007 0.0008 0.0006 0.0008 0.0007 0.0006 0.0007 0.0010 0.0007 0.0006 0.0009 0.0015 0.0905 0.1258 0.0424 0.0007 0.0015 0.0021 0.0008 0.0008 0.0005 0.0006 0.0006 0.0006 0.0004 0.0005 0.0005 0.0006 0.0005 0.0008 0.0006 0.2016 0.1486 0.2849 0.3283 0.2652 0.1924 0.1661 0.0008 0.0811 0.2052 0.0777 0.0007 0.0007
0.0320 0.0349 0.0297 0.0316 0.0320 0.0321 0.0324 0.0302 0.0306 0.0168 0.0107 0.0030 0.0093 0.0077 0.0010 0.0175 0.0012 0.0022 0.0107 0.1022 0.0025 0.0044 0.0246 0.0455 0.0174 0.0478 0.0359 0.0575 0.0350 0.0091 0.0054 0.0026 0.0076 0.0128 0.0034 0.0029 0.0035 0.0029 0.0031 0.0036 0.0030 0.0033 0.0034 0.0029 0.0039 0.0030 0.0040 0.0054 0.0007 0.0010 0.0046 0.0055 0.0055 0.0039 0.0209 0.0066 0.0048 0.0034 0.0030 0.0030 0.0043 0.0106 0.0163 0.0036
0.0056 0.0081 0.0068 0.0061 0.0055 0.0062 0.0078 0.0055 0.0070 0.0050 0.0056 0.0042 0.0031 0.0054 0.0059 0.0057 0.0036 0.0026 0.0036 0.0032 0.0019 0.0014 0.0007 0.0043 0.0036 0.0030 0.0032 0.0022 0.0023 0.0008 0.0023 0.0007 0.0028 0.0016 0.0008 0.0018 0.0014 0.0012 0.0009 0.0011 0.0023 0.0029 0.0069 0.0048 0.0073 0.0046 0.0043 0.0062 0.0065 0.0095 0.0054 0.0066 0.0068 0.0048 0.0043 0.0047 0.0048 0.0040 0.0050 0.0054 0.0055 0.0071 0.0101 0.0104
0.0010 0.0012 0.0008 0.0431 0.0051 0.0017 0.0022 0.0009 0.0016 0.0010 0.0012 0.0051 0.0076 0.0011 0.0010 0.0026 0.0008 0.0012 0.0019 0.0023 0.0072 0.0028 0.0054 0.0250 0.0102 0.0022 0.0009 0.0037 0.0007 0.0011 0.0033 0.0083 0.0073 0.0075 0.0187 0.0012 0.0475 0.0597 0.0643 0.0311 0.0251 0.0182 0.0022 0.0016 0.0004 0.0005 0.0015 0.0152 0.0083 0.0019 0.0005 0.0008 0.0016 0.0011 0.0038 0.0043 0.0064 0.0058 0.0041 0.0165 0.0323 0.0415 0.0429 0.0269
0.0011 0.0016 0.0012 0.0070 0.0009 0.0009 0.0009 0.0008 0.0009 0.0008 0.0008 0.0010 0.0019 0.0086 0.0009 0.0017 0.0008 0.0010 0.0183 0.0427 0.0085 0.0095 0.0029 0.0021 0.0091 0.0029 0.0083 0.0079 0.0038 0.0018 0.0023 0.0033 0.0017 0.0009 0.0008 0.0008 0.0007 0.0008 0.0007 0.0008 0.0005 0.0006 0.0006 0.0006 0.0005 0.0005 0.0005 0.0007 0.0011 0.0014 0.0015 0.0042 0.0039 0.0026 0.0035 0.0069 0.0018 0.0009 0.0008 0.0005 0.0006 0.0049 0.0030 0.0007
0.0015 0.0022 0.0020 0.0018 0.0013 0.0028 0.0021 0.0028 0.0050 0.0024 0.0053 0.0040 0.0032 0.0035 0.0044 0.0042 0.0018 0.0024 0.0024 0.0202 0.0013 0.0038 0.0024 0.0499 0.0642 0.0570 0.0032 0.0079 0.0030 0.0029 0.0032 0.0030 0.0019 0.0033 0.0023 0.0044 0.0052 0.0042 0.0022 0.0022 0.0007 0.0010 0.0006 0.0007 0.0004 0.0004 0.0005 0.0008 0.0010 0.0013 0.0008 0.0021 0.0013 0.0008 0.0014 0.0013 0.0008 0.0009 0.0008 0.0045 0.0008 0.0022 0.0015 0.0008
0.0012 0.0026 0.0013 0.0070 0.0016 0.0026 0.0017 0.0029 0.0022 0.0038 0.0029 0.0024 0.0018 0.0013 0.0017 0.0012 0.0038 0.0010 0.0022 0.0600 0.0032 0.0052 0.0017 0.0087 0.0237 0.0049 0.0067 0.0193 0.0172 0.0172 0.0173 0.0067 0.0117 0.0093 0.0059 0.0050 0.0041 0.0082 0.0029 0.0034 0.0006 0.0018 0.0010 0.0022 0.0011 0.0023 0.0027 0.0037 0.0044 0.0062 0.0049 0.0055 0.0080 0.0049 0.0058 0.0097 0.0070 0.0055 0.0077 0.0039 0.0032 0.0050 0.0021 0.0048
0.0811 0.0611 0.0429 0.0008 0.0007 0.0045 0.0009 0.0007 0.0008 0.0008 0.0009 0.0011 0.0011 0.0008 0.0007 0.0008 0.0059 0.0148 0.0062 0.0050 0.4705 0.3258 0.2587 0.1575 0.1778 0.1610 0.1051 0.0900 0.0673 0.0008 0.1777 0.0010 0.1678 0.1957 0.1531 0.0008 0.4230 0.0006 0.0007 0.1267 0.0005 0.0006 0.0006 0.0006 0.0005 0.0005 0.0005 0.0007 0.1268 0.1382 0.1870 0.1770 0.1420 0.1303 0.0956 0.0962 0.1042 0.0618 0.0995 0.0707 0.0005 0.2107 0.1030 0.2313
0.0024 0.0020 0.0019 0.0025 0.0014 0.0044 0.0035 0.0104 0.0138 0.0108 0.0135 0.0165 0.0148 0.0083 0.0069 0.0080 0.0117 0.0142 0.0098 0.0043 0.0086 0.0129 0.0033 0.0036 0.0142 0.0087 0.0054 0.0058 0.0048 0.0035 0.0040 0.0056 0.0034 0.0022 0.0034 0.0009 0.0036 0.0051 0.0144 0.0078 0.0064 0.0031 0.0045 0.0064 0.0034 0.0041 0.0052 0.0063 0.0040 0.0047 0.0033 0.0048 0.0067 0.0036 0.0042 0.0079 0.0034 0.0058 0.0061 0.0040 0.0032 0.0024 0.0028 0.0046
0.0010 0.0010 0.0009 0.0008 0.0007 0.0021 0.0008 0.0008 0.0011 0.0010 0.0016 0.0015 0.0020 0.0013 0.0020 0.0015 0.0015 0.0014 0.0024 0.0017 0.0013 0.0013 0.0013 0.0026 0.0011 0.0030 0.0007 0.0009 0.0009 0.0007 0.0007 0.0008 0.0005 0.0007 0.0010 0.0008 0.0007 0.0058 0.0081 0.0321 0.0418 0.0053 0.0034 0.0014 0.0012 0.0005 0.0005 0.0007 0.0006 0.0007 0.0006 0.0008 0.0010 0.0038 0.0005 0.0015 0.0024 0.0013 0.0008 0.0006 0.0006 0.0008 0.0007 0.0006
0.0007 0.0014 0.0011 0.0008 0.0006 0.0009 0.0007 0.0007 0.0014 0.0009 0.0010 0.0015 0.0025 0.0028 0.0029 0.0015 0.0015 0.0014 0.0013 0.0009 0.0055 0.0060 0.0007 0.0014 0.0009 0.0008 0.0007 0.0007 0.0007 0.0011 0.0007 0.0007 0.0005 0.0413 0.0015 0.0013 0.0016 0.0020 0.0025 0.0026 0.0016 0.0022 0.0020 0.0018 0.0013 0.0013 0.0014 0.0013 0.0011 0.0012 0.0011 0.0005 0.0017 0.0037 0.0011 0.0014 0.0015 0.0044 0.0022 0.0007 0.0006 0.0174 0.0093 0.0075
0.0008 0.0010 0.0010 0.0010 0.0018 0.1005 0.0026 0.0044 0.0531 0.0014 0.0049 0.0043 0.0020 0.0116 0.0570 0.0510 0.0458 0.0382 0.0319 0.0010 0.0554 0.0025 0.0013 0.0010 0.0008 0.0010 0.0062 0.0065 0.0018 0.0021 0.0012 0.0046 0.0160 0.0017 0.0417 0.0146 0.0367 0.0069 0.0189 0.0018 0.0005 0.0487 0.0237 0.0078 0.0585 0.0008 0.0089 0.0007 0.0013 0.0036 0.0053 0.0108 0.0083 0.0039 0.0009 0.0077 0.0088 0.0014 0.0136 0.0239 0.0239 0.0023 0.0039 0.0094
0.0204 0.0172 0.0156 0.0193 0.0154 0.0153 0.0251 0.0134 0.0042 0.0080 0.0026 0.0016 0.0338 0.0009 0.0009 0.0010 0.0010 0.0638 0.0438 0.0429 0.0021 0.0016 0.0139 0.0325 0.0469 0.0078 0.0029 0.0200 0.0101 0.0441 0.0038 0.0179 0.0370 0.0497 0.0333 0.0223 0.0066 0.0024 0.0013 0.0012 0.0006 0.0004 0.0058 0.0007 0.0003 0.0009 0.0006 0.0004 0.0142 0.0025 0.0588 0.0662 0.0541 0.0961 0.1153 0.1083 0.0657 0.0237 0.0051 0.0775 0.1052 0.0828 0.1334 0.1300
0.0634 0.0316 0.0255 0.0277 0.0219 0.0349 0.0247 0.0359 0.0379 0.0317 0.0448 0.0425 0.0565 0.0265 0.0279 0.0292 0.0142 0.0210 0.0401 0.0535 0.0269 0.0639 0.0421 0.1231 0.0881 0.0669 0.1446 0.1863 0.2267 0.1763 0.2037 0.2791 0.1427 0.2281 0.1299 0.2087 0.0281 0.0518 0.0764 0.0305 0.1062 0.0524 0.0555 0.0742 0.0250 0.0175 0.0158 0.0747 0.0209 0.0216 0.0130 0.0239 0.0059 0.0069 0.0708 0.0802 0.1204 0.0865 0.1983 0.1532 0.1705 0.1520 0.1709 0.1310
0.0010 0.0022 0.0009 0.0024 0.0081 0.0059 0.0013 0.0015 0.0012 0.0010 0.0012 0.0013 0.0113 0.0040 0.0092 0.0021 0.0121 0.0080 0.0021 0.0007 0.0006 0.0009 0.0007 0.0009 0.0010 0.0008 0.0007 0.0009 0.0010 0.0010 0.0007 0.0008 0.0007 0.0008 0.0009 0.0177 0.0191 0.0045 0.0078 0.0007 0.0005 0.0012 0.0007 0.0006 0.0005 0.0010 0.0007 0.0020 0.0009 0.0034 0.0044 0.0121 0.0129 0.0048 0.0029 0.0069 0.0030 0.0041 0.0026 0.0019 0.0014 0.0031 0.0157 0.0157
0.0008 0.0009 0.0008 0.0007 0.0007 0.0010 0.0006 0.0008 0.0008 0.0007 0.0009 0.0010 0.0116 0.0196 0.0172 0.0170 0.0125 0.0141 0.0046 0.0014 0.0006 0.0009 0.0067 0.0010 0.0007 0.0006 0.0008 0.0009 0.0006 0.0009 0.0008 0.0007 0.0007 0.0008 0.0009 0.0009 0.0008 0.0006 0.0008 0.0009 0.0006 0.0011 0.0022 0.0046 0.0026 0.0043 0.0038 0.0078 0.0058 0.0067 0.0045 0.0026 0.0014 0.0021 0.0011 0.0015 0.0008 0.0007 0.0008 0.0007 0.0007 0.0013 0.0013 0.0006
0.0042 0.0251 0.0029 0.0020 0.0013 0.0015 0.0035 0.0040 0.0016 0.0010 0.0010 0.0011 0.0013 0.0072 0.0082 0.0012 0.0007 0.0015 0.0012 0.0017 0.0077 0.0116 0.0034 0.0014 0.0017 0.0008 0.0008 0.0011 0.0068 0.0038 0.0007 0.0007 0.0006 0.0009 0.0009 0.0174 0.0230 0.0248 0.0170 0.0150 0.0034 0.0096 0.0008 0.0254 0.0277 0.0363 0.0012 0.0006 0.0006 0.0008 0.0006 0.0012 0.0020 0.0084 0.0013 0.0010 0.0016 0.0030 0.0052 0.0048 0.0064 0.0106 0.0068 0.0023
0.0177 0.0213 0.0229 0.0071 0.0116 0.1226 0.0098 0.0924 0.0193 0.0110 0.0106 0.0147 0.0133 0.0127 0.0158 0.0094 0.0093 0.0119 0.0062 0.0048 0.0054 0.0282 0.0074 0.0066 0.0224 0.0540 0.0586 0.0621 0.0671 0.0440 0.0976 0.0905 0.0419 0.0096 0.0371 0.1910 0.0081 0.1869 0.1994 0.1855 0.2219 0.2871 0.5234 0.5916 0.6070 0.6546 0.5679 0.5922 0.6328 0.5855 0.4983 0.2885 0.3527 0.0093 0.0008 0.0008 0.0030 0.0103 0.0145 0.0007 0.0006 0.0007 0.0009 0.0069
0.0008 0.0010 0.0008 0.0009 0.0007 0.0009 0.0007 0.0007 0.0009 0.0008 0.0011 0.0010 0.0011 0.0009 0.0010 0.0008 0.0007 0.0011 0.0010 0.0009 0.0007 0.0010 0.0009 0.0018 0.0007 0.0007 0.0008 0.0009 0.0007 0.0008 0.0006 0.0008 0.0005 0.0008 0.0008 0.0005 0.0006 0.0007 0.0007 0.0008 0.0007 0.0011 0.0013 0.0010 0.0006 0.0005 0.0005 0.0007 0.0003 0.0004 0.0009 0.0013 0.0016 0.0014 0.0011 0.0012 0.0007 0.0007 0.0007 0.0006 0.0004 0.0004 0.0006 0.0010
0.0008 0.0010 0.0007 0.0008 0.0007 0.0008 0.0032 0.0017 0.0008 0.0010 0.0009 0.0008 0.0010 0.0007 0.0009 0.0009 0.0014 0.0009 0.0012 0.0010 0.0010 0.0016 0.0007 0.0011 0.0009 0.0007 0.0006 0.0009 0.0006 0.0011 0.0037 0.0015 0.0046 0.0174 0.0257 0.0223 0.0008 0.0007 0.0006 0.0008 0.0004 0.0005 0.0009 0.0013 0.0008 0.0007 0.0003 0.0007 0.0007 0.0005 0.0014 0.0024 0.0024 0.0031 0.0007 0.0024 0.0028 0.0014 0.0007 0.0029 0.0016 0.0014 0.0003 0.0013
0.0019 0.0021 0.0008 0.0010 0.0011 0.0015 0.0008 0.0008 0.0009 0.0007 0.0008 0.0010 0.0010 0.0007 0.0012 0.0024 0.0030 0.0040 0.0039 0.0018 0.0007 0.1136 0.0998 0.0396 0.0040 0.0008 0.0007 0.0009 0.0009 0.0008 0.0009 0.0008 0.0011 0.0150 0.0040 0.0065 0.0040 0.0027 0.0007 0.0008 0.0005 0.0006 0.0009 0.0028 0.0053 0.0064 0.0027 0.0005 0.0006 0.0007 0.0007 0.0007 0.0009 0.0007 0.0008 0.0062 0.0561 0.0459 0.0010 0.0007 0.0006 0.0006 0.0008 0.0006
0.0011 0.0012 0.0008 0.0013 0.0011 0.0010 0.0010 0.0007 0.0008 0.0008 0.0012 0.0009 0.0012 0.0011 0.0012 0.0013 0.0010 0.0008 0.0013 0.0009 0.0008 0.0013 0.0012 0.0011 0.0011 0.0011 0.0007 0.0011 0.0007 0.0009 0.0009 0.0011 0.0011 0.0015 0.0042 0.0040 0.0037 0.0093 0.0054 0.0015 0.0008 0.0008 0.0006 0.0016 0.0004 0.0005 0.0005 0.0011 0.0048 0.0008 0.0009 0.0015 0.0031 0.0124 0.0014 0.0017 0.0012 0.0030 0.0029 0.0028 0.0031 0.0029 0.0021 0.0020
0.0048 0.0580 0.0847 0.1114 0.0999 0.1214 0.1316 0.1433 0.1490 0.1544 0.1674 0.1496 0.1437 0.1438 0.1312 0.1360 0.1336 0.1359 0.1475 0.2477 0.1498 0.1322 0.1443 0.0138 0.0090 0.0062 0.0395 0.0120 0.0103 0.0207 0.0543 0.0023 0.0012 0.0319 0.0008 0.0008 0.0007 0.1871 0.1485 0.0526 0.0005 0.0006 0.0006 0.0005 0.0106 0.0202 0.0835 0.0008 0.0007 0.0015 0.0011 0.0008 0.0066 0.0597 0.0008 0.0028 0.0032 0.1408 0.1017 0.1050 0.1833 0.1969 0.1805 0.1790
0.0009 0.0007 0.0007 0.0006 0.0006 0.0009 0.0008 0.0012 0.0009 0.0010 0.0009 0.0010 0.0009 0.0008 0.0009 0.0009 0.0008 0.0012 0.0014 0.0010 0.0008 0.0009 0.0007 0.0010 0.0009 0.0008 0.0007 0.0119 0.0011 0.0007 0.0007 0.0012 0.0005 0.0008 0.0011 0.0007 0.0006 0.0006 0.0006 0.0015 0.0020 0.0006 0.0014 0.0018 0.0005 0.0004 0.0006 0.0006 0.0007 0.0008 0.0007 0.0007 0.0011 0.0010 0.0007 0.0008 0.0013 0.0037 0.0009 0.0007 0.0007 0.0011 0.0057 0.0013
0.0660 0.0665 0.0780 0.0612 0.1032 0.0899 0.0274 0.0311 0.0143 0.0109 0.0046 0.0066 0.0055 0.0257 0.0047 0.0068 0.0388 0.0032 0.0067 0.0052 0.0012 0.0342 0.1161 0.1270 0.1198 0.1546 0.1573 0.1309 0.1265 0.1292 0.0544 0.0967 0.0894 0.0076 0.0554 0.0834 0.0111 0.0235 0.0160 0.0046 0.0006 0.0111 0.0005 0.0055 0.0042 0.0012 0.0006 0.0006 0.0006 0.0087 0.0006 0.0006 0.0018 0.0055 0.0018 0.0055 0.0034 0.0024 0.0022 0.0006 0.0585 0.0013 0.0989 0.0899
0.0007 0.0012 0.0007 0.0009 0.0057 0.0015 0.0581 0.0006 0.0009 0.0008 0.0008 0.0010 0.0010 0.0008 0.0007 0.0008 0.0008 0.0009 0.0011 0.0020 0.0030 0.0008 0.0006 0.0010 0.0008 0.0049 0.0007 0.0174 0.0256 0.0586 0.0146 0.0131 0.0458 0.0074 0.0040 0.0099 0.0110 0.0158 0.0014 0.0008 0.0005 0.0006 0.0006 0.0004 0.0005 0.0004 0.0005 0.0008 0.0006 0.0007 0.0005 0.0007 0.0010 0.0008 0.0007 0.0009 0.0015 0.0008 0.0008 0.0006 0.0006 0.0007 0.0007 0.0006
0.0078 0.0082 0.0041 0.0058 0.0067 0.0077 0.0118 0.0044 0.0051 0.0032 0.0037 0.0020 0.0013 0.0013 0.0011 0.0010 0.0011 0.0012 0.0010 0.0007 0.0006 0.0008 0.0009 0.0032 0.0011 0.0017 0.0007 0.0013 0.0017 0.0010 0.0025 0.0039 0.0065 0.0099 0.0075 0.0090 0.0085 0.0058 0.0062 0.0081 0.0062 0.0057 0.0056 0.0019 0.0014 0.0011 0.0019 0.0077 0.0129 0.0035 0.0020 0.0101 0.0112 0.0112 0.0154 0.0160 0.0103 0.0173 0.0095 0.0197 0.0039 0.0030 0.0060 0.0033
0.0009 0.0008 0.0007 0.0007 0.0007 0.0008 0.0007 0.0008 0.0009 0.0008 0.0009 0.0010 0.0009 0.0010 0.0009 0.0012 0.0011 0.0032 0.0033 0.0036 0.0048 0.0047 0.0036 0.0082 0.0066 0.0059 0.0045 0.0056 0.0062 0.0058 0.0066 0.0069 0.0010 0.0023 0.0047 0.0027 0.0037 0.0022 0.0021 0.0018 0.0018 0.0011 0.0013 0.0005 0.0005 0.0005 0.0006 0.0007 0.0005 0.0007 0.0006 0.0008 0.0008 0.0007 0.0008 0.0008 0.0010 0.0010 0.0009 0.0008 0.0010 0.0008 0.0006 0.0009
0.0008 0.0008 0.0008 0.0009 0.0010 0.0011 0.0038 0.0008 0.0010 0.0007 0.0008 0.0011 0.0024 0.0015 0.0016 0.0010 0.0007 0.0009 0.0013 0.0008 0.0006 0.0010 0.0021 0.0011 0.0008 0.0007 0.0006 0.0008 0.0018 0.0008 0.0007 0.0007 0.0007 0.0006 0.0009 0.0009 0.0008 0.0006 0.0009 0.0008 0.0006 0.0006 0.0006 0.0006 0.0005 0.0005 0.0156 0.0080 0.0007 0.0165 0.0016 0.0187 0.0010 0.0010 0.0007 0.0010 0.0009 0.0010 0.0008 0.0006 0.0014 0.0006 0.0007 0.0005
0.0005 0.0009 0.0008 0.0008 0.0007 0.0010 0.0009 0.0009 0.0014 0.0022 0.0017 0.0017 0.0010 0.0009 0.0013 0.0010 0.0008 0.0007 0.0035 0.0030 0.0013 0.0005 0.0009 0.0050 0.0028 0.0028 0.0021 0.0028 0.0023 0.0022 0.0006 0.0006 0.0006 0.0020 0.0010 0.0008 0.0010 0.0014 0.0015 0.0057 0.0009 0.0118 0.0026 0.0043 0.0061 0.0070 0.0190 0.0498 0.0391 0.0326 0.0090 0.0106 0.0061 0.0054 0.0038 0.0103 0.0064 0.0048 0.0021 0.0019 0.0008 0.0009 0.0012 0.0025
0.0040 0.0161 0.0010 0.0012 0.0015 0.0013 0.0074 0.0258 0.0296 0.0017 0.0023 0.0100 0.0025 0.0009 0.0380 0.0102 0.0007 0.0021 0.0419 0.0789 0.0040 0.0014 0.0009 0.0074 0.0046 0.0042 0.0011 0.0023 0.0010 0.0275 0.0218 0.0038 0.0299 0.0631 0.0535 0.0579 0.0606 0.0284 0.0229 0.0991 0.0727 0.0993 0.0750 0.0166 0.0037 0.0005 0.0089 0.0305 0.0173 0.0334 0.0535 0.0401 0.0344 0.0224 0.0101 0.0371 0.0077 0.0101 0.0052 0.0064 0.0521 0.0780 0.0356 0.0175
0.0199 0.0115 0.0008 0.0010 0.0015 0.0022 0.0009 0.0009 0.0011 0.0007 0.0010 0.0011 0.0044 0.0011 0.0012 0.0131 0.0120 0.0072 0.0028 0.0010 0.0020 0.0014 0.0007 0.0010 0.0007 0.0008 0.0008 0.0007 0.0009 0.0082 0.0065 0.0052 0.0134 0.0096 0.0070 0.0036 0.0017 0.0014 0.0011 0.0018 0.0017 0.0021 0.0012 0.0010 0.0006 0.0005 0.0076 0.0049 0.0007 0.0040 0.0100 0.0021 0.0018 0.0071 0.0017 0.0012 0.0012 0.0033 0.0005 0.0008 0.0007 0.0020 0.0006 0.0006
0.0008 0.0008 0.0010 0.0011 0.0007 0.0009 0.0005 0.0007 0.0023 0.0008 0.0012 0.0008 0.0009 0.0062 0.0042 0.0026 0.0021 0.0067 0.0103 0.0070 0.0047 0.0036 0.0040 0.0033 0.0042 0.0054 0.0060 0.0036 0.0032 0.0040 0.0101 0.0089 0.0102 0.0067 0.0134 0.0017 0.0008 0.0013 0.0015 0.0335 0.0379 0.0299 0.0114 0.0016 0.0008 0.0011 0.0021 0.0030 0.0021 0.0034 0.0042 0.0065 0.0113 0.0032 0.0040 0.0049 0.0029 0.0035 0.0062 0.0030 0.0031 0.0040 0.0026 0.0013
0.0007 0.0010 0.0009 0.0010 0.0009 0.0007 0.0007 0.0008 0.0082 0.0316 0.0147 0.0013 0.0020 0.0020 0.0008 0.0009 0.0007 0.0010 0.0011 0.0009 0.0007 0.0009 0.0007 0.0009 0.0008 0.0008 0.0008 0.0009 0.0008 0.0007 0.0006 0.0007 0.0025 0.0115 0.0115 0.0126 0.0106 0.0043 0.0014 0.0007 0.0006 0.0006 0.0009 0.0005 0.0005 0.0004 0.0006 0.0007 0.0006 0.0018 0.0010 0.0009 0.0011 0.0008 0.0018 0.0018 0.0024 0.0011 0.0018 0.0604 0.0006 0.0007 0.0008 0.0006
0.0008 0.0009 0.0019 0.0020 0.0016 0.0008 0.0008 0.0041 0.0009 0.0011 0.0011 0.0010 0.0013 0.0016 0.0015 0.0013 0.0011 0.0015 0.0017 0.0035 0.0015 0.0014 0.0023 0.0076 0.0028 0.0132 0.0125 0.0065 0.0008 0.0026 0.0007 0.0057 0.0022 0.0008 0.0014 0.0008 0.0008 0.0008 0.0008 0.0008 0.0005 0.0005 0.0079 0.0006 0.0004 0.0006 0.0005 0.0003 0.0004 0.0007 0.0005 0.0014 0.0017 0.0011 0.0009 0.0012 0.0009 0.0007 0.0006 0.0006 0.0007 0.0007 0.0006 0.0006
0.0025 0.0030 0.0008 0.0008 0.0007 0.0011 0.0008 0.0012 0.0009 0.0008 0.0031 0.0018 0.0027 0.0011 0.0017 0.0026 0.0036 0.0027 0.0482 0.0017 0.0116 0.0900 0.1253 0.0757 0.0490 0.0312 0.0263 0.0045 0.0413 0.0071 0.0014 0.0110 0.0430 0.0049 0.0011 0.0012 0.0009 0.0007 0.0007 0.0009 0.0005 0.0009 0.0006 0.0006 0.0005 0.0004 0.0007 0.0054 0.0047 0.0084 0.0033 0.0009 0.0022 0.0019 0.0010 0.0029 0.0012 0.0008 0.0022 0.0111 0.0284 0.0035 0.0011 0.0011
0.0007 0.0009 0.0009 0.0009 0.0007 0.0008 0.0011 0.0008 0.0009 0.0031 0.0020 0.0024 0.0012 0.0009 0.0009 0.0009 0.0009 0.0005 0.0012 0.0007 0.0008 0.0012 0.0032 0.0023 0.0009 0.0007 0.0008 0.0009 0.0007 0.0008 0.0008 0.0015 0.0011 0.0015 0.0012 0.0016 0.0009 0.0017 0.0053 0.0069 0.0120 0.0130 0.0117 0.0031 0.0024 0.0033 0.0046 0.0008 0.0009 0.0008 0.0072 0.0008 0.0010 0.0008 0.0161 0.0047 0.0132 0.0126 0.0079 0.0025 0.0007 0.0008 0.0007 0.0008
0.0146 0.0121 0.0111 0.0200 0.0170 0.0266 0.0036 0.0060 0.0098 0.0193 0.0148 0.0251 0.0299 0.0162 0.0158 0.0082 0.0051 0.0057 0.0130 0.0066 0.0011 0.0008 0.0007 0.0029 0.0008 0.0052 0.0008 0.0010 0.0007 0.0006 0.0007 0.0006 0.0006 0.0007 0.0008 0.0007 0.0009 0.0007 0.0007 0.0008 0.0006 0.0005 0.0006 0.0006 0.0015 0.0011 0.0005 0.0008 0.0005 0.0008 0.0006 0.0008 0.0009 0.0007 0.0028 0.0010 0.0013 0.0007 0.0014 0.0006 0.0006 0.0007 0.0006 0.0006
0.0007 0.0009 0.0008 0.0009 0.0007 0.0008 0.0009 0.0015 0.0015 0.0013 0.0020 0.0008 0.0009 0.0021 0.0010 0.0014 0.0009 0.0009 0.0515 0.0011 0.0007 0.0030 0.0007 0.0008 0.0009 0.0010 0.0013 0.0014 0.0026 0.0007 0.0007 0.0006 0.0008 0.0011 0.0008 0.0007 0.0006 0.0009 0.0016 0.0011 0.0005 0.0006 0.0006 0.0020 0.0004 0.0005 0.0004 0.0008 0.0006 0.0008 0.0008 0.0007 0.0009 0.0008 0.0022 0.0025 0.0008 0.0009 0.0008 0.0007 0.0006 0.0007 0.0007 0.0005
0.0075 0.0317 0.0485 0.0907 0.0966 0.1001 0.1177 0.1104 0.0633 0.0975 0.0854 0.0867 0.0962 0.0864 0.0918 0.0847 0.1377 0.1289 0.1422 0.1427 0.1082 0.0396 0.0125 0.0817 0.2092 0.2569 0.2448 0.1745 0.1816 0.2697 0.1277 0.1109 0.1285 0.0008 0.0225 0.0748 0.0008 0.0013 0.0032 0.0028 0.0006 0.0005 0.0005 0.0006 0.0005 0.0004 0.0005 0.0007 0.0006 0.0009 0.0006 0.0008 0.0009 0.0007 0.0028 0.0194 0.0115 0.0063 0.0007 0.0011 0.0007 0.0006 0.0006 0.0006
0.0014 0.0012 0.0015 0.0013 0.0007 0.0008 0.0009 0.0011 0.0012 0.0011 0.0008 0.0011 0.0018 0.0026 0.0014 0.0014 0.0016 0.0011 0.0019 0.0013 0.0009 0.0011 0.0111 0.0047 0.0014 0.0051 0.0086 0.0191 0.0146 0.0090 0.0030 0.0016 0.0038 0.0010 0.0073 0.0523 0.0013 0.0679 0.0609 0.0023 0.0010 0.0008 0.0021 0.0072 0.0005 0.0005 0.0006 0.0009 0.0008 0.0010 0.0007 0.0010 0.0014 0.0016 0.0246 0.0194 0.0081 0.0056 0.0008 0.0013 0.0013 0.0010 0.0639 0.0428
0.0089 0.0089 0.0092 0.0074 0.0065 0.0084 0.0074 0.0093 0.0048 0.0047 0.0068 0.0053 0.0029 0.0020 0.0046 0.0011 0.0008 0.0008 0.0069 0.0041 0.0009 0.0009 0.0013 0.0008 0.0014 0.0010 0.0007 0.0009 0.0030 0.0008 0.0045 0.0009 0.0007 0.0016 0.0008 0.0007 0.0007 0.0019 0.0025 0.0007 0.0006 0.0007 0.0013 0.0006 0.0005 0.0007 0.0015 0.0056 0.0070 0.0082 0.0054 0.0093 0.0109 0.0089 0.0067 0.0090 0.0068 0.0073 0.0079 0.0060 0.0067 0.0068 0.0082 0.0055
0.0011 0.0011 0.0008 0.0007 0.0010 0.0023 0.0024 0.0570 0.0165 0.0057 0.0441 0.0292 0.0066 0.0029 0.0168 0.0094 0.0038 0.0214 0.0139 0.0170 0.0032 0.0049 0.0020 0.0050 0.0016 0.0008 0.0011 0.0017 0.0005 0.0006 0.0004 0.0006 0.0011 0.0013 0.0009 0.0010 0.0010 0.0009 0.0013 0.0012 0.0006 0.0005 0.0011 0.0011 0.0008 0.0008 0.0007 0.0007 0.0011 0.0013 0.0010 0.0014 0.0018 0.0009 0.0009 0.0010 0.0012 0.0010 0.0009 0.0007 0.0006 0.0007 0.0008 0.0010
0.0119 0.0084 0.0083 0.0154 0.0107 0.0099 0.0113 0.0125 0.0063 0.0030 0.0016 0.0013 0.0010 0.0025 0.0016 0.0028 0.0032 0.0024 0.0013 0.0039 0.0025 0.0012 0.0007 0.0011 0.0007 0.0008 0.0007 0.0009 0.0007 0.0008 0.0008 0.0008 0.0006 0.0008 0.0009 0.0009 0.0007 0.0009 0.0008 0.0008 0.0005 0.0005 0.0007 0.0005 0.0008 0.0010 0.0018 0.0027 0.0009 0.0018 0.0026 0.0044 0.0051 0.0091 0.0030 0.0193 0.0075 0.0152 0.0102 0.0111 0.0116 0.0133 0.0119 0.0115
0.0880 0.0661 0.0589 0.0101 0.0011 0.0010 0.0016 0.0008 0.0011 0.0008 0.0012 0.0029 0.0019 0.0023 0.0141 0.0069 0.0034 0.0046 0.0028 0.0100 0.0031 0.0007 0.0007 0.0010 0.0006 0.0040 0.0012 0.0018 0.0019 0.0032 0.0007 0.0007 0.0020 0.0044 0.0094 0.0074 0.0071 0.0093 0.0095 0.0114 0.0065 0.0067 0.0036 0.0039 0.0033 0.0022 0.0035 0.0022 0.0016 0.0050 0.0017 0.0024 0.0019 0.0019 0.0019 0.0023 0.0017 0.0008 0.0638 0.0030 0.0031 0.0051 0.0101 0.0015
0.0033 0.0015 0.0016 0.0015 0.0021 0.0008 0.0008 0.0008 0.0008 0.0008 0.0013 0.0015 0.0015 0.0124 0.0017 0.0028 0.0010 0.0008 0.0011 0.0009 0.0023 0.0018 0.0012 0.0024 0.0011 0.0007 0.0010 0.0013 0.0019 0.0017 0.0025 0.0024 0.0023 0.0015 0.0026 0.0017 0.0018 0.0028 0.0020 0.0050 0.0108 0.0035 0.0034 0.0013 0.0005 0.0012 0.0004 0.0010 0.0005 0.0009 0.0007 0.0008 0.0010 0.0007 0.0008 0.0015 0.0010 0.0007 0.0028 0.0035 0.0045 0.0023 0.0066 0.0009
0.0007 0.0010 0.0008 0.0009 0.0006 0.0008 0.0009 0.0008 0.0008 0.0008 0.0009 0.0008 0.0040 0.0009 0.0009 0.0076 0.0012 0.0010 0.0009 0.0008 0.0033 0.0012 0.0078 0.0029 0.0009 0.0018 0.0011 0.0013 0.0019 0.0032 0.0006 0.0007 0.0007 0.0009 0.0010 0.0011 0.0016 0.0023 0.0042 0.0043 0.0029 0.0045 0.0047 0.0052 0.0051 0.0046 0.0043 0.0070 0.0025 0.0038 0.0029 0.0014 0.0014 0.0044 0.0008 0.0011 0.0015 0.0013 0.0008 0.0019 0.0015 0.0007 0.0006 0.0007
0.0009 0.0010 0.0009 0.0008 0.0011 0.0009 0.0008 0.0008 0.0023 0.0029 0.0079 0.0078 0.0095 0.0099 0.0140 0.0188 0.0076 0.0067 0.0167 0.0130 0.0117 0.0133 0.0139 0.0097 0.0164 0.0013 0.0007 0.0011 0.0094 0.0043 0.0088 0.0007 0.0006 0.0008 0.0016 0.0008 0.0006 0.0008 0.0008 0.0030 0.0082 0.0025 0.0089 0.0005 0.0078 0.0005 0.0005 0.0007 0.0006 0.0008 0.0007 0.0007 0.0010 0.0010 0.0016 0.0031 0.0022 0.0069 0.0039 0.0005 0.0007 0.0006 0.0006 0.0028
0.0007 0.0804 0.0009 0.0008 0.0008 0.0009 0.0010 0.0008 0.0010 0.0010 0.0008 0.0011 0.0007 0.0007 0.0007 0.0009 0.0008 0.0011 0.0012 0.0009 0.0006 0.0008 0.0006 0.0123 0.0007 0.0008 0.0006 0.0009 0.0008 0.0273 0.0007 0.0006 0.0007 0.0007 0.0010 0.0008 0.0007 0.0007 0.0006 0.0009 0.0006 0.0006 0.0007 0.0006 0.0005 0.0004 0.0005 0.0767 0.0005 0.0008 0.0006 0.0009 0.0010 0.0009 0.0007 0.0009 0.0008 0.0007 0.0009 0.0006 0.0006 0.0007 0.0007 0.0043
0.0032 0.0015 0.0016 0.0018 0.0014 0.0010 0.0010 0.0009 0.0011 0.0017 0.0019 0.0012 0.0011 0.0016 0.0010 0.0015 0.0009 0.0013 0.0011 0.0008 0.0008 0.0007 0.0009 0.0152 0.0008 0.0007 0.0270 0.0581 0.0540 0.0397 0.0835 0.0853 0.0007 0.0010 0.0446 0.0008 0.0012 0.0007 0.0007 0.0007 0.0005 0.0006 0.0005 0.0006 0.0004 0.0005 0.0004 0.0007 0.0005 0.0007 0.0006 0.0007 0.0010 0.0007 0.0008 0.0010 0.0009 0.0008 0.0010 0.0006 0.0008 0.0006 0.0007 0.0006
0.3273 0.2308 0.2438 0.3098 0.1366 0.0061 0.0391 0.0853 0.0845 0.0269 0.0502 0.0135 0.0015 0.0014 0.0013 0.0028 0.1333 0.1209 0.1513 0.0523 0.0014 0.0008 0.0008 0.0120 0.0009 0.0006 0.0007 0.0008 0.0006 0.0007 0.0007 0.0310 0.0006 0.0008 0.0646 0.0776 0.1086 0.1151 0.1395 0.1247 0.1702 0.2593 0.1102 0.1163 0.1135 0.1378 0.1484 0.0048 0.0103 0.0117 0.0075 0.0028 0.0032 0.1122 0.0834 0.1273 0.1777 0.2468 0.2876 0.1983 0.0391 0.0031 0.0059 0.0081
0.0020 0.0018 0.0015 0.0053 0.0091 0.0049 0.0010 0.0027 0.0010 0.0012 0.0051 0.0099 0.0024 0.0007 0.0009 0.0009 0.0008 0.0009 0.0011 0.0009 0.0027 0.0046 0.0034 0.0056 0.0016 0.0011 0.0017 0.0009 0.0050 0.0012 0.0007 0.0008 0.0010 0.0125 0.0122 0.0032 0.0050 0.0072 0.0061 0.0040 0.0029 0.0030 0.0017 0.0015 0.0019 0.0005 0.0005 0.0006 0.0006 0.0007 0.0133 0.0084 0.0074 0.0036 0.0074 0.0010 0.0124 0.0008 0.0009 0.0010 0.0006 0.0013 0.0017 0.0007
0.0006 0.0011 0.0012 0.0007 0.0010 0.0008 0.0007 0.0007 0.0010 0.0009 0.0009 0.0010 0.0011 0.0007 0.0008 0.0009 0.0009 0.0009 0.0009 0.0009 0.0017 0.0008 0.0020 0.0009 0.0020 0.0023 0.0022 0.0019 0.0037 0.0041 0.0018 0.0023 0.0043 0.0036 0.0026 0.0041 0.0274 0.0053 0.0047 0.0071 0.0057 0.0061 0.0069 0.0077 0.0074 0.0080 0.0069 0.0109 0.0060 0.0165 0.0080 0.0104 0.0109 0.0076 0.0075 0.0090 0.0084 0.0093 0.0070 0.0052 0.0060 0.0040 0.0032 0.0006
0.0007 0.0008 0.0008 0.0008 0.0008 0.0007 0.0008 0.0009 0.0089 0.0014 0.0009 0.0010 0.0010 0.0010 0.0008 0.0008 0.0048 0.0009 0.0013 0.0008 0.0008 0.0009 0.0006 0.0011 0.0038 0.0050 0.0060 0.0058 0.0006 0.0008 0.0009 0.0007 0.0007 0.0008 0.0009 0.0008 0.0006 0.0006 0.0006 0.0008 0.0006 0.0005 0.0006 0.0074 0.0005 0.0005 0.0006 0.0006 0.0006 0.0007 0.0006 0.0009 0.0010 0.0008 0.0009 0.0012 0.0102 0.0140 0.0008 0.0010 0.0007 0.0007 0.0007 0.0006
0.0832 0.0849 0.0924 0.0102 0.0016 0.0012 0.0320 0.0020 0.0058 0.0682 0.0035 0.0036 0.0132 0.0050 0.0028 0.0013 0.0137 0.0211 0.0182 0.0050 0.0049 0.0065 0.0050 0.0096 0.0060 0.0050 0.0059 0.0084 0.0070 0.0052 0.0078 0.0052 0.0014 0.0018 0.0028 0.0014 0.0016 0.0031 0.0018 0.0039 0.0114 0.0241 0.0160 0.0048 0.0028 0.0147 0.0146 0.0016 0.0007 0.0017 0.0021 0.0031 0.0067 0.0040 0.0905 0.0131 0.0041 0.0038 0.0092 0.0021 0.0014 0.0020 0.0019 0.0011
0.0008 0.0008 0.0008 0.0008 0.0007 0.0009 0.0008 0.0007 0.0009 0.0008 0.0009 0.0011 0.0013 0.0014 0.0038 0.0010 0.0023 0.0048 0.0039 0.0017 0.0047 0.0036 0.0010 0.0030 0.0032 0.0008 0.0015 0.0017 0.0013 0.0008 0.0006 0.0008 0.0009 0.0249 0.0232 0.0025 0.0022 0.0049 0.0226 0.0035 0.0021 0.0030 0.0024 0.0019 0.0017 0.0007 0.0007 0.0007 0.0010 0.0008 0.0012 0.0019 0.0237 0.0586 0.0097 0.0289 0.0011 0.0109 0.0016 0.0007 0.0006 0.0008 0.0009 0.0006
0.0006 0.0009 0.0009 0.0010 0.0005 0.0009 0.0006 0.0008 0.0018 0.0021 0.0019 0.0018 0.0020 0.0019 0.0017 0.0021 0.0019 0.0015 0.0021 0.0014 0.0014 0.0013 0.0013 0.0021 0.0016 0.0010 0.0007 0.0010 0.0008 0.0007 0.0009 0.0009 0.0008 0.0008 0.0012 0.0007 0.0008 0.0008 0.0007 0.0008 0.0005 0.0005 0.0006 0.0005 0.0005 0.0004 0.0006 0.0007 0.0006 0.0007 0.0007 0.0008 0.0010 0.0009 0.0008 0.0009 0.0008 0.0009 0.0027 0.0006 0.0006 0.0006 0.0007 0.0045
0.0010 0.0017 0.0014 0.0008 0.0006 0.0014 0.0009 0.0011 0.0008 0.0007 0.0101 0.0009 0.0010 0.0630 0.0022 0.0014 0.0050 0.0163 0.0173 0.0027 0.0083 0.0031 0.0064 0.0104 0.0083 0.0064 0.0071 0.0087 0.0088 0.0085 0.0214 0.0432 0.0218 0.0045 0.0039 0.0021 0.0011 0.0011 0.0011 0.0012 0.0006 0.0006 0.0006 0.0004 0.0005 0.0004 0.0005 0.0007 0.0006 0.0006 0.0006 0.0009 0.0082 0.0120 0.0045 0.0011 0.0008 0.0009 0.0007 0.0007 0.0007 0.0006 0.0008 0.0006
0.0008 0.0016 0.0023 0.0037 0.0009 0.0008 0.0009 0.0007 0.0040 0.0026 0.0017 0.0009 0.0026 0.0012 0.0116 0.0221 0.0116 0.0112 0.0084 0.0108 0.0249 0.0238 0.0236 0.0260 0.0240 0.0188 0.0178 0.0104 0.0132 0.0162 0.0126 0.0969 0.0097 0.0140 0.0889 0.0329 0.0786 0.0927 0.0079 0.0072 0.0092 0.0166 0.0176 0.0166 0.0151 0.0105 0.0135 0.0186 0.0126 0.0062 0.0034 0.0026 0.0014 0.0020 0.0010 0.0025 0.0019 0.0009 0.0007 0.0017 0.0005 0.0006 0.0008 0.0006
0.0008 0.0012 0.0010 0.0011 0.0009 0.0012 0.0014 0.0010 0.0013 0.0011 0.0012 0.0016 0.0007 0.0011 0.0014 0.0008 0.0007 0.0033 0.0011 0.0009 0.0010 0.0020 0.0081 0.0087 0.0077 0.0093 0.0071 0.0092 0.0010 0.0087 0.0014 0.0094 0.0071 0.0094 0.0085 0.0113 0.0103 0.0082 0.0118 0.0196 0.0124 0.0271 0.0211 0.0263 0.0158 0.0259 0.0179 0.0085 0.0020 0.0025 0.0007 0.0026 0.0012 0.0009 0.0008 0.0026 0.0016 0.0008 0.0007 0.0338 0.0009 0.0009 0.0006 0.0005
0.0678 0.0488 0.0071 0.0008 0.0007 0.2424 0.0048 0.0021 0.0008 0.0008 0.0008 0.0011 0.0008 0.0007 0.0008 0.0007 0.0590 0.0013 0.0050 0.0023 0.0007 0.0008 0.0018 0.0010 0.0008 0.0009 0.0008 0.0007 0.0006 0.0007 0.0007 0.0007 0.0007 0.0008 0.0009 0.0007 0.0007 0.0007 0.0006 0.0009 0.0006 0.0005 0.0006 0.0005 0.0005 0.0005 0.0010 0.0031 0.0054 0.0059 0.0123 0.0078 0.0073 0.0353 0.0043 0.0017 0.0688 0.0025 0.0523 0.0401 0.0006 0.0007 0.0006 0.0006
