0.0140 0.0118 0.0125 0.0084 0.0000 0.0001 0.0000 0.0000 0.0000 0.0000 0.0000 0.0000 0.0000 0.0000 0.0000 0.0000 0.0000 0.0000 0.0000 0.0000 0.0000 0.0000 0.0000 0.0000 0.0000 0.0000 0.0000 0.0000 0.0000 0.0000 0.0000 0.0000 0.0214 0.0885 0.0599 0.0000 0.0000 0.0000 0.0000 0.0000 0.0000 0.0012 0.0002 0.0001 0.0000 0.0001 0.0005 0.0057 0.0002 0.0006 0.0611 0.0019 0.1486 0.0010 0.0559 0.0008 0.0005 0.0006 0.0010 0.0006 0.0005 0.0001 0.0000 0.0000
0.0000 0.0000 0.0000 0.0000 0.0000 0.0000 0.0026 0.0000 0.0000 0.0000 0.0000 0.0000 0.0000 0.0000 0.0000 0.0182 0.0000 0.0000 0.0000 0.0000 0.0162 0.0000 0.0000 0.0010 0.0004 0.0029 0.0000 0.0000 0.0000 0.0000 0.0000 0.0000 0.0000 0.0000 0.0000 0.0000 0.0000 0.0061 0.0924 0.0000 0.0000 0.0000 0.0003 0.0001 0.0000 0.0000 0.0000 0.0001 0.0978 0.0000 0.0000 0.0000 0.0000 0.0000 0.0000 0.0000 0.0000 0.0024 0.0341 0.0000 0.0000 0.0000 0.0000 0.0000
0.0000 0.0000 0.0000 0.0000 0.0000 0.0004 0.0000 0.0000 0.0000 0.0000 0.0000 0.0000 0.0000 0.0589 0.0000 0.0000 0.0000 0.0000 0.0000 0.0000 0.0003 0.0000 0.0001 0.0000 0.0002 0.0003 0.0000 0.0000 0.0304 0.0528 0.0000 0.0730 0.0000 0.0000 0.0000 0.0795 0.0222 0.0000 0.0007 0.0347 0.0113 0.0243 0.0306 0.0052 0.0042 0.0062 0.0071 0.0149 0.0064 0.0031 0.1299 0.1212 0.0389 0.1035 0.0001 0.0000 0.0000 0.0000 0.0001 0.0000 0.0000 0.0000 0.0000 0.0000
0.0000 0.0000 0.0000 0.0000 0.0000 0.0311 0.0687 0.0001 0.0000 0.0000 0.0000 0.0000 0.0000 0.0000 0.0000 0.0000 0.0000 0.0000 0.0000 0.0000 0.0000 0.0000 0.0000 0.0000 0.0000 0.0000 0.0000 0.0000 0.0000 0.0000 0.0000 0.0000 0.0000 0.0000 0.0000 0.0000 0.0000 0.0000 0.0000 0.0000 0.0000 0.0000 0.0000 0.0000 0.0000 0.0000 0.0000 0.0000 0.0000 0.0000 0.0000 0.0000 0.0000 0.0000 0.0000 0.0000 0.0000 0.0000 0.0000 0.0000 0.0000 0.0000 0.0000 0.0000
0.0834 0.0636 0.1103 0.2616 0.2868 0.5591 0.2188 0.2531 0.1767 0.0367 0.0247 0.0000 0.0404 0.0269 0.0003 0.0465 0.0157 0.0000 0.0002 0.0000 0.0000 0.0000 0.0000 0.0000 0.0483 0.3036 0.1499 0.1031 0.0910 0.0407 0.0111 0.0005 0.0000 0.0422 0.0009 0.0005 0.0004 0.0001 0.0006 0.0015 0.0208 0.0055 0.2773 0.2861 0.2341 0.2870 0.2424 0.3013 0.0000 0.0000 0.0005 0.0000 0.0000 0.0000 0.0652 0.0001 0.0000 0.0000 0.0000 0.0000 0.0000 0.0002 0.0488 0.1851
0.0005 0.0010 0.0008 0.0023 0.0017 0.0123 0.0497 0.0097 0.0145 0.0093 0.0052 0.0001 0.0000 0.0079 0.0051 0.0338 0.0001 0.0000 0.0001 0.0000 0.0000 0.0000 0.0000 0.0000 0.0000 0.0000 0.0000 0.0000 0.0017 0.0000 0.0018 0.0000 0.0000 0.0000 0.0000 0.0000 0.0000 0.0000 0.0000 0.0280 0.0000 0.0000 0.0000 0.0000 0.0000 0.0000 0.0000 0.0000 0.0000 0.0000 0.0000 0.0000 0.0000 0.0000 0.0000 0.0000 0.0000 0.0000 0.0000 0.0000 0.0000 0.0000 0.0000 0.0000
0.0000 0.0000 0.0000 0.1519 0.0078 0.0013 0.0021 0.0009 0.0000 0.0000 0.0000 0.0028 0.0157 0.0004 0.0000 0.0000 0.0000 0.0000 0.0000 0.0000 0.0000 0.0000 0.0000 0.0000 0.0675 0.0002 0.0000 0.0174 0.0000 0.0000 0.0017 0.0001 0.0001 0.0001 0.0000 0.0000 0.0000 0.0000 0.0000 0.0822 0.1301 0.1806 0.1525 0.2009 0.0157 0.0000 0.0000 0.0061 0.0011 0.0004 0.0000 0.0000 0.0044 0.0086 0.0418 0.0255 0.0234 0.0536 0.0286 0.0990 0.3247 0.2219 0.2104 0.1281
0.0000 0.0000 0.0000 0.0578 0.0000 0.0000 0.0000 0.0775 0.0000 0.0000 0.0000 0.0000 0.0002 0.1061 0.0000 0.0056 0.0000 0.0000 0.0220 0.4256 0.0729 0.1434 0.0000 0.0000 0.0000 0.0000 0.0000 0.0000 0.0000 0.0000 0.0000 0.0000 0.0000 0.0000 0.0000 0.0000 0.0000 0.0000 0.0000 0.0000 0.0000 0.0000 0.0000 0.0000 0.0000 0.0000 0.0000 0.0000 0.0000 0.0000 0.0350 0.0000 0.0228 0.0284 0.0432 0.0402 0.0072 0.0000 0.0000 0.0000 0.0000 0.0000 0.0000 0.0000
0.0000 0.0000 0.0000 0.0000 0.0000 0.0001 0.0023 0.0014 0.0000 0.0000 0.0880 0.0613 0.3068 0.4020 0.0000 0.0000 0.0000 0.0000 0.0002 0.0001 0.0000 0.0000 0.0000 0.0003 0.0000 0.0000 0.0000 0.0001 0.0000 0.0001 0.0000 0.0001 0.0000 0.0003 0.0000 0.0002 0.0000 0.0000 0.0000 0.0000 0.0000 0.0000 0.0000 0.0000 0.0000 0.0000 0.0000 0.0000 0.0000 0.0000 0.0001 0.0000 0.0000 0.0534 0.1409 0.0000 0.0073 0.0000 0.0000 0.1026 0.0000 0.0000 0.0000 0.0000
0.0000 0.0000 0.0000 0.0000 0.0002 0.0001 0.0000 0.0000 0.0000 0.0000 0.0000 0.0000 0.0000 0.0000 0.1564 0.0000 0.0708 0.0000 0.0000 0.0000 0.0189 0.0000 0.0000 0.0134 0.0000 0.0866 0.0140 0.0391 0.0841 0.0504 0.0360 0.0159 0.0630 0.0450 0.0332 0.0126 0.0101 0.0016 0.0035 0.0000 0.0000 0.0000 0.0052 0.0001 0.0000 0.0000 0.0001 0.0008 0.0003 0.0001 0.0001 0.0001 0.0001 0.0000 0.0001 0.0003 0.0000 0.0000 0.0002 0.0000 0.0000 0.0000 0.0000 0.0000
0.0000 0.0000 0.0000 0.0000 0.0000 0.0000 0.0000 0.0000 0.0000 0.0000 0.0000 0.0000 0.0000 0.0000 0.0000 0.0000 0.0000 0.0000 0.0000 0.0000 0.0000 0.0000 0.0000 0.0000 0.0000 0.0000 0.0000 0.0000 0.0000 0.0000 0.0000 0.0000 0.0000 0.0000 0.0000 0.0000 0.0000 0.0000 0.0000 0.0000 0.0000 0.0000 0.0000 0.0000 0.0000 0.0000 0.0000 0.0000 0.0000 0.0000 0.0000 0.0000 0.0000 0.0000 0.0000 0.0000 0.0000 0.0000 0.0001 0.0000 0.0000 0.0000 0.0000 0.0000
0.0000 0.0000 0.0000 0.0000 0.0001 0.0002 0.0007 0.0194 0.0357 0.0516 0.0746 0.0950 0.1088 0.0083 0.0229 0.2651 0.1188 0.1281 0.0520 0.0005 0.0089 0.0246 0.0115 0.0000 0.0155 0.0787 0.0685 0.0287 0.0043 0.0017 0.0003 0.0038 0.0035 0.0000 0.0007 0.0000 0.0000 0.0000 0.0092 0.0387 0.0502 0.0101 0.0236 0.0095 0.0059 0.0000 0.0000 0.0000 0.0387 0.0000 0.0000 0.0000 0.0000 0.0000 0.0000 0.0000 0.0000 0.0000 0.0000 0.0001 0.0000 0.0000 0.0000 0.0000
0.0000 0.0000 0.0000 0.0000 0.0000 0.0109 0.0002 0.0000 0.0000 0.0000 0.0000 0.0332 0.0000 0.0000 0.0000 0.0311 0.0000 0.0000 0.0000 0.0000 0.0000 0.0000 0.0041 0.1309 0.0092 0.3587 0.0000 0.0000 0.0000 0.0000 0.0000 0.0000 0.0000 0.0000 0.0048 0.0000 0.0000 0.0975 0.0879 0.1634 0.2355 0.1630 0.0485 0.0084 0.0133 0.0000 0.0000 0.0000 0.0000 0.0000 0.0028 0.0000 0.0000 0.0060 0.0633 0.0668 0.0475 0.1856 0.0000 0.0000 0.0000 0.0000 0.0000 0.0000
0.0000 0.0001 0.0000 0.0000 0.0000 0.0000 0.0000 0.0000 0.1967 0.0751 0.0000 0.0161 0.0456 0.0445 0.4082 0.1176 0.0219 0.0330 0.0000 0.0000 0.0220 0.0634 0.0103 0.0392 0.0000 0.0000 0.0000 0.0000 0.0000 0.0000 0.0000 0.0000 0.0000 0.0000 0.0000 0.0000 0.0000 0.0000 0.0000 0.0000 0.0000 0.0000 0.0001 0.0000 0.0000 0.0000 0.0000 0.0000 0.0000 0.0000 0.0002 0.0000 0.0000 0.0000 0.0000 0.0000 0.0000 0.0000 0.0140 0.0000 0.0000 0.3242 0.1441 0.0918
0.0000 0.0000 0.0000 0.0000 0.0000 0.0000 0.0000 0.0000 0.0000 0.0000 0.0000 0.0000 0.0000 0.0000 0.0000 0.0000 0.0000 0.0000 0.0000 0.0000 0.0000 0.0000 0.0070 0.0000 0.0000 0.0151 0.0974 0.0578 0.0000 0.0000 0.0003 0.0000 0.0000 0.0000 0.0000 0.0000 0.0000 0.0000 0.0000 0.0000 0.0000 0.0000 0.0024 0.0000 0.0000 0.0000 0.0000 0.0000 0.0345 0.0138 0.0011 0.0010 0.0284 0.0114 0.0000 0.0366 0.0329 0.0000 0.0423 0.1326 0.0965 0.0051 0.0153 0.0598
0.0000 0.0000 0.0000 0.0000 0.0000 0.0000 0.0002 0.0000 0.0000 0.0000 0.0000 0.0000 0.0000 0.0000 0.0000 0.0000 0.0000 0.0000 0.0000 0.0000 0.0000 0.0000 0.0001 0.0394 0.0008 0.0010 0.0000 0.2147 0.0328 0.0001 0.0028 0.0002 0.0000 0.0000 0.0000 0.0000 0.0000 0.0000 0.0000 0.0000 0.0016 0.0003 0.0375 0.0001 0.0000 0.0001 0.0001 0.0494 0.0753 0.0001 0.0000 0.0000 0.0000 0.0000 0.0000 0.0000 0.0000 0.0001 0.0007 0.0001 0.0002 0.0001 0.0000 0.0000
0.0002 0.0004 0.0007 0.0028 0.0022 0.0059 0.0025 0.0100 0.0085 0.0065 0.0465 0.5679 0.0166 0.0121 0.0060 0.0047 0.0111 0.0069 0.0142 0.0123 0.0970 0.1238 0.1130 0.1560 0.1239 0.0010 0.0000 0.0000 0.0000 0.0000 0.0000 0.0000 0.0000 0.0000 0.0000 0.0000 0.0000 0.0000 0.0000 0.0000 0.0000 0.0000 0.0000 0.0000 0.2013 0.0258 0.0067 0.0588 0.0148 0.0600 0.0158 0.0080 0.0861 0.1361 0.0000 0.0009 0.0001 0.0790 0.1776 0.1043 0.0905 0.0000 0.0000 0.0000
0.0000 0.0002 0.0000 0.0000 0.0001 0.0015 0.0001 0.0001 0.0000 0.0000 0.0000 0.0000 0.0646 0.0000 0.0664 0.0000 0.0001 0.0000 0.0000 0.0000 0.0000 0.0000 0.0000 0.0000 0.0000 0.0000 0.0000 0.0000 0.0000 0.0000 0.0000 0.0000 0.0000 0.0000 0.0000 0.0614 0.0552 0.0000 0.0000 0.0000 0.0316 0.0000 0.0000 0.0000 0.0000 0.0021 0.0001 0.0000 0.0000 0.0000 0.0000 0.0000 0.0000 0.0000 0.0000 0.0000 0.0000 0.0000 0.0000 0.0000 0.0000 0.0000 0.0000 0.0000
0.0000 0.0000 0.0000 0.0000 0.0000 0.0000 0.0001 0.0000 0.0000 0.0000 0.0000 0.0022 0.0713 0.1241 0.1464 0.0957 0.0886 0.0302 0.0237 0.0000 0.0000 0.0000 0.0422 0.0000 0.0000 0.0000 0.0000 0.0000 0.0000 0.0000 0.0000 0.0000 0.0000 0.0000 0.0000 0.0000 0.0000 0.0000 0.0000 0.0000 0.0000 0.0084 0.0115 0.0000 0.0000 0.0000 0.0000 0.0000 0.0000 0.0000 0.0000 0.0239 0.0084 0.0000 0.0000 0.0000 0.0000 0.0054 0.0000 0.0000 0.0000 0.0000 0.0000 0.0000
0.0000 0.0000 0.0000 0.0000 0.0000 0.0000 0.0000 0.0000 0.0000 0.0000 0.0000 0.0000 0.0000 0.0000 0.0001 0.0000 0.0000 0.0002 0.0000 0.0032 0.0677 0.1349 0.0000 0.0000 0.0003 0.0000 0.0000 0.0000 0.0000 0.0000 0.0000 0.0000 0.0006 0.0000 0.0000 0.0397 0.0498 0.0654 0.0349 0.1157 0.0312 0.0297 0.0207 0.2801 0.2634 0.1417 0.0424 0.0434 0.0000 0.0000 0.0000 0.0058 0.0000 0.0001 0.0000 0.0000 0.0000 0.0041 0.0094 0.0072 0.0128 0.0127 0.0149 0.0049
0.8660 0.8530 0.7914 0.3419 0.4528 0.0389 0.0000 0.0000 0.0000 0.0000 0.0000 0.0000 0.0000 0.0000 0.0000 0.0000 0.0000 0.0000 0.0000 0.0475 0.0001 0.0005 0.0000 0.0000 0.0000 0.0000 0.0000 0.0000 0.3635 0.2654 0.5298 0.4901 0.0919 0.0000 0.0000 0.0000 0.0000 0.0000 0.0000 0.0000 0.0000 0.0000 0.0000 0.0000 0.0000 0.0000 0.0000 0.0000 0.0000 0.0000 0.0000 0.0000 0.0000 0.0024 0.0000 0.0000 0.0112 0.0261 0.0420 0.0000 0.0000 0.0000 0.0000 0.3972
0.0000 0.0000 0.0000 0.0000 0.0000 0.0000 0.0000 0.1242 0.0000 0.0000 0.0000 0.0000 0.0000 0.0000 0.0040 0.0000 0.0000 0.0000 0.0000 0.0000 0.0000 0.0000 0.0000 0.0000 0.0000 0.0000 0.0000 0.0000 0.0000 0.0000 0.0000 0.0000 0.0000 0.0000 0.0000 0.0000 0.0000 0.0000 0.0000 0.0000 0.0000 0.0000 0.0001 0.0000 0.0000 0.0000 0.0000 0.0000 0.0000 0.0000 0.0002 0.0001 0.0001 0.0000 0.0000 0.0000 0.0000 0.0000 0.0000 0.0000 0.0001 0.0001 0.0001 0.0000
0.0000 0.0000 0.0000 0.0000 0.0000 0.0344 0.5267 0.2684 0.0000 0.0000 0.0000 0.0000 0.0000 0.0000 0.0000 0.0000 0.3322 0.1874 0.1680 0.1224 0.1258 0.1193 0.0000 0.0001 0.0000 0.0000 0.0000 0.0001 0.0000 0.0001 0.2951 0.0528 0.5178 0.3848 0.4435 0.2656 0.0000 0.0486 0.0598 0.0000 0.0318 0.0000 0.0000 0.0000 0.0000 0.0000 0.0000 0.0000 0.0001 0.0000 0.0000 0.0955 0.0256 0.0201 0.0000 0.0000 0.0000 0.0179 0.0000 0.0001 0.0001 0.0000 0.0000 0.0000
0.0000 0.0000 0.0000 0.0000 0.0000 0.0000 0.0000 0.0000 0.0000 0.0000 0.0000 0.0000 0.0000 0.0000 0.0000 0.0000 0.0000 0.0000 0.0000 0.0000 0.0000 0.0000 0.0001 0.0000 0.0000 0.0000 0.0000 0.0000 0.0298 0.0000 0.0000 0.0013 0.0007 0.0031 0.0019 0.0034 0.0026 0.0004 0.0000 0.0000 0.0634 0.0000 0.0004 0.0006 0.0006 0.0007 0.0004 0.0007 0.0000 0.0000 0.0000 0.0000 0.0000 0.0000 0.0000 0.0012 0.2419 0.1900 0.0000 0.0000 0.0000 0.0000 0.0000 0.0000
0.0000 0.0001 0.0002 0.0028 0.0229 0.0165 0.0031 0.0035 0.0029 0.0018 0.0027 0.0013 0.0012 0.0008 0.0034 0.0020 0.0088 0.0044 0.0883 0.0017 0.0057 0.0005 0.0000 0.0000 0.0000 0.0001 0.0007 0.0027 0.0006 0.0005 0.0002 0.0070 0.0002 0.1144 0.2627 0.3382 0.6410 0.6551 0.4478 0.0009 0.0001 0.0000 0.0001 0.0000 0.0000 0.0000 0.0000 0.0001 0.0691 0.0000 0.0322 0.0748 0.0018 0.0439 0.0000 0.0000 0.0000 0.0170 0.1947 0.2610 0.0631 0.0343 0.0014 0.0002
0.0003 0.0000 0.0000 0.0000 0.0000 0.0000 0.0000 0.0000 0.0000 0.0000 0.0000 0.0000 0.0000 0.0000 0.0000 0.0000 0.0000 0.0000 0.0000 0.0000 0.0015 0.0002 0.0089 0.0067 0.0011 0.0025 0.0653 0.0068 0.0036 0.0076 0.0072 0.0025 0.0007 0.0000 0.0000 0.0000 0.0000 0.0000 0.0000 0.0000 0.0000 0.0000 0.0000 0.0000 0.0000 0.0000 0.0000 0.0000 0.0000 0.0000 0.1013 0.0000 0.0000 0.0000 0.0000 0.0000 0.0000 0.0000 0.0242 0.0000 0.0001 0.0000 0.0000 0.0000
0.0000 0.0000 0.0000 0.0000 0.0000 0.0000 0.0000 0.0000 0.0000 0.0000 0.0000 0.0000 0.0000 0.0000 0.0000 0.0000 0.0000 0.0000 0.0000 0.0000 0.0000 0.0000 0.0000 0.0000 0.0000 0.0000 0.0000 0.0754 0.0070 0.0000 0.0000 0.0217 0.0000 0.0000 0.0000 0.0000 0.0000 0.0000 0.0000 0.0132 0.0265 0.0059 0.0122 0.0071 0.0005 0.0010 0.0000 0.0000 0.0000 0.0000 0.0000 0.0000 0.0000 0.0000 0.0000 0.0000 0.0077 0.0000 0.0000 0.0000 0.0000 0.0536 0.1224 0.0186
0.0000 0.0000 0.0000 0.0000 0.0000 0.0000 0.0046 0.0002 0.0001 0.0000 0.1500 0.0006 0.1705 0.0000 0.0000 0.0000 0.0000 0.0000 0.0000 0.0000 0.0000 0.0000 0.0000 0.0000 0.0000 0.0000 0.0000 0.0000 0.0000 0.0000 0.0059 0.0029 0.0000 0.0024 0.0000 0.0000 0.0000 0.0000 0.0000 0.0000 0.0460 0.0000 0.0028 0.0000 0.0000 0.0001 0.0001 0.0002 0.0018 0.0755 0.0000 0.0004 0.0000 0.0784 0.0000 0.0627 0.2986 0.1677 0.1518 0.0956 0.0000 0.0000 0.0000 0.0000
0.0000 0.0000 0.0000 0.0000 0.1003 0.0000 0.0016 0.0000 0.0000 0.0000 0.0000 0.0000 0.0000 0.0000 0.0000 0.0000 0.0000 0.0000 0.0000 0.0000 0.0000 0.0000 0.0000 0.0000 0.0000 0.0000 0.0000 0.0000 0.0000 0.1861 0.0000 0.0000 0.0000 0.0000 0.0000 0.0000 0.0000 0.0000 0.0000 0.0000 0.0000 0.0000 0.0000 0.0000 0.0000 0.0000 0.0000 0.0000 0.0000 0.0000 0.0000 0.0000 0.0000 0.0000 0.0000 0.0000 0.0112 0.0000 0.0000 0.0000 0.0000 0.0000 0.0000 0.0000
0.0000 0.0002 0.0000 0.0000 0.0001 0.0000 0.0320 0.0145 0.0161 0.0084 0.0015 0.0006 0.0003 0.0001 0.0005 0.0000 0.1508 0.1276 0.0000 0.0000 0.0000 0.0000 0.0066 0.0014 0.0002 0.0022 0.0000 0.0000 0.0000 0.0000 0.0000 0.0000 0.0000 0.0000 0.0000 0.0000 0.0000 0.0000 0.0000 0.0000 0.0000 0.0000 0.0072 0.0002 0.0001 0.0001 0.0003 0.0368 0.1267 0.0777 0.0001 0.0003 0.0000 0.0000 0.0000 0.0000 0.0000 0.0000 0.0000 0.0000 0.0000 0.0000 0.0000 0.0001
0.0000 0.0000 0.0000 0.0000 0.0000 0.0000 0.0000 0.0000 0.1084 0.0874 0.0000 0.0000 0.0000 0.0000 0.0000 0.0000 0.0000 0.0000 0.0000 0.0000 0.0001 0.0000 0.0001 0.0000 0.0000 0.0000 0.0000 0.0000 0.0000 0.0001 0.0001 0.0001 0.0000 0.0012 0.0002 0.0000 0.0003 0.0000 0.0000 0.0000 0.0001 0.0000 0.0000 0.0000 0.0000 0.0000 0.0000 0.0000 0.0000 0.0000 0.0000 0.0000 0.0000 0.0000 0.0000 0.0000 0.0000 0.0000 0.0000 0.0000 0.0000 0.0000 0.0000 0.0000
0.0000 0.0000 0.0000 0.0000 0.0000 0.0000 0.0002 0.0000 0.0000 0.0000 0.0000 0.0000 0.0000 0.0000 0.0000 0.0000 0.0000 0.0000 0.0000 0.0000 0.0000 0.0000 0.0946 0.0000 0.0000 0.0000 0.0000 0.0000 0.0000 0.0000 0.0000 0.0000 0.0000 0.0000 0.0000 0.0000 0.0000 0.0000 0.0029 0.0000 0.0000 0.0000 0.0000 0.0000 0.0000 0.0000 0.1176 0.0237 0.1010 0.5552 0.1612 0.0453 0.0000 0.0000 0.0000 0.0000 0.0000 0.0000 0.0000 0.0000 0.0000 0.0000 0.0000 0.0000
0.0000 0.0000 0.0000 0.0000 0.0000 0.0000 0.0000 0.0000 0.0000 0.0000 0.0000 0.0000 0.0000 0.0000 0.0867 0.0000 0.0000 0.0000 0.0101 0.0036 0.0014 0.0001 0.0268 0.0004 0.0512 0.0045 0.3073 0.3765 0.2038 0.2589 0.0000 0.0000 0.0000 0.0037 0.0000 0.0000 0.1370 0.0736 0.1381 0.0067 0.0853 0.1369 0.0397 0.0182 0.0644 0.1549 0.1324 0.3224 0.2185 0.1388 0.1510 0.1466 0.0205 0.0208 0.0165 0.0520 0.0070 0.0048 0.0002 0.0205 0.0006 0.0006 0.0009 0.0032
0.0000 0.0000 0.0000 0.0000 0.0000 0.0000 0.0004 0.0000 0.0000 0.0000 0.0000 0.0000 0.0000 0.0000 0.0000 0.0000 0.0000 0.0000 0.0000 0.0000 0.0000 0.0000 0.0000 0.0000 0.0000 0.0000 0.0000 0.0000 0.0000 0.0011 0.0031 0.0000 0.0000 0.0000 0.0004 0.0019 0.0034 0.0011 0.0027 0.0017 0.0029 0.0001 0.0008 0.0001 0.0000 0.0000 0.0000 0.0000 0.0000 0.0000 0.0000 0.0000 0.0000 0.0000 0.0014 0.0001 0.0000 0.0000 0.0000 0.0000 0.0000 0.0000 0.0000 0.0367
0.0354 0.0265 0.0000 0.0236 0.0691 0.1869 0.0154 0.0000 0.0179 0.0000 0.0000 0.0000 0.0001 0.0000 0.0000 0.0311 0.0411 0.2285 0.2211 0.0000 0.1663 0.0447 0.0000 0.0000 0.0000 0.0000 0.0000 0.0000 0.0688 0.0380 0.0665 0.1697 0.2138 0.1273 0.0421 0.1330 0.0000 0.0000 0.0000 0.0005 0.0011 0.0019 0.0008 0.0003 0.0000 0.0000 0.0000 0.0000 0.0000 0.0507 0.1596 0.1346 0.0000 0.0317 0.0049 0.0480 0.0000 0.0037 0.0000 0.0000 0.0000 0.0594 0.0341 0.0012
0.0000 0.0000 0.0000 0.0000 0.0000 0.0005 0.0001 0.0000 0.0001 0.0001 0.0003 0.0000 0.0000 0.0003 0.0199 0.0000 0.0041 0.0143 0.0831 0.0156 0.0035 0.0000 0.0000 0.0000 0.0000 0.0000 0.0000 0.0000 0.0000 0.0000 0.0000 0.0000 0.0000 0.0000 0.0222 0.0000 0.0000 0.0000 0.0000 0.0004 0.0000 0.0115 0.0372 0.0402 0.0427 0.0479 0.0010 0.0100 0.0110 0.0052 0.0037 0.0007 0.0531 0.0000 0.0002 0.0001 0.0000 0.0000 0.0001 0.0011 0.0068 0.0735 0.0596 0.0011
0.0000 0.0000 0.0000 0.0000 0.0000 0.0000 0.0000 0.0000 0.0378 0.1111 0.1419 0.0000 0.0002 0.0000 0.0000 0.0000 0.0000 0.0000 0.0000 0.0000 0.0000 0.0000 0.0000 0.0000 0.0000 0.0000 0.0000 0.0000 0.0000 0.0000 0.0000 0.0000 0.0000 0.0000 0.0000 0.0000 0.0000 0.0000 0.0000 0.0000 0.0000 0.0000 0.0000 0.0000 0.0000 0.0000 0.0000 0.0000 0.0000 0.0001 0.0000 0.0004 0.0000 0.0000 0.0000 0.0001 0.0002 0.0000 0.0005 0.0000 0.0000 0.0000 0.0000 0.0000
0.0000 0.0000 0.0000 0.0000 0.0000 0.0000 0.0000 0.0000 0.0000 0.0000 0.0000 0.0286 0.1027 0.0000 0.0000 0.0000 0.0000 0.0000 0.0000 0.0026 0.0000 0.0000 0.0000 0.0000 0.0000 0.0000 0.0000 0.0000 0.0000 0.0000 0.0000 0.0000 0.0000 0.0000 0.0000 0.0000 0.0000 0.0000 0.0000 0.0000 0.0000 0.0000 0.0503 0.0000 0.0000 0.0000 0.0000 0.0001 0.0002 0.0001 0.0004 0.0010 0.0034 0.0005 0.0007 0.0001 0.0001 0.0003 0.0000 0.0000 0.0000 0.0000 0.0000 0.0000
0.0000 0.0000 0.0000 0.0000 0.0000 0.0000 0.0000 0.0000 0.0000 0.0000 0.0000 0.0000 0.0000 0.0000 0.0000 0.0000 0.0000 0.0000 0.0000 0.0000 0.0806 0.3023 0.3944 0.3904 0.4503 0.1181 0.0427 0.0000 0.0000 0.0000 0.0000 0.0000 0.0000 0.0000 0.0000 0.0000 0.0000 0.0000 0.0000 0.0000 0.0363 0.0000 0.0001 0.0015 0.0000 0.0000 0.0000 0.0016 0.1500 0.0032 0.0007 0.0567 0.0000 0.0000 0.0000 0.0000 0.0000 0.0000 0.0048 0.1197 0.1223 0.0027 0.0060 0.0064
0.0000 0.0000 0.0000 0.0000 0.0000 0.0000 0.0000 0.0000 0.0000 0.0000 0.0000 0.0000 0.0000 0.0001 0.0005 0.0002 0.0000 0.0004 0.0000 0.0000 0.0011 0.0000 0.0004 0.0000 0.0000 0.0001 0.0000 0.0000 0.0000 0.0000 0.0000 0.0005 0.0466 0.0003 0.0000 0.0000 0.0000 0.0013 0.0333 0.0269 0.0003 0.0097 0.0133 0.0036 0.0019 0.0081 0.0408 0.0046 0.0198 0.0000 0.0267 0.0000 0.0000 0.0000 0.0866 0.0018 0.0303 0.0001 0.0065 0.0021 0.0004 0.0000 0.0000 0.0000
0.0000 0.0000 0.0000 0.0000 0.0000 0.0000 0.0023 0.0000 0.0000 0.0000 0.0000 0.0206 0.0046 0.0000 0.0000 0.0000 0.0000 0.0000 0.0000 0.0000 0.0000 0.0000 0.0000 0.0000 0.0000 0.0000 0.0000 0.0000 0.0000 0.0000 0.0000 0.0000 0.0000 0.0000 0.0000 0.0000 0.0000 0.0000 0.0000 0.0000 0.0000 0.0000 0.0000 0.0000 0.0000 0.0000 0.0000 0.0000 0.0000 0.0000 0.0000 0.0000 0.0000 0.0000 0.0000 0.0000 0.0000 0.0000 0.0003 0.0000 0.0000 0.0000 0.0000 0.0000
0.0000 0.0000 0.0000 0.0000 0.0000 0.0000 0.0000 0.0009 0.0008 0.0006 0.0005 0.0000 0.0000 0.0000 0.0000 0.0015 0.0000 0.0000 0.0000 0.0000 0.0000 0.0004 0.0000 0.0000 0.0000 0.0000 0.0000 0.0000 0.0024 0.0000 0.0000 0.0000 0.0000 0.0000 0.0000 0.0000 0.0000 0.0000 0.0033 0.0219 0.0000 0.0000 0.0000 0.0000 0.0000 0.0000 0.0000 0.0054 0.0000 0.0027 0.0000 0.0000 0.0000 0.0000 0.0001 0.0000 0.0000 0.0000 0.0000 0.0000 0.0000 0.0000 0.0000 0.0000
0.0000 0.0000 0.0000 0.0000 0.0000 0.0000 0.0000 0.0000 0.0000 0.0000 0.0000 0.0000 0.0000 0.0000 0.0000 0.0000 0.1122 0.0846 0.1892 0.1487 0.1998 0.0034 0.0923 0.0875 0.0000 0.0000 0.0000 0.0000 0.0000 0.0000 0.0000 0.0000 0.0000 0.0000 0.0000 0.0000 0.0000 0.0000 0.0000 0.0000 0.0375 0.0000 0.0000 0.0000 0.0000 0.0000 0.0000 0.0000 0.0000 0.0000 0.0000 0.0000 0.0000 0.0000 0.0000 0.0000 0.0000 0.0052 0.0000 0.0000 0.0000 0.0000 0.0000 0.0000
0.0000 0.0000 0.0000 0.0000 0.0000 0.0000 0.0000 0.1521 0.0920 0.0233 0.0000 0.0000 0.0000 0.0000 0.0002 0.0000 0.0000 0.0000 0.0000 0.0000 0.0248 0.0000 0.0000 0.0037 0.0010 0.0000 0.0546 0.0566 0.0249 0.0642 0.0070 0.0030 0.0002 0.0009 0.0034 0.0309 0.0000 0.0000 0.0000 0.0132 0.0003 0.0151 0.0032 0.0239 0.0000 0.0000 0.0000 0.0000 0.0000 0.0000 0.0000 0.0000 0.0000 0.0000 0.2008 0.1150 0.0866 0.0335 0.0003 0.0001 0.0000 0.0000 0.0000 0.0000
0.0000 0.0000 0.0000 0.0000 0.0000 0.0000 0.0000 0.0000 0.0000 0.0000 0.0000 0.0000 0.0000 0.0000 0.0226 0.0004 0.0011 0.0009 0.1213 0.0458 0.0008 0.0000 0.0340 0.0000 0.0000 0.0002 0.0000 0.0000 0.0037 0.0003 0.0042 0.0000 0.0000 0.0017 0.0000 0.0000 0.0000 0.0393 0.0477 0.0000 0.0000 0.0000 0.0000 0.0000 0.0000 0.0000 0.0001 0.0111 0.0141 0.0040 0.0351 0.0355 0.0284 0.0513 0.0402 0.0307 0.0081 0.0141 0.0215 0.0115 0.0220 0.0170 0.0227 0.0085
0.0000 0.0000 0.0000 0.0000 0.0148 0.0000 0.0003 0.0001 0.0006 0.0000 0.0001 0.0001 0.0000 0.0000 0.0001 0.0000 0.0000 0.0000 0.0000 0.0000 0.0000 0.0001 0.0005 0.0000 0.0001 0.0015 0.1618 0.0000 0.0000 0.0001 0.0000 0.0004 0.0003 0.0000 0.0002 0.0001 0.0001 0.0000 0.0000 0.0050 0.0002 0.0001 0.0002 0.0000 0.0000 0.0000 0.0000 0.0000 0.0001 0.0000 0.0001 0.0000 0.0001 0.0001 0.0001 0.0000 0.0001 0.0001 0.0000 0.0000 0.0001 0.0001 0.0001 0.0000
0.0000 0.0000 0.0000 0.0001 0.0000 0.0001 0.0002 0.0001 0.0001 0.0000 0.0168 0.0001 0.0000 0.0000 0.0000 0.1581 0.0000 0.0000 0.0000 0.0000 0.0000 0.0000 0.0000 0.0000 0.0000 0.0000 0.0000 0.0000 0.0000 0.0000 0.0000 0.0000 0.0000 0.0000 0.0000 0.0009 0.0000 0.0003 0.0004 0.0000 0.0000 0.0000 0.0000 0.0000 0.0000 0.0000 0.0000 0.0002 0.0000 0.0000 0.0000 0.1264 0.3165 0.0000 0.1395 0.4341 0.0000 0.0000 0.0000 0.0000 0.0000 0.0000 0.0000 0.0000
0.0000 0.0000 0.0000 0.0000 0.0000 0.0000 0.0000 0.0000 0.0000 0.0000 0.0000 0.0181 0.0000 0.0000 0.0000 0.0000 0.0000 0.0000 0.0000 0.0000 0.0000 0.0000 0.0000 0.0000 0.0000 0.0001 0.0000 0.0000 0.0000 0.0000 0.0000 0.0000 0.0000 0.0000 0.0000 0.0000 0.0000 0.0000 0.0000 0.0000 0.0000 0.0000 0.0000 0.0000 0.0000 0.0000 0.0000 0.0000 0.0000 0.0000 0.0000 0.0815 0.1190 0.1556 0.0000 0.0000 0.0000 0.0000 0.0000 0.0000 0.0000 0.0000 0.0000 0.0000
0.0002 0.0001 0.0001 0.0506 0.0037 0.0000 0.0000 0.0000 0.0000 0.0000 0.0001 0.0004 0.0000 0.0162 0.0000 0.0037 0.0000 0.1511 0.0000 0.0000 0.0000 0.0000 0.0000 0.0000 0.0000 0.0000 0.0000 0.0000 0.0002 0.0000 0.0001 0.0001 0.0005 0.0207 0.0006 0.0003 0.0002 0.0000 0.0000 0.0000 0.0000 0.1030 0.0000 0.0002 0.0000 0.0000 0.0000 0.0261 0.0000 0.0000 0.0000 0.0000 0.0000 0.0000 0.0000 0.0008 0.0015 0.0000 0.0323 0.0267 0.2585 0.1913 0.3189 0.0504
0.0000 0.0000 0.0000 0.0000 0.0000 0.0000 0.0000 0.0000 0.0000 0.0000 0.0000 0.0000 0.0000 0.0000 0.0000 0.0956 0.0000 0.0000 0.0000 0.0000 0.0182 0.0000 0.0258 0.0001 0.0000 0.0000 0.0000 0.0000 0.0000 0.0000 0.0000 0.0000 0.0000 0.0000 0.0000 0.0000 0.0000 0.0000 0.0030 0.0388 0.0108 0.0272 0.0200 0.0075 0.0075 0.0104 0.0166 0.0335 0.0159 0.0011 0.0209 0.0000 0.0000 0.0059 0.0000 0.0106 0.0000 0.0100 0.0000 0.0150 0.0000 0.0000 0.0000 0.0000
0.0000 0.0000 0.0000 0.0000 0.0000 0.0000 0.0000 0.0000 0.0000 0.0000 0.0000 0.0000 0.0000 0.0000 0.0000 0.0000 0.0000 0.0000 0.0000 0.0000 0.0000 0.0000 0.0000 0.0000 0.0000 0.0000 0.0000 0.0000 0.0000 0.0000 0.0000 0.0000 0.0000 0.0000 0.0000 0.0000 0.0000 0.0000 0.0000 0.0002 0.0464 0.0142 0.1052 0.0000 0.0000 0.0000 0.0000 0.0000 0.0000 0.0000 0.0000 0.0000 0.0000 0.0000 0.0075 0.0000 0.0004 0.0144 0.0141 0.0000 0.0000 0.0000 0.0000 0.0064
0.0000 0.0000 0.0000 0.0000 0.0000 0.0000 0.0000 0.0000 0.0000 0.0000 0.0000 0.0000 0.0000 0.0000 0.0000 0.0000 0.0000 0.0000 0.0000 0.0000 0.0000 0.0000 0.0000 0.0000 0.0000 0.0000 0.0000 0.0000 0.0000 0.0008 0.0000 0.0000 0.0000 0.0000 0.0000 0.0000 0.0000 0.0000 0.0000 0.0000 0.0000 0.0000 0.0000 0.0000 0.0000 0.0000 0.0000 0.0000 0.0000 0.0000 0.0000 0.0000 0.0000 0.0000 0.0000 0.0000 0.0000 0.0000 0.0000 0.0000 0.0000 0.0000 0.0000 0.0000
0.0000 0.0000 0.0000 0.0000 0.0000 0.0000 0.0000 0.0000 0.0000 0.2552 0.2181 0.0000 0.0000 0.1830 0.0000 0.0226 0.0000 0.0000 0.0000 0.0000 0.0000 0.0000 0.0000 0.0471 0.0000 0.0000 0.0000 0.0000 0.0000 0.0000 0.0000 0.0000 0.0000 0.0000 0.0000 0.0000 0.0000 0.0000 0.0000 0.0000 0.0000 0.0000 0.0000 0.0000 0.0000 0.0000 0.0000 0.0000 0.0000 0.0000 0.0000 0.0000 0.0000 0.0834 0.0000 0.0000 0.0000 0.0000 0.0361 0.0000 0.0000 0.0000 0.0000 0.0000
0.0000 0.0000 0.0000 0.0000 0.0000 0.0477 0.0000 0.0133 0.1747 0.1943 0.1777 0.0731 0.0113 0.0000 0.0000 0.0000 0.0000 0.0000 0.0000 0.0000 0.0000 0.0000 0.0000 0.0000 0.0000 0.0000 0.0000 0.0000 0.0000 0.0000 0.0000 0.0014 0.0000 0.0000 0.0000 0.0000 0.0000 0.0000 0.0000 0.0000 0.0000 0.0000 0.0000 0.0000 0.0000 0.0000 0.0000 0.0000 0.0000 0.0000 0.0000 0.0000 0.0000 0.0000 0.0000 0.0000 0.0000 0.0000 0.0000 0.0000 0.0000 0.0000 0.0000 0.0000
0.0000 0.0000 0.0001 0.0059 0.0190 0.0346 0.0649 0.0344 0.0357 0.0210 0.0199 0.0739 0.0169 0.0000 0.0000 0.0000 0.0000 0.0000 0.0000 0.0000 0.0000 0.0000 0.0421 0.0772 0.0000 0.0000 0.0000 0.0000 0.0470 0.0138 0.0026 0.0002 0.0092 0.0835 0.0443 0.0156 0.0132 0.0039 0.0085 0.0000 0.0000 0.0000 0.0000 0.0000 0.0000 0.0000 0.0000 0.0000 0.0000 0.0014 0.0519 0.0172 0.0279 0.0000 0.0212 0.0494 0.0245 0.0000 0.0000 0.0000 0.0000 0.0000 0.0000 0.0000
0.0000 0.0000 0.0000 0.0000 0.0184 0.0001 0.0000 0.0001 0.0000 0.0000 0.0000 0.0000 0.0000 0.0000 0.0000 0.0000 0.0000 0.0000 0.0000 0.1058 0.0273 0.0377 0.0002 0.0000 0.0001 0.0004 0.0000 0.0000 0.0000 0.0000 0.0001 0.0000 0.0001 0.0002 0.0001 0.0006 0.0495 0.0000 0.0000 0.0001 0.0001 0.0000 0.0000 0.0000 0.0000 0.0000 0.0000 0.0000 0.0001 0.0000 0.0001 0.0001 0.0001 0.0001 0.0001 0.0001 0.0000 0.0000 0.0002 0.0000 0.0004 0.0010 0.0000 0.0000
0.0000 0.0000 0.0000 0.0000 0.0000 0.0000 0.0000 0.0000 0.0012 0.0319 0.0000 0.0000 0.0000 0.0000 0.0000 0.0000 0.0000 0.0000 0.0000 0.0000 0.0000 0.0000 0.0000 0.0000 0.0000 0.0000 0.0000 0.0000 0.0000 0.0000 0.0000 0.0000 0.0000 0.0000 0.0000 0.0000 0.0000 0.0000 0.0000 0.0000 0.0000 0.0000 0.0000 0.0274 0.0000 0.0000 0.0000 0.0000 0.0000 0.0000 0.0000 0.0000 0.0000 0.0000 0.0000 0.0000 0.0305 0.0842 0.0000 0.0000 0.0000 0.0000 0.0000 0.0000
0.0000 0.0000 0.0000 0.0000 0.0000 0.0000 0.0000 0.0004 0.0000 0.0000 0.0005 0.0003 0.0002 0.0000 0.0000 0.0001 0.0000 0.0000 0.0001 0.0000 0.0000 0.0000 0.0000 0.0000 0.0000 0.0000 0.0000 0.0000 0.0000 0.0000 0.0000 0.0000 0.0000 0.0001 0.0000 0.0000 0.0000 0.0000 0.0000 0.0002 0.0001 0.0000 0.0000 0.0000 0.0000 0.0000 0.0000 0.0000 0.0000 0.0002 0.0006 0.0016 0.0007 0.0014 0.0000 0.0002 0.0002 0.0006 0.0001 0.0001 0.0002 0.0004 0.0004 0.0001
0.0000 0.0000 0.0000 0.0000 0.0000 0.0000 0.0000 0.0000 0.0000 0.0000 0.0000 0.0000 0.0219 0.0078 0.0398 0.0119 0.0000 0.0000 0.0000 0.0004 0.0387 0.0000 0.0000 0.0000 0.0000 0.0000 0.0000 0.0000 0.0000 0.0000 0.0000 0.0000 0.0000 0.0568 0.0391 0.0000 0.0000 0.0000 0.0001 0.0002 0.0002 0.0000 0.0000 0.0001 0.0000 0.0000 0.0000 0.0000 0.0000 0.0000 0.0003 0.0000 0.0000 0.0000 0.0000 0.0000 0.0000 0.0000 0.0054 0.0000 0.0000 0.0000 0.0000 0.0000
0.0000 0.0000 0.0000 0.0002 0.0000 0.0003 0.0001 0.0001 0.0001 0.0001 0.0000 0.0000 0.0000 0.0000 0.0002 0.0001 0.0001 0.0000 0.0001 0.0000 0.0000 0.0000 0.0000 0.0000 0.0000 0.0000 0.0000 0.0000 0.0000 0.0000 0.0220 0.0000 0.0000 0.0000 0.0283 0.0000 0.0000 0.0000 0.0000 0.0000 0.0000 0.0000 0.0000 0.0000 0.0000 0.0000 0.0000 0.0000 0.0000 0.0000 0.0000 0.0000 0.0000 0.0000 0.0000 0.0000 0.0000 0.0000 0.0990 0.0000 0.0000 0.0000 0.0000 0.0000
0.0000 0.0429 0.0838 0.0900 0.0000 0.0167 0.0000 0.0154 0.0000 0.0000 0.0000 0.0000 0.0000 0.0000 0.0001 0.0083 0.0224 0.0022 0.0062 0.0640 0.0000 0.0000 0.0742 0.0002 0.0001 0.0003 0.0001 0.0001 0.0001 0.0016 0.0020 0.1442 0.0158 0.0001 0.0001 0.0000 0.0000 0.0000 0.0000 0.0000 0.0000 0.0000 0.0000 0.0000 0.0000 0.0000 0.0000 0.0000 0.0000 0.0000 0.0000 0.0001 0.0648 0.0998 0.0696 0.0000 0.0000 0.0000 0.0000 0.0000 0.0000 0.0000 0.0000 0.0000
0.0000 0.0000 0.0000 0.0000 0.0000 0.0000 0.0000 0.0000 0.0000 0.0000 0.0000 0.0000 0.0000 0.0000 0.0086 0.0459 0.0000 0.0000 0.0000 0.0000 0.0000 0.0000 0.0000 0.0000 0.0000 0.0000 0.0000 0.0000 0.0000 0.0000 0.0000 0.0000 0.0000 0.0000 0.0000 0.0000 0.0000 0.0000 0.0000 0.0000 0.0000 0.0000 0.0000 0.0000 0.0000 0.0000 0.0000 0.0000 0.0000 0.0000 0.0000 0.0000 0.0000 0.0000 0.0000 0.0000 0.0000 0.0000 0.0000 0.0000 0.0000 0.0000 0.0000 0.0000
0.0000 0.0000 0.0000 0.0000 0.0000 0.0000 0.0003 0.0000 0.0794 0.0852 0.0308 0.0035 0.0000 0.0000 0.0015 0.0000 0.0000 0.0000 0.0000 0.0000 0.0000 0.0005 0.0108 0.0048 0.2296 0.0218 0.0376 0.0209 0.0000 0.0157 0.0000 0.0086 0.0134 0.0226 0.0110 0.0155 0.0150 0.0055 0.0233 0.4058 0.0984 0.2513 0.0959 0.0787 0.1443 0.3139 0.3914 0.0426 0.0025 0.0060 0.0071 0.0192 0.0000 0.0000 0.0000 0.0214 0.1209 0.0788 0.0578 0.0000 0.0000 0.0015 0.0000 0.0000
0.0000 0.0000 0.0000 0.0000 0.0000 0.0000 0.0000 0.0000 0.0000 0.0000 0.0000 0.0000 0.0000 0.0000 0.0000 0.0000 0.0000 0.0000 0.0000 0.0000 0.0000 0.0000 0.0000 0.0000 0.0000 0.0000 0.0000 0.0000 0.0000 0.0000 0.0000 0.0000 0.0000 0.0000 0.0000 0.0000 0.0000 0.0000 0.0000 0.0000 0.0000 0.0000 0.0000 0.0000 0.0000 0.0000 0.0001 0.0001 0.0001 0.0000 0.0000 0.0001 0.0002 0.0563 0.0002 0.0001 0.0000 0.0005 0.0000 0.0000 0.0000 0.0000 0.0000 0.0000
