0.0015 0.0021 0.0050 0.0075 0.0002 0.0044 0.0000 0.0004 0.0000 0.0000 0.0000 0.0001 0.0000 0.0000 0.0000 0.0001 0.0002 0.0005 0.0003 0.0025 0.0006 0.0016 0.0004 0.0001 0.0001 0.0002 0.0040 0.0011 0.0038 0.0035 0.0039 0.0015 0.0005 0.0007 0.0009 0.0000 0.0000 0.0000 0.0000 0.0000 0.0000 0.0001 0.0000 0.0000 0.0000 0.0167 0.0191 0.0088 0.0072 0.0373 0.0451 0.0145 0.0126 0.0357 0.2288 0.3620 0.3584 0.5062 0.4414 0.5767 0.6119 0.7855 0.8206 0.7021
0.0000 0.0000 0.0000 0.0000 0.0000 0.0000 0.0000 0.0000 0.0002 0.0010 0.0016 0.0003 0.0000 0.0000 0.0000 0.0006 0.0000 0.0000 0.0000 0.0000 0.0020 0.0000 0.0000 0.0008 0.0004 0.0008 0.0000 0.0011 0.0073 0.0053 0.0112 0.0041 0.0021 0.0014 0.0000 0.0000 0.0000 0.0003 0.0000 0.0147 0.0046 0.0046 0.0091 0.0135 0.0090 0.0092 0.0000 0.0000 0.0013 0.0000 0.0101 0.0016 0.0000 0.0000 0.0000 0.0000 0.0000 0.0000 0.0006 0.0000 0.0000 0.0000 0.0059 0.0052
0.0000 0.0000 0.0000 0.0000 0.0000 0.0000 0.0000 0.0000 0.0000 0.0000 0.0000 0.0000 0.0000 0.0031 0.0000 0.0000 0.0000 0.0000 0.0000 0.0000 0.0012 0.0000 0.0256 0.0000 0.0853 0.0335 0.0000 0.0000 0.0000 0.0000 0.0000 0.0000 0.0001 0.0000 0.0000 0.0000 0.0000 0.0000 0.0000 0.0000 0.0000 0.0000 0.0000 0.0000 0.0000 0.0000 0.0000 0.0000 0.0000 0.0000 0.0000 0.0000 0.0000 0.0000 0.1267 0.1034 0.0910 0.0000 0.0000 0.0000 0.0000 0.0000 0.0000 0.0000
0.0000 0.0000 0.0000 0.0000 0.0000 0.0000 0.0000 0.0000 0.0000 0.0000 0.0000 0.0000 0.0000 0.0000 0.0000 0.0000 0.0000 0.0000 0.0000 0.0000 0.0000 0.0000 0.0000 0.0000 0.0000 0.0000 0.0000 0.0000 0.0000 0.0000 0.0000 0.0011 0.0000 0.0000 0.0000 0.0000 0.0000 0.0001 0.0000 0.0000 0.0000 0.0000 0.0000 0.0000 0.0000 0.0000 0.0000 0.0000 0.0000 0.0000 0.0000 0.0000 0.0000 0.0000 0.0000 0.0000 0.0000 0.0000 0.0000 0.0000 0.0000 0.0000 0.0000 0.0000
0.0008 0.0059 0.0008 0.0012 0.0011 0.0022 0.0018 0.0024 0.0018 0.0014 0.0224 0.1320 0.0015 0.0004 0.0000 0.0030 0.0002 0.0101 0.0032 0.0000 0.0039 0.0000 0.0003 0.0000 0.0001 0.0000 0.0000 0.0000 0.0000 0.0006 0.0013 0.0200 0.0003 0.0000 0.0512 0.0421 0.0522 0.0463 0.0652 0.1013 0.0336 0.0273 0.0080 0.0000 0.0000 0.0000 0.0000 0.0000 0.0000 0.0002 0.0080 0.0006 0.0001 0.0004 0.0310 0.0004 0.0001 0.0000 0.0001 0.0000 0.0000 0.0003 0.0000 0.0000
0.0003 0.0006 0.0004 0.0023 0.0036 0.0061 0.0040 0.0031 0.0020 0.0023 0.0040 0.0102 0.0090 0.0001 0.0021 0.0000 0.0098 0.0123 0.0050 0.0090 0.0017 0.0006 0.0000 0.0054 0.0105 0.0053 0.0057 0.0051 0.0000 0.0000 0.0000 0.0017 0.0053 0.0036 0.0010 0.0032 0.0025 0.0009 0.0058 0.0007 0.0005 0.0005 0.0002 0.0002 0.0001 0.0002 0.0002 0.0004 0.0008 0.0009 0.0002 0.0003 0.0001 0.0001 0.0002 0.0002 0.0000 0.0001 0.0000 0.0001 0.0001 0.0003 0.0004 0.0003
0.0000 0.0000 0.0001 0.0000 0.0000 0.0000 0.0000 0.0000 0.0000 0.0000 0.0000 0.0000 0.0000 0.0000 0.0000 0.0003 0.0018 0.0000 0.0000 0.0000 0.0002 0.0022 0.0019 0.0000 0.0000 0.0069 0.0017 0.0005 0.0000 0.0000 0.0000 0.0064 0.0027 0.0016 0.0012 0.0000 0.0000 0.0000 0.0000 0.0007 0.0009 0.0004 0.0000 0.0000 0.0000 0.2369 0.2890 0.0167 0.0091 0.0021 0.0000 0.0000 0.0018 0.0004 0.0009 0.0006 0.0011 0.0012 0.0008 0.0004 0.0007 0.0017 0.0008 0.0004
0.0000 0.0000 0.0000 0.0000 0.0000 0.0000 0.0000 0.0000 0.0000 0.0000 0.0000 0.0000 0.0000 0.0000 0.0000 0.0000 0.0000 0.0000 0.0001 0.0020 0.0053 0.0014 0.2067 0.1589 0.2480 0.0987 0.3619 0.3271 0.3032 0.2115 0.2966 0.4156 0.2264 0.0000 0.0000 0.0000 0.0000 0.0000 0.0000 0.0000 0.0000 0.0000 0.0000 0.0000 0.0000 0.0000 0.0000 0.0000 0.0093 0.0245 0.0007 0.0006 0.0011 0.0008 0.0010 0.0006 0.0008 0.0000 0.0000 0.0000 0.0000 0.0000 0.0000 0.0000
0.0000 0.0000 0.0000 0.0043 0.0003 0.0030 0.0110 0.0057 0.0029 0.0013 0.0000 0.0000 0.0000 0.0000 0.0376 0.1339 0.0002 0.0005 0.0001 0.0060 0.0003 0.0002 0.0001 0.0000 0.0006 0.0000 0.0001 0.0001 0.0013 0.0020 0.0015 0.0008 0.0003 0.0000 0.0000 0.0000 0.0000 0.0002 0.0001 0.0001 0.0007 0.0000 0.0000 0.0000 0.0000 0.0000 0.0000 0.0000 0.0000 0.0002 0.0017 0.0004 0.0002 0.0000 0.0000 0.0000 0.0000 0.0000 0.0000 0.0000 0.0000 0.0000 0.0000 0.0000
0.0000 0.0000 0.0000 0.0000 0.0004 0.0079 0.0012 0.0018 0.0002 0.0008 0.0014 0.0008 0.0002 0.0000 0.0000 0.0000 0.0024 0.0000 0.0000 0.0000 0.0017 0.0000 0.0000 0.0009 0.0000 0.0000 0.0011 0.0033 0.0081 0.0044 0.0081 0.0037 0.0014 0.0010 0.0019 0.0005 0.0006 0.0007 0.0020 0.0001 0.0000 0.0044 0.0201 0.0227 0.0292 0.0385 0.0194 0.0202 0.0203 0.0203 0.0404 0.0133 0.0257 0.0070 0.0080 0.0197 0.0192 0.0145 0.0236 0.0105 0.0108 0.0306 0.0208 0.0111
0.0000 0.0000 0.0000 0.0000 0.0000 0.0000 0.0000 0.0000 0.0000 0.0000 0.0000 0.0000 0.0000 0.0000 0.0000 0.0000 0.0002 0.0003 0.0001 0.0006 0.0000 0.0000 0.0000 0.0000 0.0000 0.0000 0.0000 0.0000 0.0000 0.0000 0.0000 0.0000 0.0000 0.0000 0.0000 0.0000 0.0000 0.0000 0.0000 0.0000 0.0000 0.0000 0.0000 0.0000 0.0000 0.0000 0.0000 0.0000 0.0000 0.0000 0.0000 0.0000 0.0000 0.0000 0.0000 0.0000 0.0000 0.0000 0.0000 0.0000 0.0000 0.0000 0.0000 0.0000
0.0000 0.0001 0.0003 0.0007 0.0005 0.0026 0.0019 0.0051 0.0041 0.0075 0.0144 0.0055 0.0050 0.0000 0.0009 0.0000 0.0003 0.0015 0.0058 0.0100 0.0000 0.0176 0.0000 0.0016 0.0043 0.0017 0.0026 0.0020 0.0139 0.0061 0.0053 0.0025 0.0016 0.0000 0.0026 0.0018 0.0024 0.0011 0.0067 0.0039 0.0059 0.0016 0.0050 0.0031 0.0013 0.0003 0.0002 0.0002 0.0008 0.0002 0.0002 0.0001 0.0001 0.0001 0.0002 0.0002 0.0000 0.0001 0.0000 0.0001 0.0000 0.0002 0.0000 0.0000
0.0000 0.0000 0.0000 0.0000 0.0000 0.0000 0.0002 0.0000 0.0000 0.0000 0.0000 0.0000 0.0000 0.0000 0.0000 0.0000 0.0000 0.0000 0.0000 0.0000 0.0000 0.0000 0.0000 0.0000 0.0000 0.0000 0.0000 0.0000 0.0000 0.0000 0.0000 0.0000 0.0000 0.0000 0.0000 0.0000 0.0000 0.0000 0.0000 0.0000 0.0000 0.0000 0.0000 0.0000 0.0000 0.0000 0.0000 0.0000 0.0000 0.0000 0.0000 0.0000 0.0000 0.0002 0.0000 0.0000 0.0000 0.0000 0.0000 0.0000 0.0000 0.0000 0.0000 0.0000
0.0000 0.0093 0.0000 0.0000 0.0000 0.0000 0.0000 0.0000 0.0000 0.0000 0.0000 0.0001 0.0000 0.0000 0.0000 0.0000 0.0000 0.0000 0.0000 0.0001 0.0002 0.0001 0.0001 0.0000 0.0456 0.0000 0.0000 0.0000 0.0000 0.0000 0.0000 0.0020 0.0000 0.0000 0.0001 0.0002 0.0001 0.0001 0.0002 0.0003 0.0002 0.0003 0.0006 0.0003 0.0002 0.0003 0.0002 0.0000 0.0001 0.0002 0.0001 0.0000 0.0003 0.0001 0.0000 0.0001 0.0000 0.0001 0.0002 0.0000 0.0000 0.0000 0.0000 0.0002
0.0000 0.0000 0.0142 0.0949 0.0491 0.0000 0.1137 0.0710 0.0000 0.0782 0.0393 0.0020 0.0001 0.0000 0.0000 0.0000 0.0000 0.0000 0.0000 0.1240 0.0000 0.0007 0.0013 0.0000 0.0000 0.0000 0.0000 0.0000 0.0019 0.0012 0.0034 0.0002 0.0000 0.0000 0.0000 0.0000 0.0000 0.0000 0.0000 0.0003 0.0000 0.0000 0.0001 0.0000 0.0000 0.0000 0.0019 0.0000 0.0012 0.0017 0.0001 0.0001 0.0048 0.0009 0.0000 0.0001 0.0002 0.0000 0.0002 0.0008 0.0000 0.0000 0.0000 0.0000
0.9284 0.9631 0.9240 0.8411 0.8934 0.8782 0.4266 0.3103 0.1513 0.0239 0.0030 0.0000 0.0000 0.0000 0.0000 0.0000 0.0000 0.0000 0.0000 0.0000 0.0009 0.0000 0.0012 0.0000 0.0000 0.0000 0.0000 0.0000 0.0001 0.0000 0.0000 0.0067 0.0000 0.0000 0.0000 0.0000 0.0002 0.0001 0.0011 0.0000 0.0047 0.0016 0.0047 0.0282 0.0155 0.0170 0.0141 0.0000 0.0036 0.0018 0.0000 0.0000 0.0000 0.0000 0.0000 0.0000 0.0064 0.0139 0.0195 0.0237 0.0112 0.0351 0.0604 0.0098
0.0004 0.0003 0.0004 0.0007 0.0041 0.0043 0.0015 0.0009 0.0005 0.0006 0.0024 0.0014 0.0010 0.0002 0.0004 0.0003 0.0002 0.0003 0.0003 0.0004 0.0003 0.0003 0.0002 0.0000 0.0019 0.0000 0.0000 0.0000 0.0000 0.0000 0.0000 0.0000 0.0005 0.0000 0.0015 0.0000 0.0002 0.0001 0.0002 0.0002 0.0000 0.0000 0.0000 0.0000 0.0031 0.0014 0.0019 0.0253 0.0280 0.0082 0.0209 0.0101 0.0002 0.0000 0.0004 0.0010 0.0000 0.0005 0.0000 0.0000 0.0000 0.0000 0.0000 0.0000
0.0000 0.0000 0.0003 0.0009 0.0035 0.0074 0.0014 0.0008 0.0007 0.0011 0.0024 0.0024 0.0016 0.0044 0.0044 0.0052 0.0036 0.0096 0.0014 0.0160 0.0005 0.0000 0.0000 0.0000 0.0000 0.0000 0.0000 0.0000 0.0604 0.1357 0.1065 0.0790 0.0000 0.0000 0.0000 0.0003 0.0007 0.0006 0.2151 0.0000 0.0000 0.0211 0.0000 0.0000 0.0000 0.0001 0.0000 0.0002 0.0001 0.0002 0.0003 0.0005 0.0003 0.0001 0.0001 0.0003 0.0000 0.0001 0.0000 0.0000 0.0000 0.0001 0.0011 0.0012
0.0000 0.0000 0.0000 0.0003 0.0007 0.0013 0.0003 0.0005 0.0001 0.0015 0.0009 0.0011 0.0008 0.0003 0.0010 0.0007 0.0004 0.0001 0.0003 0.1276 0.0000 0.1109 0.0001 0.0000 0.0000 0.0000 0.0000 0.0000 0.0000 0.0000 0.0000 0.0000 0.0000 0.0000 0.0000 0.0000 0.0000 0.0000 0.0000 0.0000 0.0000 0.0005 0.0049 0.0005 0.0001 0.0002 0.0001 0.0003 0.0003 0.0002 0.0002 0.0005 0.0009 0.0001 0.0002 0.0000 0.0000 0.0001 0.0000 0.0000 0.0000 0.0000 0.0000 0.0000
0.0000 0.0000 0.0000 0.0000 0.0000 0.0000 0.0000 0.0000 0.0000 0.0000 0.0000 0.0000 0.0000 0.0007 0.0016 0.0000 0.0000 0.0000 0.0000 0.0000 0.0005 0.0001 0.0059 0.0000 0.0000 0.0000 0.0000 0.0000 0.0003 0.0033 0.0000 0.0000 0.0000 0.0000 0.0000 0.0003 0.0005 0.0003 0.0016 0.0009 0.0007 0.0005 0.0000 0.0008 0.0005 0.0013 0.0000 0.0000 0.0000 0.0000 0.0000 0.0001 0.0002 0.0008 0.0001 0.0000 0.0000 0.0000 0.0000 0.0000 0.0000 0.0000 0.0000 0.0000
0.0000 0.0000 0.0000 0.0000 0.0001 0.0000 0.3543 0.5698 0.8120 0.8231 0.7616 0.7467 0.8309 0.8843 0.9059 0.7491 0.6528 0.5733 0.2668 0.0000 0.0017 0.0530 0.0036 0.0013 0.0007 0.0000 0.0000 0.0000 0.0000 0.0002 0.0001 0.0004 0.0000 0.0002 0.0007 0.0001 0.0002 0.0000 0.0001 0.0003 0.0000 0.0000 0.0000 0.0000 0.0000 0.0000 0.0000 0.0000 0.0000 0.0000 0.0000 0.0000 0.0000 0.0000 0.0000 0.0000 0.0002 0.0006 0.0006 0.0000 0.0000 0.0000 0.0043 0.0000
0.0000 0.0000 0.0000 0.0000 0.0000 0.0000 0.0000 0.0000 0.0000 0.0000 0.0000 0.0000 0.0000 0.0000 0.0007 0.0000 0.0000 0.0000 0.0000 0.0000 0.0000 0.0000 0.1002 0.1162 0.0000 0.0000 0.0000 0.0000 0.0000 0.0000 0.0000 0.0000 0.0000 0.0000 0.0000 0.0000 0.0000 0.0000 0.0000 0.0000 0.0000 0.0721 0.0003 0.0000 0.0000 0.0000 0.0000 0.0000 0.0000 0.0000 0.0001 0.0000 0.0001 0.0001 0.0000 0.0000 0.0000 0.0000 0.0000 0.0000 0.0001 0.0001 0.0001 0.0000
0.0000 0.0000 0.0000 0.0000 0.0000 0.0000 0.0000 0.0000 0.0000 0.0000 0.0000 0.0000 0.0000 0.0000 0.0000 0.0000 0.0000 0.0000 0.0000 0.0000 0.0000 0.0000 0.0000 0.0084 0.0000 0.0000 0.0000 0.0109 0.0000 0.0444 0.0000 0.0000 0.0000 0.0000 0.0000 0.0000 0.0000 0.0000 0.0000 0.0000 0.0000 0.0000 0.0000 0.0000 0.0000 0.0000 0.0000 0.0000 0.0001 0.0001 0.0000 0.0000 0.0000 0.0000 0.0000 0.0000 0.0000 0.0004 0.0000 0.0000 0.0000 0.0000 0.0000 0.0000
0.0001 0.0000 0.0000 0.0000 0.0000 0.0000 0.0000 0.0000 0.0000 0.0000 0.0000 0.0000 0.0000 0.0000 0.0000 0.0000 0.0002 0.0002 0.0001 0.0010 0.0000 0.0000 0.0000 0.0000 0.0002 0.0000 0.0000 0.0000 0.0000 0.0000 0.0000 0.0001 0.0000 0.0000 0.0000 0.0000 0.0000 0.0000 0.0000 0.0000 0.0000 0.0000 0.0001 0.0001 0.0000 0.0001 0.0001 0.0000 0.0000 0.0000 0.0000 0.0000 0.0000 0.0000 0.0000 0.0000 0.0000 0.0000 0.0000 0.0000 0.0000 0.0000 0.0000 0.0000
0.0003 0.0010 0.0225 0.0427 0.0343 0.0595 0.0529 0.0247 0.0211 0.0251 0.0673 0.0410 0.0266 0.0140 0.0142 0.0192 0.0289 0.0218 0.0134 0.0181 0.0055 0.0100 0.0001 0.0001 0.0002 0.0001 0.0209 0.0313 0.0570 0.0511 0.0225 0.0055 0.0001 0.0001 0.0000 0.0000 0.0000 0.0000 0.0000 0.0001 0.0001 0.0001 0.0002 0.0049 0.0000 0.0000 0.0000 0.0000 0.0017 0.0000 0.0000 0.0000 0.0000 0.0000 0.0000 0.0000 0.0001 0.0000 0.0000 0.0000 0.0000 0.0000 0.0000 0.0000
0.0000 0.0000 0.0000 0.0000 0.0000 0.0000 0.0000 0.0000 0.0000 0.0000 0.0000 0.0000 0.0000 0.0000 0.0000 0.0000 0.0000 0.0000 0.0000 0.0000 0.0000 0.0000 0.0000 0.0001 0.0001 0.0001 0.0011 0.0002 0.0002 0.0001 0.0000 0.0002 0.0000 0.0000 0.0000 0.0000 0.0000 0.0000 0.0000 0.0000 0.0000 0.0000 0.0000 0.0000 0.0000 0.0000 0.0000 0.0000 0.0000 0.0000 0.0000 0.0000 0.0000 0.0000 0.0000 0.0002 0.0001 0.0000 0.0000 0.0000 0.0000 0.0000 0.0000 0.0000
0.0000 0.0000 0.0000 0.0000 0.0000 0.0000 0.0000 0.0000 0.0000 0.0000 0.0000 0.0000 0.0000 0.0000 0.0000 0.0000 0.0000 0.0001 0.0754 0.1120 0.0000 0.0000 0.0000 0.0000 0.0000 0.0000 0.0000 0.0001 0.0007 0.0000 0.0000 0.0002 0.0000 0.0000 0.0000 0.0000 0.0000 0.0000 0.0000 0.0010 0.0016 0.0003 0.0050 0.0017 0.0007 0.0004 0.0000 0.0000 0.0000 0.0000 0.0000 0.0000 0.0000 0.0000 0.0000 0.0000 0.0001 0.0000 0.0000 0.0000 0.0000 0.0000 0.0000 0.0003
0.0000 0.0000 0.0000 0.0001 0.0001 0.0013 0.0005 0.0003 0.0004 0.0000 0.0000 0.0000 0.0000 0.0001 0.0000 0.0000 0.1176 0.0002 0.0001 0.0004 0.0003 0.0001 0.0002 0.0000 0.0001 0.0000 0.0000 0.0000 0.0000 0.0000 0.0002 0.0000 0.0000 0.0000 0.0002 0.0000 0.0642 0.2797 0.5015 0.3346 0.0002 0.8120 0.0176 0.5621 0.5539 0.0126 0.0135 0.0029 0.0126 0.0004 0.0000 0.0000 0.0000 0.0000 0.0000 0.0000 0.0000 0.0000 0.0000 0.0000 0.0000 0.0000 0.0000 0.0000
0.0000 0.0000 0.0000 0.0000 0.0000 0.0000 0.0000 0.0000 0.0000 0.0000 0.0000 0.0000 0.0000 0.0000 0.0000 0.0000 0.0000 0.0000 0.0000 0.0007 0.0003 0.0000 0.0000 0.0000 0.0000 0.0001 0.0000 0.0003 0.0009 0.0000 0.0013 0.0017 0.0001 0.0002 0.0004 0.0001 0.0002 0.0002 0.0008 0.0000 0.0000 0.0000 0.0000 0.0000 0.0000 0.0000 0.0000 0.0000 0.0000 0.0000 0.0000 0.0000 0.0000 0.0000 0.0000 0.0000 0.0001 0.0000 0.0000 0.0000 0.0000 0.0000 0.0000 0.0000
0.0001 0.0007 0.0003 0.0008 0.0039 0.0056 0.0037 0.0009 0.0021 0.0025 0.0729 0.0513 0.0272 0.0164 0.0115 0.0374 0.0000 0.0000 0.0000 0.0000 0.0000 0.0000 0.0009 0.0001 0.0001 0.0005 0.0000 0.0000 0.0000 0.0000 0.0041 0.0041 0.0006 0.0002 0.0004 0.0003 0.0003 0.0001 0.0002 0.0044 0.0025 0.0148 0.0266 0.0683 0.0644 0.0208 0.0182 0.0179 0.0102 0.0002 0.0001 0.0018 0.0001 0.0000 0.0000 0.0000 0.0000 0.0000 0.0000 0.0000 0.0000 0.0002 0.0581 0.2185
0.0000 0.0000 0.0000 0.0000 0.0000 0.0000 0.0000 0.0000 0.0000 0.0000 0.0000 0.0000 0.0000 0.0000 0.0000 0.0000 0.0000 0.0000 0.0000 0.0000 0.0000 0.0000 0.0000 0.0000 0.0000 0.0000 0.0000 0.0000 0.0000 0.0000 0.0000 0.0000 0.1642 0.0239 0.0046 0.0197 0.0000 0.0000 0.0000 0.0000 0.0000 0.0000 0.0000 0.0000 0.0000 0.0000 0.0000 0.0000 0.0000 0.0000 0.0000 0.0000 0.0000 0.0000 0.0000 0.0000 0.0000 0.0000 0.0000 0.0000 0.0000 0.0000 0.0000 0.0000
0.0000 0.0000 0.0000 0.0000 0.0001 0.0000 0.0032 0.0000 0.0000 0.0000 0.0000 0.0000 0.0003 0.0000 0.0006 0.0000 0.0000 0.0000 0.0000 0.0000 0.0000 0.0000 0.0000 0.0000 0.0000 0.0000 0.0000 0.0000 0.0010 0.0000 0.0000 0.0000 0.0000 0.0000 0.0000 0.0938 0.0000 0.0000 0.0008 0.0000 0.0000 0.0000 0.0000 0.1138 0.0000 0.0000 0.0002 0.0010 0.0000 0.0001 0.0000 0.0001 0.0000 0.0000 0.0000 0.0000 0.0000 0.0000 0.0000 0.0000 0.0000 0.0000 0.0000 0.0000
0.0000 0.0000 0.0000 0.0000 0.0000 0.0001 0.0000 0.0000 0.0000 0.0001 0.0002 0.0001 0.0000 0.0000 0.0000 0.0000 0.0000 0.0000 0.0000 0.0000 0.0091 0.0059 0.0000 0.0383 0.0000 0.0011 0.0000 0.0000 0.0000 0.0000 0.0361 0.0000 0.0000 0.0259 0.0000 0.0000 0.0000 0.0000 0.0000 0.0000 0.0003 0.0000 0.0000 0.0000 0.0000 0.0000 0.0000 0.0000 0.0000 0.0000 0.0000 0.0000 0.0000 0.0000 0.0000 0.0000 0.0000 0.0000 0.0002 0.0002 0.0000 0.0000 0.0000 0.0000
0.0000 0.0001 0.0000 0.0000 0.0001 0.0046 0.0000 0.0000 0.0000 0.0002 0.0003 0.0000 0.0000 0.0000 0.0000 0.0000 0.0000 0.0003 0.0000 0.0000 0.0000 0.0000 0.0000 0.0004 0.0003 0.0002 0.0000 0.0017 0.0000 0.0000 0.0000 0.0013 0.0000 0.0000 0.0000 0.0000 0.0000 0.0000 0.0006 0.0004 0.0012 0.0001 0.0005 0.1172 0.1784 0.0000 0.6013 0.8618 0.8404 0.7872 0.7038 0.8457 0.7926 0.7913 0.5652 0.4490 0.4840 0.4279 0.4623 0.3242 0.2847 0.0000 0.0000 0.0012
0.0004 0.0004 0.0000 0.0000 0.0000 0.0000 0.0002 0.0000 0.0001 0.0000 0.0000 0.0000 0.0007 0.0000 0.0000 0.0035 0.0052 0.0001 0.0000 0.0000 0.0000 0.0000 0.0000 0.0000 0.0000 0.0000 0.0000 0.0000 0.0000 0.0001 0.0000 0.0000 0.0000 0.0000 0.0000 0.0000 0.0000 0.0000 0.0052 0.0001 0.0001 0.0001 0.0002 0.0000 0.0000 0.0000 0.0000 0.0000 0.0000 0.0000 0.0000 0.0000 0.0517 0.0002 0.0000 0.0000 0.0000 0.0000 0.0000 0.0000 0.0000 0.0000 0.0000 0.0000
0.0000 0.0000 0.0001 0.0002 0.0000 0.0002 0.0003 0.0001 0.0001 0.0001 0.0003 0.0006 0.0000 0.0036 0.0015 0.0053 0.0001 0.0000 0.0002 0.0001 0.0020 0.0015 0.0059 0.0023 0.0074 0.0010 0.0013 0.0024 0.0106 0.0007 0.0012 0.0000 0.0001 0.0001 0.0005 0.0001 0.0012 0.0006 0.0023 0.0002 0.0001 0.0003 0.0002 0.0000 0.0000 0.0000 0.0015 0.0010 0.0041 0.0028 0.0002 0.0001 0.0023 0.0001 0.0003 0.0012 0.0005 0.0001 0.0001 0.0001 0.0001 0.0000 0.0000 0.0000
0.0000 0.0000 0.0000 0.0000 0.0000 0.0000 0.0000 0.0000 0.0002 0.0285 0.0011 0.0000 0.0926 0.0604 0.0000 0.0000 0.0000 0.0000 0.0000 0.0000 0.0000 0.0000 0.0000 0.0000 0.0302 0.0000 0.0000 0.0000 0.0000 0.0000 0.0000 0.0000 0.3065 0.8868 0.8186 0.7621 0.8404 0.3485 0.0683 0.0000 0.0000 0.0000 0.0009 0.0000 0.0000 0.0000 0.0000 0.0000 0.0000 0.0137 0.0000 0.0029 0.0001 0.0000 0.0001 0.0046 0.0133 0.0000 0.0063 0.0000 0.0000 0.0000 0.0000 0.0000
0.0000 0.0000 0.0000 0.0000 0.0000 0.0000 0.0000 0.0000 0.0000 0.0000 0.0000 0.0000 0.0000 0.0000 0.0000 0.0000 0.0000 0.0002 0.0001 0.0000 0.0003 0.0003 0.0001 0.0000 0.0000 0.0000 0.0000 0.0000 0.0000 0.0000 0.0000 0.0000 0.0000 0.0000 0.0000 0.0000 0.0000 0.0000 0.0000 0.0000 0.0000 0.0008 0.0029 0.0000 0.0000 0.0000 0.0000 0.0016 0.0106 0.0087 0.0149 0.0014 0.0080 0.0144 0.0224 0.0258 0.0027 0.0091 0.0047 0.0000 0.0000 0.0000 0.0000 0.0000
0.0000 0.0000 0.0000 0.0000 0.0000 0.0000 0.0000 0.0000 0.0000 0.0000 0.0002 0.0002 0.0000 0.0000 0.0001 0.0000 0.0002 0.0002 0.0000 0.0008 0.0001 0.0000 0.0000 0.0000 0.0001 0.0004 0.0002 0.0000 0.0000 0.0001 0.0001 0.0000 0.0000 0.0001 0.0000 0.0000 0.0000 0.0000 0.0000 0.0000 0.0000 0.0001 0.0068 0.0088 0.0000 0.0000 0.0002 0.0000 0.0000 0.0000 0.0000 0.0000 0.0003 0.0001 0.0000 0.0002 0.0000 0.0000 0.0000 0.0000 0.0000 0.0000 0.0000 0.0000
0.0000 0.0000 0.0000 0.0000 0.0000 0.0000 0.0000 0.0000 0.0000 0.0000 0.0016 0.0026 0.0000 0.0111 0.0112 0.0146 0.0000 0.0120 0.0000 0.0000 0.0074 0.0000 0.0343 0.0000 0.0000 0.0098 0.0000 0.0000 0.0000 0.0000 0.0000 0.0008 0.0000 0.0000 0.0161 0.0000 0.0000 0.0001 0.0000 0.0001 0.0009 0.0000 0.0000 0.0000 0.0000 0.0000 0.0000 0.0006 0.0008 0.0000 0.0004 0.0000 0.0000 0.0000 0.0020 0.0013 0.0008 0.0011 0.0000 0.0000 0.0000 0.0000 0.0000 0.0032
0.0019 0.0057 0.0007 0.0007 0.0025 0.0039 0.0208 0.0003 0.0000 0.0001 0.0001 0.0002 0.0002 0.0001 0.0001 0.0002 0.0001 0.0001 0.0001 0.0002 0.0000 0.0000 0.0000 0.0002 0.0000 0.4445 0.0000 0.0000 0.0000 0.0000 0.0000 0.0000 0.0000 0.0000 0.0000 0.0000 0.0000 0.0000 0.0000 0.0000 0.0000 0.0000 0.0000 0.0000 0.1277 0.0005 0.0000 0.0000 0.0000 0.0000 0.0000 0.0000 0.0000 0.0000 0.0001 0.0000 0.0001 0.0000 0.0000 0.0000 0.0000 0.0000 0.0000 0.0000
0.0000 0.0000 0.0000 0.0000 0.0000 0.0000 0.0000 0.0000 0.0000 0.0000 0.0000 0.0000 0.0000 0.0000 0.0000 0.0000 0.0000 0.0000 0.0000 0.0000 0.0000 0.0000 0.0000 0.0000 0.0016 0.0024 0.0033 0.0035 0.0000 0.0000 0.0000 0.0000 0.0026 0.0030 0.0000 0.0000 0.0012 0.0000 0.0012 0.0005 0.0000 0.0000 0.0000 0.0019 0.0000 0.0000 0.0000 0.0005 0.0000 0.0000 0.0000 0.0000 0.0000 0.0000 0.0008 0.0000 0.0000 0.0000 0.0000 0.0000 0.0000 0.0000 0.0000 0.0000
0.0002 0.0000 0.0001 0.0000 0.0000 0.0000 0.0000 0.0000 0.0000 0.0000 0.0000 0.0000 0.0000 0.0000 0.0000 0.0000 0.0000 0.0000 0.0000 0.0000 0.0000 0.0000 0.0001 0.0002 0.0000 0.0000 0.0000 0.0000 0.0000 0.0000 0.0000 0.0000 0.0000 0.0000 0.0000 0.0000 0.0000 0.0000 0.0001 0.0002 0.0000 0.0000 0.0000 0.0000 0.0000 0.0000 0.0000 0.0000 0.0000 0.0000 0.0000 0.0000 0.0000 0.0000 0.0000 0.0000 0.0000 0.0000 0.0000 0.0000 0.0000 0.0000 0.0000 0.0000
0.0000 0.0000 0.0000 0.0000 0.0000 0.0000 0.0000 0.0000 0.0000 0.0000 0.0000 0.0000 0.0003 0.0000 0.0000 0.0000 0.0000 0.0000 0.0001 0.0060 0.0001 0.0000 0.0003 0.0002 0.0018 0.0000 0.0000 0.0001 0.0000 0.0000 0.0001 0.0000 0.0000 0.0073 0.0000 0.0000 0.0000 0.0000 0.0000 0.0000 0.0000 0.0000 0.0006 0.0007 0.0000 0.0000 0.0000 0.0000 0.0000 0.0014 0.0363 0.0330 0.0185 0.0904 0.0000 0.0000 0.0003 0.0005 0.0000 0.0034 0.0000 0.0000 0.0000 0.0000
0.0000 0.0000 0.0000 0.0000 0.0000 0.0000 0.0000 0.0000 0.0000 0.0001 0.0000 0.0000 0.0002 0.0001 0.0059 0.0162 0.0219 0.0162 0.0073 0.0147 0.0105 0.0000 0.0000 0.0000 0.0301 0.0197 0.0000 0.0000 0.0000 0.0000 0.0000 0.0011 0.0000 0.0143 0.0000 0.0000 0.0000 0.0000 0.0000 0.0000 0.0000 0.0011 0.0019 0.0074 0.0000 0.0061 0.0033 0.0000 0.0000 0.0000 0.0000 0.0000 0.0000 0.0000 0.0000 0.0000 0.0000 0.0000 0.0000 0.0000 0.0000 0.0000 0.0000 0.0000
0.0000 0.0000 0.0000 0.0000 0.0000 0.0000 0.0000 0.0000 0.0000 0.0000 0.0000 0.0000 0.0000 0.0000 0.0000 0.0000 0.0000 0.0000 0.0000 0.0000 0.0000 0.0000 0.0000 0.0000 0.0000 0.0000 0.0000 0.0000 0.0008 0.0007 0.0018 0.0024 0.0267 0.0000 0.0003 0.0001 0.0001 0.0001 0.0001 0.0001 0.0001 0.0001 0.0002 0.0001 0.0001 0.0001 0.0001 0.0000 0.0001 0.0002 0.0001 0.0001 0.0001 0.0001 0.0001 0.0000 0.0000 0.0000 0.0000 0.0001 0.0001 0.0001 0.0001 0.0001
0.0000 0.0000 0.0000 0.0000 0.0000 0.0000 0.0000 0.0000 0.0000 0.0000 0.0000 0.0000 0.0000 0.0000 0.0000 0.0000 0.0139 0.0659 0.0040 0.1505 0.0000 0.0000 0.0000 0.0000 0.0000 0.0000 0.0000 0.0000 0.0000 0.0000 0.0000 0.0000 0.0000 0.0000 0.0000 0.0000 0.0000 0.0000 0.0000 0.0000 0.0000 0.0000 0.0000 0.0000 0.0000 0.0002 0.0154 0.0191 0.0002 0.0002 0.0009 0.0000 0.0000 0.0001 0.0000 0.0000 0.0001 0.0001 0.0000 0.0000 0.0000 0.0001 0.0001 0.0000
0.0000 0.0000 0.0000 0.0000 0.0000 0.0000 0.0000 0.0000 0.0000 0.0000 0.0000 0.0000 0.0000 0.0000 0.0000 0.0000 0.0000 0.0000 0.0001 0.0000 0.0000 0.0000 0.0000 0.0000 0.0000 0.0000 0.0000 0.0005 0.0022 0.0000 0.0000 0.0000 0.0000 0.0000 0.0000 0.0000 0.0000 0.0000 0.0000 0.0000 0.0000 0.0000 0.0000 0.0000 0.0000 0.0000 0.0000 0.0000 0.0000 0.0007 0.0002 0.0000 0.0000 0.0000 0.0001 0.0002 0.0001 0.0000 0.0000 0.0000 0.0000 0.0000 0.0000 0.0000
0.0649 0.0098 0.0306 0.0000 0.0000 0.0000 0.0000 0.0000 0.0000 0.0000 0.0000 0.0000 0.0000 0.0002 0.0000 0.0022 0.0000 0.0000 0.0000 0.0000 0.1193 0.1651 0.1572 0.1937 0.0885 0.0000 0.1488 0.1986 0.2514 0.2670 0.2899 0.1807 0.0804 0.0000 0.0492 0.0240 0.0073 0.0212 0.0001 0.4703 0.8674 0.0000 0.5926 0.0001 0.0000 0.2531 0.0000 0.0000 0.0000 0.0397 0.0647 0.0372 0.0000 0.0000 0.0000 0.0000 0.0004 0.0000 0.0006 0.0008 0.0009 0.0002 0.0001 0.0000
0.0000 0.0000 0.0000 0.0000 0.0000 0.0000 0.0000 0.0000 0.0000 0.0000 0.0000 0.0000 0.0006 0.0000 0.0000 0.0031 0.0018 0.0000 0.0000 0.0000 0.0012 0.0006 0.0016 0.0000 0.0000 0.0000 0.0004 0.0000 0.0006 0.0014 0.0000 0.0000 0.0022 0.0021 0.0000 0.0024 0.0037 0.0014 0.0036 0.0000 0.0000 0.0000 0.0000 0.0000 0.0000 0.0000 0.0000 0.0001 0.0000 0.0000 0.0000 0.0020 0.0017 0.0002 0.0000 0.0000 0.0000 0.0006 0.0000 0.0012 0.0000 0.0000 0.0000 0.0000
0.0000 0.0000 0.0000 0.0000 0.0000 0.0000 0.0000 0.0000 0.0000 0.0001 0.0001 0.0000 0.0000 0.0000 0.0000 0.0000 0.0000 0.0000 0.0000 0.0001 0.0000 0.0000 0.0000 0.0000 0.0000 0.0000 0.0000 0.0000 0.0000 0.0000 0.0000 0.0000 0.0000 0.0000 0.0000 0.0000 0.0000 0.0000 0.0000 0.0205 0.0014 0.0004 0.0139 0.0000 0.0152 0.0000 0.0000 0.0000 0.0000 0.0000 0.0054 0.0012 0.0000 0.0000 0.0000 0.0004 0.0000 0.0000 0.0004 0.0000 0.0000 0.0000 0.0023 0.0000
0.0000 0.0000 0.0000 0.0000 0.0000 0.0000 0.0000 0.0000 0.0000 0.0000 0.0000 0.0000 0.0000 0.0000 0.0000 0.0000 0.0000 0.0000 0.0000 0.0000 0.0000 0.0000 0.0000 0.0005 0.0000 0.0000 0.0000 0.0000 0.0000 0.0000 0.0000 0.0000 0.0000 0.0000 0.0000 0.0000 0.0000 0.0000 0.0000 0.0000 0.0000 0.0000 0.0000 0.0000 0.0000 0.0000 0.0000 0.0000 0.0000 0.0000 0.0000 0.0000 0.0000 0.0000 0.0000 0.0000 0.0000 0.0000 0.0000 0.0000 0.0000 0.0000 0.0000 0.0000
0.0001 0.0000 0.0001 0.0001 0.0000 0.0000 0.0000 0.0000 0.0000 0.0000 0.0000 0.0000 0.0000 0.0000 0.0000 0.0000 0.0000 0.0000 0.0000 0.0000 0.0000 0.0000 0.0000 0.0000 0.0000 0.0000 0.0000 0.0000 0.0000 0.0000 0.0000 0.0000 0.0000 0.0000 0.0000 0.0000 0.0000 0.0000 0.0000 0.0000 0.0000 0.0000 0.0000 0.0000 0.0000 0.0000 0.0000 0.0000 0.0000 0.0000 0.0000 0.0000 0.0000 0.0000 0.0000 0.0000 0.0000 0.0000 0.0000 0.0000 0.0000 0.0000 0.0000 0.0000
0.0000 0.0000 0.0000 0.0000 0.0000 0.0000 0.0001 0.0000 0.0000 0.0000 0.0000 0.0000 0.0000 0.0000 0.0000 0.0004 0.0000 0.0000 0.0000 0.0000 0.1515 0.0000 0.1159 0.0008 0.0000 0.0000 0.0000 0.0000 0.0000 0.0000 0.0000 0.0000 0.0000 0.0000 0.0000 0.0000 0.0000 0.0000 0.0000 0.0000 0.0000 0.0000 0.0000 0.0000 0.0000 0.0000 0.0000 0.0036 0.0004 0.0002 0.0003 0.0003 0.0001 0.0000 0.0000 0.0000 0.0000 0.0000 0.0000 0.0000 0.0000 0.0000 0.0001 0.0000
0.0003 0.0006 0.0001 0.0012 0.0016 0.0052 0.0000 0.0014 0.0000 0.0000 0.0016 0.0003 0.0007 0.0000 0.0000 0.0035 0.0000 0.0000 0.0000 0.0000 0.0000 0.0000 0.0000 0.0000 0.0090 0.0000 0.0000 0.0000 0.0000 0.0001 0.0030 0.0001 0.0010 0.0012 0.0013 0.0006 0.0008 0.0005 0.0035 0.0006 0.0006 0.0005 0.0001 0.0001 0.0000 0.0000 0.0000 0.0000 0.0000 0.0000 0.0004 0.0001 0.0017 0.0005 0.0007 0.0000 0.0001 0.0000 0.0000 0.0000 0.0000 0.0000 0.0001 0.0000
0.0000 0.0001 0.0001 0.0003 0.0000 0.0012 0.0000 0.0001 0.0000 0.0000 0.0000 0.0000 0.0000 0.0000 0.0000 0.0000 0.0000 0.0000 0.0000 0.0000 0.0028 0.0000 0.0316 0.0000 0.0413 0.0539 0.0000 0.0000 0.0000 0.0000 0.0000 0.0000 0.0000 0.0000 0.0000 0.0000 0.0000 0.0000 0.0000 0.0000 0.0000 0.0000 0.0000 0.0000 0.0000 0.0000 0.0000 0.0000 0.0000 0.0000 0.0000 0.0000 0.0000 0.0000 0.0000 0.0000 0.0000 0.0000 0.0000 0.0000 0.0000 0.0000 0.0000 0.0000
0.0000 0.0000 0.0000 0.0000 0.0000 0.0000 0.0000 0.0000 0.0000 0.0000 0.0000 0.0000 0.0000 0.0000 0.0000 0.0000 0.0000 0.0000 0.0000 0.0000 0.0000 0.0000 0.0000 0.0000 0.0011 0.0014 0.0026 0.0018 0.0000 0.0000 0.0000 0.0000 0.0000 0.0000 0.0000 0.0000 0.0000 0.0000 0.0000 0.0000 0.0000 0.0000 0.0000 0.0003 0.0000 0.0000 0.0000 0.0000 0.0000 0.0000 0.0000 0.0000 0.0000 0.0000 0.0000 0.0000 0.0018 0.0004 0.0000 0.0000 0.0000 0.0000 0.0000 0.0000
0.0000 0.0000 0.0000 0.0000 0.0000 0.0000 0.0000 0.0002 0.0000 0.0000 0.0000 0.0000 0.0000 0.0000 0.0000 0.0000 0.0000 0.0042 0.0006 0.0272 0.1791 0.3087 0.2952 0.3573 0.3383 0.1972 0.2566 0.2826 0.1274 0.1330 0.1271 0.1866 0.1338 0.0000 0.0000 0.0000 0.0001 0.1278 0.0247 0.0061 0.0509 0.0001 0.2751 0.0001 0.0000 0.3841 0.0001 0.0000 0.0000 0.0127 0.0171 0.0091 0.0116 0.0280 0.0000 0.0252 0.0178 0.0084 0.0382 0.0575 0.0794 0.1449 0.0247 0.0462
0.0000 0.0000 0.0000 0.0000 0.0000 0.0000 0.0000 0.0000 0.0000 0.0000 0.0000 0.0008 0.0000 0.0000 0.0000 0.0000 0.1375 0.1745 0.2263 0.0466 0.0008 0.0914 0.0081 0.0584 0.0006 0.0760 0.1531 0.0851 0.0881 0.0656 0.0009 0.0000 0.0000 0.0022 0.0061 0.0240 0.0207 0.1693 0.0886 0.0366 0.0203 0.0343 0.0014 0.0428 0.0003 0.0000 0.0000 0.0000 0.0000 0.0000 0.0000 0.0000 0.0000 0.0000 0.0000 0.0000 0.0000 0.0000 0.0000 0.0000 0.0000 0.0000 0.0000 0.0000
0.0000 0.0001 0.0000 0.0000 0.0002 0.0009 0.0001 0.0000 0.0001 0.0003 0.0004 0.0003 0.0003 0.0001 0.0002 0.0002 0.0002 0.0003 0.0002 0.0002 0.0002 0.0001 0.0002 0.0002 0.0003 0.0003 0.0002 0.0001 0.0000 0.0000 0.0000 0.0000 0.0000 0.0000 0.0000 0.0000 0.0000 0.0000 0.0000 0.0000 0.0000 0.0000 0.0000 0.0000 0.0000 0.0000 0.0000 0.0000 0.0000 0.0000 0.0000 0.0000 0.0000 0.0000 0.0000 0.0000 0.0000 0.0000 0.0000 0.0000 0.0000 0.0000 0.0000 0.0000
0.0000 0.0000 0.0000 0.0000 0.0000 0.0000 0.0000 0.0000 0.0000 0.0000 0.0000 0.0000 0.0000 0.0000 0.0000 0.0007 0.0001 0.0241 0.0370 0.0000 0.4884 0.2273 0.0000 0.0532 0.0510 0.0440 0.0344 0.0403 0.0530 0.0618 0.0728 0.0692 0.0402 0.0242 0.0410 0.0243 0.0000 0.0000 0.0000 0.0001 0.0000 0.0000 0.0000 0.0000 0.0000 0.0000 0.0000 0.0000 0.0000 0.0000 0.0000 0.0000 0.0000 0.0000 0.0000 0.0000 0.0000 0.0000 0.0000 0.0000 0.0000 0.0000 0.0000 0.0000
0.0000 0.0000 0.0001 0.0000 0.0000 0.0000 0.0000 0.0000 0.0000 0.0001 0.0003 0.0000 0.0001 0.0003 0.0002 0.0001 0.0001 0.0001 0.0001 0.0001 0.0001 0.0001 0.0001 0.0003 0.0002 0.0001 0.0001 0.0001 0.0001 0.0000 0.0001 0.0000 0.0001 0.0001 0.0000 0.0000 0.0000 0.0000 0.0001 0.0002 0.0001 0.0001 0.0002 0.0001 0.0001 0.0002 0.0001 0.0001 0.0010 0.0003 0.0001 0.0002 0.0002 0.0001 0.0000 0.0002 0.0000 0.0000 0.0000 0.0000 0.0000 0.0000 0.0000 0.0000
0.0000 0.0000 0.0000 0.0000 0.0000 0.0000 0.0000 0.0000 0.0000 0.0000 0.0000 0.0000 0.0000 0.0000 0.0000 0.0000 0.0000 0.0000 0.0000 0.0000 0.0000 0.0000 0.0000 0.0000 0.0000 0.0000 0.0000 0.0000 0.0056 0.0000 0.0007 0.0000 0.0000 0.0000 0.0001 0.0000 0.0000 0.0000 0.0000 0.0002 0.0001 0.0000 0.0000 0.0000 0.0000 0.0000 0.0000 0.0000 0.0000 0.0000 0.0000 0.0000 0.0000 0.0000 0.0000 0.0000 0.0000 0.0000 0.0000 0.0000 0.0000 0.0006 0.0000 0.0000
0.0000 0.0000 0.0000 0.0000 0.0000 0.0000 0.0001 0.0001 0.0000 0.0000 0.0000 0.0000 0.0000 0.0000 0.0000 0.0000 0.0000 0.0708 0.3516 0.3228 0.0000 0.0000 0.0007 0.0000 0.0000 0.0000 0.0000 0.0000 0.0000 0.0000 0.0000 0.0000 0.0000 0.0000 0.0000 0.0000 0.0000 0.0000 0.0000 0.0000 0.0000 0.0000 0.0000 0.0000 0.0000 0.0000 0.0000 0.0178 0.0356 0.0332 0.0272 0.0223 0.0628 0.0281 0.0103 0.0030 0.0000 0.0142 0.0000 0.0000 0.0000 0.0000 0.0000 0.0000
