0.0245 0.0228 0.0416 0.0137 0.0000 0.0000 0.0000 0.0000 0.0000 0.0000 0.0000 0.0000 0.0000 0.0000 0.0000 0.0000 0.0000 0.0000 0.0000 0.0000 0.0000 0.0000 0.0000 0.0000 0.0000 0.0000 0.0000 0.0000 0.0000 0.0000 0.0000 0.0000 0.0037 0.0029 0.0007 0.0007 0.0006 0.0003 0.0000 0.0000 0.0000 0.0000 0.0000 0.0000 0.0000 0.0078 0.0127 0.0198 0.0301 0.0375 0.0321 0.0172 0.0209 0.0200 0.0385 0.0050 0.0999 0.1153 0.0734 0.0320 0.0036 0.0113 0.0006 0.0010
0.0000 0.0000 0.0000 0.0000 0.0000 0.0195 0.0000 0.0000 0.0003 0.0000 0.0000 0.0000 0.0000 0.0000 0.0000 0.0257 0.0000 0.0001 0.0001 0.0000 0.0269 0.0000 0.0000 0.0021 0.0258 0.0068 0.0247 0.0486 0.1158 0.0825 0.2042 0.2061 0.0502 0.0835 0.0000 0.0326 0.0000 0.0001 0.0001 0.2466 0.3293 0.1485 0.1146 0.1712 0.2273 0.1581 0.0000 0.0009 0.0056 0.0092 0.1046 0.0311 0.0001 0.0000 0.0009 0.0001 0.0002 0.0260 0.0002 0.0005 0.0000 0.0001 0.1265 0.1178
0.0000 0.0000 0.0000 0.0000 0.0000 0.0000 0.0000 0.0000 0.0000 0.0000 0.0000 0.0000 0.0000 0.0603 0.0000 0.0000 0.0000 0.0000 0.0000 0.0001 0.0000 0.0000 0.0005 0.0000 0.0019 0.0012 0.0000 0.0002 0.0000 0.0000 0.0005 0.0009 0.0000 0.0000 0.0000 0.0000 0.0000 0.0000 0.0261 0.1071 0.0786 0.1847 0.1240 0.1171 0.1554 0.1148 0.1347 0.0985 0.0863 0.1154 0.0140 0.0125 0.0001 0.0000 0.0004 0.0001 0.0006 0.0046 0.0000 0.0000 0.0000 0.0000 0.0000 0.0000
0.0000 0.0000 0.0000 0.0000 0.0000 0.0000 0.0000 0.0001 0.0000 0.0000 0.0000 0.0000 0.0000 0.0000 0.0000 0.0000 0.0000 0.0000 0.0000 0.0000 0.0000 0.0000 0.0000 0.0000 0.0000 0.0000 0.0000 0.0000 0.0000 0.0000 0.0001 0.0000 0.0000 0.0000 0.0000 0.0000 0.0000 0.0000 0.0000 0.0000 0.0000 0.0001 0.0000 0.0000 0.0000 0.0000 0.0001 0.0000 0.0000 0.0000 0.0016 0.0000 0.0000 0.0000 0.0000 0.0000 0.0000 0.0000 0.0000 0.0000 0.0000 0.0000 0.0000 0.0000
0.0004 0.0049 0.0023 0.0110 0.0016 0.0007 0.0004 0.0007 0.0010 0.0006 0.0021 0.0010 0.0002 0.0001 0.0007 0.0006 0.0001 0.0198 0.0001 0.0004 0.0003 0.0000 0.0000 0.0000 0.0008 0.0024 0.0001 0.0002 0.0000 0.0000 0.0001 0.0003 0.0000 0.0000 0.0002 0.0009 0.0008 0.0014 0.0025 0.0019 0.0092 0.0022 0.0215 0.0006 0.0121 0.0008 0.0360 0.0001 0.0072 0.0000 0.0030 0.0043 0.0000 0.0000 0.0113 0.0011 0.0000 0.0000 0.0116 0.0000 0.0002 0.0008 0.0000 0.0119
0.7436 0.7557 0.6736 0.6886 0.5022 0.6234 0.5050 0.5386 0.5494 0.4498 0.4364 0.3585 0.2379 0.4398 0.5205 0.1887 0.5653 0.1309 0.1765 0.1782 0.1279 0.1284 0.0000 0.3190 0.1222 0.2097 0.1549 0.1858 0.0740 0.0000 0.0808 0.0437 0.2166 0.1840 0.0457 0.2107 0.1428 0.0893 0.0378 0.0065 0.0000 0.0000 0.0000 0.0000 0.0000 0.0000 0.0000 0.0000 0.0000 0.0000 0.0000 0.0000 0.0000 0.0000 0.0000 0.0000 0.0000 0.0000 0.0000 0.0000 0.0000 0.0002 0.0019 0.0002
0.0000 0.0000 0.0000 0.0000 0.1281 0.0485 0.0639 0.0208 0.0002 0.0000 0.0000 0.0936 0.1833 0.0180 0.0000 0.0001 0.0082 0.0000 0.0000 0.0000 0.0000 0.1787 0.0679 0.0000 0.0010 0.0622 0.0453 0.0001 0.0000 0.0000 0.0677 0.0003 0.0001 0.0001 0.0001 0.0002 0.0000 0.0000 0.0000 0.0059 0.0007 0.0016 0.0013 0.0001 0.0002 0.0001 0.0000 0.0102 0.0017 0.0009 0.0000 0.0085 0.0144 0.0295 0.0443 0.0195 0.0697 0.0432 0.0338 0.0002 0.0004 0.0015 0.0012 0.0012
0.0002 0.0001 0.0001 0.0000 0.0000 0.0001 0.0000 0.0000 0.0000 0.0000 0.0000 0.0000 0.0000 0.0000 0.0000 0.0001 0.0000 0.0000 0.0002 0.0000 0.0017 0.0001 0.0000 0.0000 0.0000 0.0000 0.0000 0.0000 0.0000 0.0000 0.0001 0.0000 0.0001 0.0000 0.0000 0.0000 0.0000 0.0000 0.0001 0.0000 0.0008 0.0112 0.0002 0.0005 0.0000 0.0000 0.0048 0.0000 0.0000 0.0001 0.0285 0.0000 0.0686 0.0599 0.0457 0.0318 0.0247 0.0000 0.0000 0.0000 0.0000 0.0000 0.0000 0.0000
0.0000 0.0002 0.0000 0.0006 0.0004 0.0010 0.0012 0.0027 0.0012 0.0012 0.0000 0.0002 0.0000 0.0000 0.0000 0.0000 0.0000 0.0000 0.0000 0.0000 0.0000 0.0000 0.0000 0.0000 0.0000 0.0000 0.0000 0.0001 0.0000 0.0000 0.0000 0.0000 0.0000 0.0000 0.0000 0.0000 0.0000 0.0000 0.0000 0.0000 0.0000 0.0000 0.0005 0.0005 0.0000 0.0000 0.0022 0.0052 0.0000 0.0000 0.0008 0.0000 0.0000 0.0000 0.0001 0.0000 0.0000 0.0000 0.0000 0.0000 0.0000 0.0000 0.0000 0.0000
0.0000 0.0001 0.0011 0.0000 0.0024 0.0000 0.0000 0.0000 0.0000 0.0000 0.0000 0.0000 0.0000 0.0000 0.0000 0.0000 0.0461 0.0000 0.0000 0.0000 0.0231 0.0000 0.0000 0.0291 0.0000 0.0455 0.0846 0.0856 0.1207 0.2497 0.1465 0.0936 0.0781 0.0320 0.0339 0.0205 0.0235 0.0235 0.0929 0.0001 0.0000 0.0769 0.0060 0.1209 0.0075 0.2590 0.2090 0.3080 0.2601 0.1783 0.2114 0.2542 0.3603 0.3563 0.4691 0.5665 0.4417 0.3993 0.3673 0.3677 0.4505 0.3412 0.0874 0.1999
0.0000 0.0000 0.0000 0.0000 0.0000 0.0000 0.0000 0.0000 0.0000 0.0000 0.0000 0.0000 0.0000 0.0000 0.0000 0.0000 0.0000 0.0000 0.0000 0.0000 0.0000 0.0000 0.0001 0.0000 0.0000 0.0000 0.0000 0.0000 0.0000 0.0000 0.0000 0.0000 0.0000 0.0000 0.0000 0.0000 0.0000 0.0000 0.0000 0.0000 0.0000 0.0000 0.0001 0.0000 0.0000 0.0000 0.0000 0.0000 0.0000 0.0000 0.0000 0.0000 0.0000 0.0000 0.0000 0.0000 0.0000 0.0000 0.0000 0.0000 0.0000 0.0000 0.0000 0.0000
0.0000 0.0000 0.0561 0.0695 0.0557 0.0967 0.1292 0.1763 0.2426 0.3035 0.3357 0.4540 0.5688 0.1191 0.3880 0.2596 0.3487 0.6842 0.4322 0.3001 0.2575 0.1926 0.1005 0.3156 0.3958 0.1881 0.1965 0.0699 0.2134 0.1962 0.1430 0.1198 0.0370 0.0000 0.1652 0.0876 0.0673 0.0702 0.1513 0.0157 0.0116 0.0349 0.0698 0.0859 0.0804 0.0000 0.0000 0.0000 0.0897 0.0000 0.0000 0.0000 0.0000 0.0000 0.0000 0.0000 0.0000 0.0000 0.0000 0.0165 0.0217 0.0001 0.0000 0.0000
0.0000 0.0000 0.0000 0.0000 0.0000 0.0000 0.0000 0.0000 0.0000 0.0000 0.0000 0.0001 0.0000 0.0000 0.0000 0.0000 0.0000 0.0000 0.0000 0.0000 0.0000 0.0000 0.0000 0.0000 0.0079 0.0004 0.0000 0.0000 0.0000 0.0000 0.0000 0.0000 0.0000 0.0000 0.0010 0.0000 0.0000 0.0000 0.0003 0.0007 0.0001 0.0025 0.0000 0.0000 0.0001 0.0000 0.0025 0.0000 0.0000 0.0133 0.0000 0.0090 0.0004 0.0008 0.0000 0.0001 0.0005 0.0000 0.0000 0.0000 0.0000 0.0000 0.0000 0.0000
0.0000 0.0001 0.0001 0.0000 0.0000 0.0000 0.0000 0.0000 0.0000 0.0000 0.0000 0.0001 0.0000 0.0000 0.0000 0.0000 0.0000 0.0000 0.0003 0.0000 0.0001 0.0001 0.0007 0.0000 0.0000 0.0000 0.0000 0.0000 0.0000 0.0000 0.0000 0.0000 0.0000 0.0000 0.0000 0.0000 0.0000 0.0000 0.0000 0.0000 0.0000 0.0000 0.0000 0.0000 0.0000 0.0000 0.0000 0.0000 0.0000 0.0000 0.0000 0.0000 0.0000 0.0000 0.0000 0.0001 0.0000 0.0000 0.0079 0.0025 0.0000 0.0052 0.0059 0.0409
0.0000 0.0000 0.0000 0.0000 0.0000 0.0000 0.0000 0.0000 0.0000 0.0000 0.0000 0.0000 0.0000 0.0000 0.0000 0.0000 0.0000 0.0000 0.0000 0.0000 0.0000 0.0000 0.0349 0.0000 0.0063 0.0019 0.0000 0.0001 0.0000 0.0002 0.0000 0.0000 0.0000 0.0000 0.0000 0.0000 0.0000 0.0000 0.0000 0.0000 0.0004 0.0000 0.0000 0.0000 0.0000 0.0000 0.0002 0.0030 0.0487 0.0846 0.0000 0.0000 0.0355 0.0256 0.0021 0.0079 0.0002 0.0000 0.0003 0.0003 0.0000 0.0000 0.0000 0.0003
0.0000 0.0000 0.0000 0.0000 0.0000 0.0000 0.0000 0.0000 0.0000 0.0000 0.0000 0.0000 0.0000 0.0000 0.0002 0.0003 0.0002 0.0000 0.0000 0.0000 0.0000 0.0000 0.0002 0.0000 0.0000 0.0011 0.0000 0.0006 0.0000 0.0000 0.0000 0.0003 0.0000 0.0000 0.0000 0.0000 0.0000 0.0000 0.0000 0.0000 0.0014 0.0003 0.0054 0.0020 0.0050 0.0088 0.0053 0.0000 0.0103 0.0002 0.0000 0.0000 0.0000 0.0000 0.0000 0.0005 0.0022 0.0032 0.0064 0.0020 0.0022 0.0060 0.0037 0.0032
0.0000 0.0000 0.0000 0.0000 0.0000 0.0000 0.0000 0.0000 0.0000 0.0000 0.0000 0.0100 0.0000 0.0000 0.0000 0.0000 0.0000 0.0000 0.0000 0.0000 0.0001 0.0000 0.0001 0.0001 0.0001 0.0000 0.0000 0.0000 0.0000 0.0000 0.0000 0.0000 0.0000 0.0000 0.0001 0.0000 0.0000 0.0000 0.0000 0.0000 0.0000 0.0000 0.0000 0.0000 0.0324 0.0021 0.0001 0.0059 0.0162 0.0160 0.0271 0.0401 0.0015 0.0000 0.0001 0.0012 0.0000 0.0002 0.0005 0.0001 0.0002 0.0000 0.0000 0.0000
0.0000 0.0570 0.0370 0.0967 0.0001 0.0029 0.1006 0.0521 0.0626 0.0820 0.0548 0.0584 0.0010 0.1693 0.0358 0.1637 0.0000 0.0000 0.0163 0.0040 0.0283 0.0000 0.0000 0.0000 0.0000 0.0000 0.0000 0.0000 0.0000 0.0000 0.0001 0.0000 0.0000 0.0000 0.0000 0.0005 0.0002 0.0004 0.0002 0.0003 0.0000 0.0000 0.0013 0.0000 0.0000 0.0000 0.0000 0.0000 0.0000 0.0000 0.0000 0.0001 0.0001 0.0000 0.0000 0.0000 0.0000 0.0000 0.0000 0.0000 0.0000 0.0000 0.0004 0.0002
0.0000 0.0000 0.0079 0.0426 0.0494 0.0908 0.0533 0.0511 0.0318 0.0431 0.0574 0.0003 0.0005 0.0003 0.0055 0.0015 0.0001 0.0005 0.0007 0.0000 0.0000 0.0000 0.0006 0.0002 0.0000 0.0000 0.0000 0.0000 0.0000 0.0000 0.0000 0.0004 0.0000 0.0000 0.0000 0.0000 0.0000 0.0000 0.0004 0.0007 0.0052 0.0258 0.0386 0.0000 0.0000 0.0000 0.0000 0.0000 0.0000 0.0000 0.0000 0.0275 0.0144 0.0000 0.0000 0.0000 0.0000 0.0101 0.0000 0.0000 0.0000 0.0000 0.0000 0.0000
0.0000 0.0000 0.0000 0.0000 0.0000 0.0000 0.0000 0.0000 0.0000 0.0000 0.0000 0.0000 0.0000 0.0000 0.0000 0.0001 0.0000 0.0000 0.0000 0.0388 0.0009 0.0001 0.0997 0.0000 0.0000 0.0000 0.0003 0.0000 0.0000 0.0016 0.0002 0.0000 0.0000 0.0000 0.0004 0.0004 0.0003 0.0005 0.0104 0.0090 0.0002 0.0005 0.0000 0.0008 0.0044 0.0167 0.0024 0.0000 0.0000 0.0001 0.0000 0.0012 0.0001 0.0005 0.0000 0.0002 0.0000 0.0361 0.1306 0.1592 0.1383 0.1657 0.1757 0.0969
0.0002 0.0006 0.0020 0.0036 0.0017 0.0001 0.0000 0.0000 0.0000 0.0000 0.0000 0.0000 0.0000 0.0000 0.0000 0.0000 0.0000 0.0000 0.0000 0.0000 0.0000 0.0033 0.0003 0.0001 0.0000 0.0000 0.0000 0.0000 0.0007 0.0010 0.0066 0.0040 0.0001 0.0000 0.0000 0.0000 0.0000 0.0000 0.0000 0.0000 0.0000 0.0000 0.0000 0.0000 0.0000 0.0000 0.0000 0.0000 0.0000 0.0000 0.0000 0.0000 0.0000 0.0000 0.0000 0.0001 0.0001 0.0006 0.0010 0.0000 0.0000 0.0000 0.0862 0.0006
0.0000 0.0000 0.0000 0.0000 0.0000 0.0000 0.0000 0.0000 0.0000 0.0000 0.0017 0.0000 0.0000 0.0001 0.0012 0.0000 0.0000 0.0000 0.0000 0.0000 0.0000 0.0000 0.0000 0.0000 0.0000 0.0000 0.0000 0.0000 0.0000 0.0000 0.0010 0.0000 0.0030 0.0000 0.0000 0.0000 0.0000 0.0000 0.0000 0.0004 0.0024 0.0009 0.0033 0.0014 0.0000 0.0000 0.0000 0.0000 0.0000 0.0000 0.0000 0.0000 0.0001 0.0000 0.0000 0.0000 0.0000 0.0000 0.0000 0.0000 0.0000 0.0000 0.0000 0.0000
0.0000 0.0000 0.0000 0.0000 0.0000 0.0001 0.0000 0.0000 0.0000 0.0000 0.0000 0.0000 0.0000 0.0000 0.0000 0.0003 0.0000 0.0000 0.0000 0.0000 0.0001 0.0000 0.0000 0.0002 0.0000 0.0000 0.0000 0.0001 0.0000 0.0001 0.0005 0.0012 0.0005 0.0000 0.0001 0.0001 0.0000 0.0000 0.0000 0.0000 0.0000 0.0001 0.0000 0.0000 0.0000 0.0000 0.0000 0.0000 0.0000 0.0000 0.0000 0.0007 0.0000 0.0000 0.0000 0.0000 0.0000 0.0002 0.0000 0.0000 0.0000 0.0000 0.0000 0.0000
0.0000 0.0000 0.0000 0.0000 0.0000 0.0000 0.0000 0.0000 0.0000 0.0000 0.0000 0.0000 0.0000 0.0000 0.0002 0.0000 0.0000 0.0000 0.0000 0.0000 0.0000 0.0000 0.0000 0.0000 0.0000 0.0000 0.0000 0.0000 0.0000 0.0000 0.0000 0.0000 0.0000 0.0000 0.0000 0.0000 0.0000 0.0000 0.0000 0.0000 0.0001 0.0000 0.0000 0.0000 0.0000 0.0000 0.0000 0.0000 0.0000 0.0099 0.0000 0.0077 0.0001 0.0138 0.0000 0.0000 0.0001 0.0001 0.0000 0.0000 0.0000 0.0000 0.0000 0.0000
0.0000 0.0000 0.0000 0.0001 0.0005 0.0002 0.0000 0.0000 0.0000 0.0000 0.0000 0.0000 0.0000 0.0000 0.0000 0.0000 0.0000 0.0001 0.0004 0.0000 0.0000 0.0003 0.0000 0.0000 0.0000 0.0000 0.0000 0.0002 0.0000 0.0001 0.0000 0.0001 0.0000 0.0001 0.0000 0.0000 0.0000 0.0001 0.0002 0.0000 0.0000 0.0000 0.0000 0.0001 0.0000 0.0000 0.0000 0.0000 0.0003 0.0105 0.0005 0.0010 0.0000 0.0000 0.0000 0.0000 0.0000 0.0001 0.0001 0.0001 0.0003 0.0006 0.0008 0.0000
0.0000 0.0000 0.0000 0.0000 0.0000 0.0000 0.0000 0.0000 0.0000 0.0000 0.0000 0.0000 0.0000 0.0000 0.0000 0.0000 0.0000 0.0000 0.0000 0.0000 0.0000 0.0000 0.0000 0.0000 0.0000 0.0000 0.0003 0.0000 0.0000 0.0000 0.0000 0.0000 0.0000 0.0000 0.0000 0.0000 0.0000 0.0000 0.0000 0.0000 0.0007 0.0001 0.0000 0.0000 0.0000 0.0000 0.0000 0.0000 0.0000 0.0000 0.0001 0.0077 0.0000 0.0000 0.0000 0.0000 0.0000 0.0000 0.0000 0.0000 0.0000 0.0000 0.0000 0.0000
0.0000 0.0000 0.0000 0.0000 0.0000 0.0000 0.0000 0.0005 0.0000 0.0000 0.0000 0.0000 0.0000 0.0000 0.0000 0.0000 0.0000 0.0000 0.0000 0.0000 0.0000 0.0000 0.0000 0.0000 0.0000 0.0000 0.0000 0.0003 0.0000 0.0000 0.0000 0.0020 0.0000 0.0000 0.0000 0.0000 0.0000 0.0000 0.0063 0.0142 0.0251 0.0192 0.0480 0.0350 0.0209 0.0221 0.0000 0.0001 0.0000 0.0000 0.0000 0.0090 0.0002 0.0034 0.0000 0.0001 0.0001 0.0000 0.0000 0.0000 0.0000 0.0038 0.0002 0.0251
0.0000 0.0000 0.0000 0.0000 0.0000 0.0001 0.0006 0.0003 0.0005 0.0000 0.0000 0.0000 0.0000 0.0000 0.0000 0.0000 0.0000 0.0000 0.0000 0.0000 0.0000 0.0000 0.0000 0.0000 0.0000 0.0000 0.0000 0.0000 0.0000 0.0000 0.0002 0.0000 0.0000 0.0000 0.0000 0.0000 0.0000 0.0001 0.0001 0.0000 0.0002 0.0001 0.0114 0.0023 0.0200 0.0044 0.0059 0.0141 0.0091 0.0009 0.0021 0.0076 0.0000 0.0000 0.0000 0.0000 0.0000 0.0001 0.0000 0.0000 0.0000 0.0000 0.0000 0.0000
0.0000 0.0000 0.0000 0.0000 0.0003 0.0006 0.0000 0.0000 0.0000 0.0000 0.0000 0.0000 0.0000 0.0000 0.0000 0.0000 0.0000 0.0000 0.0000 0.0000 0.0000 0.0000 0.0000 0.0000 0.0000 0.0000 0.0000 0.0000 0.0000 0.0002 0.0000 0.0000 0.0000 0.0000 0.0000 0.0000 0.0000 0.0000 0.0000 0.0000 0.0000 0.0001 0.0000 0.0000 0.0000 0.0000 0.0000 0.0032 0.0000 0.0000 0.0000 0.0071 0.0000 0.0081 0.0000 0.0004 0.0001 0.0000 0.0000 0.0000 0.0000 0.0000 0.0000 0.0000
0.0000 0.0059 0.0000 0.0000 0.0000 0.0000 0.0715 0.0586 0.0038 0.0000 0.0001 0.0000 0.0000 0.0000 0.0000 0.0000 0.0000 0.0000 0.0000 0.0000 0.0000 0.0000 0.0294 0.0057 0.0215 0.0107 0.0000 0.0000 0.0001 0.0005 0.0000 0.0000 0.0000 0.0000 0.0000 0.0000 0.0000 0.0000 0.0000 0.0000 0.0000 0.0014 0.0253 0.0032 0.0647 0.0098 0.0088 0.0189 0.0221 0.0009 0.0045 0.0110 0.0053 0.0001 0.0000 0.0000 0.0000 0.0001 0.0000 0.0001 0.0006 0.0002 0.0048 0.0037
0.0000 0.0000 0.0000 0.0000 0.0000 0.0000 0.0000 0.0000 0.0000 0.0000 0.0000 0.0000 0.0000 0.0000 0.0000 0.0001 0.0000 0.0000 0.0000 0.0000 0.0000 0.0000 0.0000 0.0000 0.0000 0.0000 0.0000 0.0000 0.0000 0.0000 0.0000 0.0000 0.0001 0.0005 0.0000 0.0000 0.0000 0.0000 0.0000 0.0000 0.0000 0.0000 0.0000 0.0000 0.0000 0.0000 0.0000 0.0000 0.0000 0.0000 0.0000 0.0000 0.0001 0.0000 0.0000 0.0000 0.0000 0.0000 0.0000 0.0000 0.0000 0.0000 0.0000 0.0000
0.0000 0.0000 0.0000 0.0000 0.0001 0.0003 0.0000 0.0000 0.0000 0.0000 0.0000 0.0000 0.0000 0.0000 0.0000 0.0000 0.0000 0.0000 0.0002 0.0000 0.0000 0.0000 0.0000 0.0000 0.0000 0.0000 0.0000 0.0000 0.0000 0.0000 0.0000 0.0000 0.0000 0.0000 0.0000 0.0000 0.0000 0.0000 0.0010 0.0000 0.0000 0.0001 0.0002 0.0004 0.0000 0.0000 0.0077 0.0022 0.0001 0.0041 0.0001 0.0050 0.0002 0.0025 0.0000 0.0000 0.0000 0.0000 0.0000 0.0000 0.0001 0.0000 0.0000 0.0000
0.0000 0.0000 0.0000 0.0000 0.0000 0.0000 0.0000 0.0000 0.0000 0.0000 0.0000 0.0000 0.0000 0.0000 0.0000 0.0000 0.0000 0.0000 0.0588 0.0730 0.0001 0.0000 0.0408 0.0020 0.0232 0.0216 0.0030 0.0010 0.0001 0.0001 0.0000 0.0000 0.0000 0.0024 0.0000 0.0000 0.0000 0.0000 0.0001 0.0014 0.0004 0.0069 0.0000 0.0001 0.0003 0.0023 0.0043 0.0000 0.0000 0.0000 0.0261 0.0687 0.0658 0.1191 0.0975 0.1488 0.1094 0.0372 0.0002 0.0001 0.0000 0.0025 0.0452 0.0594
0.0010 0.0003 0.0000 0.0000 0.0000 0.0000 0.0000 0.0000 0.0000 0.0000 0.0000 0.0000 0.0005 0.0000 0.0000 0.0000 0.0000 0.0000 0.0000 0.0000 0.0000 0.0000 0.0000 0.0000 0.0000 0.0000 0.0000 0.0000 0.0000 0.0000 0.0000 0.0000 0.0000 0.0000 0.0000 0.0000 0.0000 0.0000 0.0001 0.0004 0.0000 0.0000 0.0000 0.0000 0.0052 0.0000 0.0000 0.0003 0.0003 0.0011 0.0005 0.0000 0.0055 0.0002 0.0031 0.0002 0.0012 0.0009 0.0012 0.0005 0.0001 0.0000 0.0000 0.0004
0.0002 0.0015 0.0007 0.0001 0.0009 0.0006 0.0210 0.0000 0.0216 0.0000 0.0000 0.0000 0.0010 0.0002 0.0003 0.0032 0.0008 0.0013 0.0001 0.0000 0.0001 0.0000 0.0000 0.0000 0.0000 0.0000 0.0000 0.0000 0.0000 0.0002 0.0023 0.0002 0.0001 0.0000 0.0000 0.0000 0.0004 0.0000 0.0000 0.0000 0.0000 0.0000 0.0000 0.0000 0.0000 0.0000 0.0003 0.0000 0.0000 0.0000 0.0003 0.0008 0.0003 0.0000 0.0002 0.0001 0.0000 0.0015 0.0000 0.0000 0.0000 0.0002 0.0003 0.0000
0.0569 0.0323 0.0542 0.0618 0.0121 0.0483 0.0475 0.0405 0.0625 0.0957 0.0717 0.0187 0.0001 0.1921 0.0354 0.1928 0.0008 0.1545 0.2623 0.2924 0.5062 0.2404 0.2270 0.0800 0.0459 0.0462 0.0306 0.0875 0.1736 0.0488 0.0223 0.0000 0.0000 0.0000 0.0003 0.0000 0.0646 0.0608 0.0535 0.0000 0.0000 0.0005 0.0009 0.0058 0.0438 0.0229 0.0022 0.0125 0.0705 0.0483 0.0330 0.0000 0.1031 0.0000 0.0024 0.0004 0.0004 0.0008 0.0007 0.0161 0.0016 0.0011 0.0001 0.0000
0.0000 0.0000 0.0000 0.0000 0.0000 0.0000 0.0000 0.0000 0.0001 0.0029 0.0004 0.0009 0.0009 0.0004 0.0000 0.0000 0.0000 0.0000 0.0000 0.0000 0.0000 0.0000 0.0000 0.0000 0.0000 0.0000 0.0000 0.0000 0.0000 0.0000 0.0000 0.0005 0.0002 0.0000 0.0000 0.0000 0.0000 0.0001 0.0000 0.0000 0.0015 0.0000 0.0000 0.0000 0.0000 0.0000 0.0000 0.0000 0.0000 0.0018 0.0046 0.0011 0.0003 0.0044 0.0029 0.0017 0.0020 0.0013 0.0051 0.0006 0.0000 0.0000 0.0000 0.0000
0.0000 0.0000 0.0001 0.0001 0.0000 0.0000 0.0000 0.0000 0.0000 0.0000 0.0000 0.0001 0.0000 0.0000 0.0000 0.0000 0.0000 0.0000 0.0000 0.0475 0.0000 0.0000 0.0000 0.0000 0.0000 0.0000 0.0000 0.0000 0.0000 0.0004 0.0000 0.0000 0.0000 0.0000 0.0000 0.0000 0.0000 0.0000 0.0000 0.0000 0.0000 0.0055 0.0056 0.0121 0.0000 0.0007 0.0000 0.0231 0.0122 0.0059 0.0099 0.0066 0.0224 0.0114 0.0029 0.0003 0.0013 0.0015 0.0019 0.0000 0.0000 0.0000 0.0000 0.0000
0.0000 0.0000 0.0000 0.0000 0.0002 0.0000 0.0000 0.0000 0.0000 0.0000 0.0000 0.0001 0.0000 0.0000 0.0000 0.0000 0.0000 0.0000 0.0000 0.0000 0.0001 0.0000 0.0004 0.0001 0.0031 0.0039 0.0001 0.0000 0.0000 0.0001 0.0000 0.0000 0.0000 0.0000 0.0000 0.0000 0.0003 0.0000 0.0000 0.0000 0.0000 0.0000 0.0143 0.0125 0.0000 0.0000 0.0000 0.0000 0.0010 0.0000 0.0000 0.0000 0.0000 0.0000 0.0001 0.0000 0.0000 0.0002 0.0000 0.0000 0.0000 0.0000 0.0000 0.0000
0.0000 0.0000 0.0000 0.0000 0.0000 0.0000 0.0000 0.0000 0.0000 0.0000 0.0000 0.0001 0.0000 0.0000 0.0000 0.0000 0.0001 0.0000 0.0000 0.0000 0.0001 0.0000 0.0012 0.0000 0.0000 0.0017 0.0018 0.0000 0.0000 0.0000 0.0001 0.0000 0.0000 0.0000 0.0000 0.0000 0.0000 0.0001 0.0298 0.1573 0.0010 0.0016 0.1110 0.0882 0.0989 0.0596 0.0736 0.0002 0.0011 0.0000 0.0057 0.0111 0.0001 0.0093 0.0041 0.0009 0.0003 0.0007 0.0603 0.0465 0.0070 0.0054 0.0000 0.0818
0.0032 0.0028 0.0012 0.0019 0.0031 0.0104 0.0019 0.0034 0.0000 0.0000 0.0000 0.0022 0.0047 0.0000 0.0007 0.0001 0.0000 0.0000 0.0000 0.0000 0.0000 0.0000 0.0000 0.0000 0.0000 0.0000 0.0000 0.0000 0.0000 0.0000 0.0004 0.0000 0.0000 0.0000 0.0000 0.0000 0.0000 0.0000 0.0001 0.0000 0.0000 0.0000 0.0001 0.0018 0.0022 0.0015 0.0000 0.0036 0.0000 0.0091 0.0037 0.0071 0.0000 0.0004 0.0000 0.0003 0.0000 0.0000 0.0000 0.0000 0.0000 0.0000 0.0000 0.0000
0.0000 0.0000 0.0000 0.0000 0.0000 0.0000 0.0034 0.0184 0.0210 0.0210 0.0279 0.0000 0.0000 0.0000 0.0000 0.0446 0.0000 0.0000 0.0000 0.0000 0.0000 0.0741 0.0497 0.0000 0.0139 0.0988 0.0943 0.1411 0.0776 0.0000 0.0000 0.0000 0.0664 0.1534 0.0000 0.0000 0.0269 0.0000 0.0017 0.0064 0.0000 0.0001 0.0003 0.0001 0.0000 0.0000 0.0000 0.0003 0.0000 0.0005 0.0053 0.0090 0.0000 0.0061 0.0005 0.0000 0.0000 0.0001 0.0000 0.0000 0.0000 0.0000 0.0000 0.0000
0.0000 0.0000 0.0000 0.0000 0.0000 0.0000 0.0000 0.0000 0.0000 0.0000 0.0000 0.0000 0.0000 0.0000 0.0000 0.0000 0.0000 0.0000 0.0000 0.0001 0.0000 0.0000 0.0009 0.0002 0.0002 0.0000 0.0000 0.0000 0.0000 0.0000 0.0000 0.0000 0.0000 0.0000 0.0000 0.0000 0.0000 0.0000 0.0000 0.0000 0.0000 0.0000 0.0000 0.0000 0.0000 0.0000 0.0000 0.0019 0.0000 0.0000 0.0001 0.0066 0.0000 0.0000 0.0000 0.0000 0.0000 0.0000 0.0000 0.0000 0.0000 0.0000 0.0000 0.0000
0.0000 0.0000 0.0000 0.0000 0.0000 0.0000 0.0000 0.0000 0.0000 0.0000 0.0000 0.0000 0.0002 0.0002 0.0006 0.0024 0.0000 0.0001 0.0000 0.0000 0.0002 0.0000 0.0000 0.0001 0.0018 0.0000 0.0000 0.0002 0.0000 0.0000 0.0000 0.0000 0.0000 0.0010 0.0000 0.0001 0.0000 0.0000 0.0000 0.0005 0.0000 0.0004 0.0000 0.0001 0.0000 0.0012 0.0000 0.0000 0.0059 0.0088 0.0001 0.0000 0.0006 0.0000 0.0002 0.0002 0.0004 0.0002 0.0022 0.0012 0.0000 0.0000 0.0000 0.0000
0.0000 0.0000 0.0000 0.0000 0.0000 0.0000 0.0000 0.0000 0.0000 0.0000 0.0000 0.0000 0.0000 0.0000 0.0072 0.0000 0.0000 0.0000 0.0480 0.0649 0.0001 0.0000 0.0004 0.0004 0.0006 0.0010 0.0000 0.0000 0.0903 0.0256 0.2220 0.0567 0.0000 0.0019 0.0000 0.0000 0.0000 0.0000 0.0001 0.0000 0.0005 0.0067 0.0006 0.0480 0.0000 0.0527 0.1196 0.2127 0.1228 0.2125 0.2547 0.2721 0.2074 0.2635 0.2439 0.2058 0.2064 0.1771 0.2486 0.2822 0.3129 0.4168 0.3335 0.2433
0.0000 0.0000 0.0000 0.0000 0.0018 0.0000 0.0000 0.0001 0.0000 0.0000 0.0000 0.0000 0.0000 0.0000 0.0000 0.0000 0.0000 0.0000 0.0000 0.0000 0.0000 0.0000 0.0000 0.0000 0.0000 0.0000 0.0002 0.0000 0.0000 0.0000 0.0000 0.0001 0.0007 0.0000 0.0000 0.0000 0.0000 0.0000 0.0000 0.0000 0.0000 0.0000 0.0000 0.0000 0.0000 0.0000 0.0000 0.0000 0.0000 0.0000 0.0000 0.0000 0.0000 0.0000 0.0000 0.0000 0.0000 0.0000 0.0000 0.0000 0.0000 0.0000 0.0000 0.0000
0.0000 0.0000 0.0000 0.0000 0.0000 0.0000 0.0000 0.0000 0.0000 0.0000 0.0000 0.0010 0.0000 0.0000 0.0000 0.0000 0.0000 0.0000 0.0000 0.0002 0.0000 0.0000 0.0000 0.0000 0.0000 0.0000 0.0000 0.0000 0.0000 0.0000 0.0000 0.0000 0.0000 0.0000 0.0000 0.0000 0.0000 0.0000 0.0000 0.0000 0.0000 0.0000 0.0061 0.0001 0.0000 0.0017 0.0023 0.0009 0.0004 0.0000 0.0014 0.0001 0.0003 0.0001 0.0001 0.0005 0.0007 0.0006 0.0003 0.0003 0.0002 0.0002 0.0000 0.0000
0.0000 0.0000 0.0000 0.0000 0.0000 0.0000 0.0000 0.0000 0.0000 0.0000 0.0099 0.0004 0.0000 0.0000 0.0000 0.0000 0.0000 0.0000 0.0000 0.0000 0.0000 0.0000 0.0000 0.0000 0.0000 0.0000 0.0002 0.0000 0.0000 0.0000 0.0000 0.0000 0.0000 0.0000 0.0000 0.0000 0.0000 0.0000 0.0000 0.0000 0.0000 0.0000 0.0004 0.0000 0.0000 0.0005 0.0000 0.0000 0.0040 0.0057 0.0000 0.0001 0.0002 0.0000 0.0000 0.0000 0.0000 0.0004 0.0000 0.0000 0.0000 0.0000 0.0000 0.0000
0.0003 0.0001 0.0000 0.0000 0.0568 0.0000 0.0000 0.0000 0.0000 0.0000 0.0010 0.0000 0.0000 0.0001 0.0000 0.0008 0.0000 0.0000 0.0000 0.0000 0.0000 0.0000 0.0000 0.0000 0.0000 0.0000 0.0000 0.0000 0.0001 0.0004 0.0009 0.0014 0.0022 0.0001 0.0002 0.0006 0.0001 0.0008 0.0000 0.0001 0.0002 0.0015 0.0005 0.0000 0.0000 0.0002 0.0000 0.0000 0.0000 0.0001 0.0000 0.0000 0.0005 0.0000 0.0002 0.0000 0.0103 0.0000 0.0401 0.0656 0.0594 0.0294 0.0703 0.0007
0.0000 0.0000 0.0000 0.0000 0.0000 0.0000 0.0000 0.0000 0.0000 0.0000 0.0000 0.0000 0.0000 0.0000 0.0000 0.0795 0.0293 0.0000 0.0001 0.0000 0.0240 0.1182 0.0943 0.0024 0.0000 0.0000 0.0000 0.0000 0.0000 0.0000 0.0000 0.0187 0.0602 0.1121 0.0000 0.1501 0.2420 0.3166 0.2383 0.1469 0.1782 0.2510 0.2368 0.2866 0.2132 0.2218 0.2529 0.1677 0.1434 0.1624 0.1154 0.0485 0.0444 0.0008 0.0000 0.0003 0.0000 0.0001 0.0000 0.0019 0.0000 0.0025 0.0000 0.0000
0.0000 0.0000 0.0000 0.0000 0.0000 0.0000 0.0002 0.0000 0.0000 0.0000 0.0000 0.0000 0.0000 0.0000 0.0013 0.0000 0.0000 0.0000 0.0000 0.0000 0.0000 0.0000 0.0000 0.0000 0.0000 0.0000 0.0000 0.0000 0.0000 0.0006 0.0017 0.0004 0.0000 0.0000 0.0000 0.0000 0.0000 0.0000 0.0000 0.0014 0.0003 0.0003 0.1457 0.0000 0.0001 0.0000 0.0000 0.0000 0.0001 0.0135 0.0505 0.0195 0.0000 0.0001 0.0202 0.0001 0.0138 0.1250 0.0004 0.0000 0.0000 0.0000 0.0467 0.1091
0.0000 0.0000 0.0000 0.0000 0.0000 0.0000 0.0000 0.0000 0.0000 0.0000 0.0000 0.0000 0.0000 0.0000 0.0000 0.0000 0.0000 0.0000 0.0000 0.0000 0.0000 0.0000 0.0000 0.0000 0.0000 0.0000 0.0000 0.0000 0.0000 0.0000 0.0000 0.0000 0.0000 0.0000 0.0000 0.0000 0.0000 0.0000 0.0000 0.0000 0.0015 0.0000 0.0000 0.0000 0.0000 0.0000 0.0000 0.0000 0.0000 0.0000 0.0020 0.0098 0.0000 0.0000 0.0000 0.0000 0.0000 0.0000 0.0000 0.0000 0.0000 0.0000 0.0000 0.0000
0.0000 0.0000 0.0000 0.0000 0.0000 0.0000 0.0000 0.0000 0.0000 0.0000 0.0000 0.0000 0.0000 0.0000 0.0000 0.0000 0.0000 0.0000 0.0000 0.0000 0.0000 0.0000 0.0002 0.0000 0.0000 0.0000 0.0000 0.0000 0.0000 0.0000 0.0000 0.0000 0.0000 0.0000 0.0000 0.0000 0.0000 0.0000 0.0000 0.0000 0.0000 0.0000 0.0000 0.0000 0.0000 0.0000 0.0000 0.0000 0.0000 0.0000 0.0019 0.0101 0.0003 0.0000 0.0000 0.0003 0.0000 0.0000 0.0000 0.0000 0.0001 0.0000 0.0000 0.0000
0.0000 0.0000 0.0000 0.0000 0.0000 0.0000 0.0000 0.0012 0.0001 0.0000 0.0000 0.0000 0.0000 0.0000 0.0000 0.0001 0.0000 0.0000 0.0000 0.0000 0.0000 0.0000 0.0000 0.0000 0.0000 0.0000 0.0000 0.0000 0.0000 0.0000 0.0000 0.0000 0.0000 0.0000 0.0000 0.0000 0.0000 0.0000 0.0000 0.0000 0.0000 0.0000 0.0000 0.0000 0.0000 0.0000 0.0000 0.0001 0.0000 0.0000 0.0000 0.0000 0.0000 0.0000 0.0000 0.0000 0.0000 0.0000 0.0000 0.0000 0.0000 0.0000 0.0000 0.0000
0.1693 0.1151 0.1216 0.0091 0.1820 0.0554 0.0000 0.0332 0.0000 0.0000 0.0005 0.0001 0.0002 0.0000 0.0007 0.0281 0.0000 0.0000 0.0000 0.0000 0.0000 0.0000 0.0003 0.0000 0.0000 0.0000 0.0000 0.0000 0.0000 0.0488 0.0660 0.0255 0.0115 0.0026 0.0006 0.0298 0.0401 0.0273 0.0331 0.0000 0.0000 0.0000 0.0000 0.0000 0.0000 0.0004 0.0021 0.0000 0.0000 0.0003 0.0098 0.0026 0.0041 0.0003 0.0020 0.0000 0.0001 0.0013 0.0000 0.0000 0.0000 0.0003 0.0002 0.0000
0.0000 0.0000 0.0000 0.0000 0.0003 0.0000 0.0000 0.0000 0.0000 0.0000 0.0000 0.0000 0.0000 0.0000 0.0000 0.0000 0.0000 0.0000 0.0000 0.0000 0.0008 0.0000 0.0007 0.0000 0.0006 0.0016 0.0000 0.0000 0.0000 0.0000 0.0000 0.0000 0.0000 0.0000 0.0000 0.0000 0.0000 0.0000 0.0000 0.0000 0.0000 0.0000 0.0000 0.0000 0.0000 0.0000 0.0000 0.0000 0.0000 0.0000 0.0000 0.0000 0.0000 0.0000 0.0000 0.0000 0.0000 0.0000 0.0000 0.0000 0.0000 0.0000 0.0000 0.0000
0.0000 0.0000 0.0000 0.0002 0.0000 0.0000 0.0000 0.0000 0.0011 0.0000 0.0000 0.0000 0.0000 0.0000 0.0000 0.0000 0.0000 0.0000 0.0000 0.0000 0.0000 0.0000 0.0000 0.0000 0.0001 0.0001 0.0001 0.0001 0.0000 0.0000 0.0000 0.0000 0.0000 0.0000 0.0000 0.0000 0.0000 0.0000 0.0015 0.0000 0.0000 0.0000 0.0011 0.0002 0.0000 0.0000 0.0000 0.0000 0.0000 0.0000 0.0000 0.0084 0.0000 0.0101 0.0002 0.0001 0.0076 0.0007 0.0000 0.0001 0.0000 0.0000 0.0000 0.0000
0.0002 0.0004 0.0000 0.0000 0.0000 0.0000 0.0000 0.0000 0.0000 0.0000 0.0000 0.0000 0.0000 0.0000 0.0000 0.0000 0.0000 0.0000 0.0000 0.0000 0.0001 0.0000 0.0000 0.0000 0.0000 0.0000 0.0000 0.0000 0.0000 0.0000 0.0001 0.0000 0.0038 0.0000 0.0000 0.0007 0.0007 0.0008 0.0011 0.0065 0.0029 0.0000 0.0046 0.0000 0.0000 0.0044 0.0000 0.0000 0.0104 0.0094 0.0178 0.0132 0.0154 0.0087 0.0000 0.0005 0.0059 0.0088 0.0059 0.0035 0.0006 0.0045 0.0067 0.0021
0.0000 0.0000 0.0000 0.0000 0.0000 0.0000 0.0000 0.0000 0.0000 0.0000 0.0001 0.0001 0.0000 0.0000 0.0001 0.0000 0.0000 0.0000 0.0000 0.0000 0.0003 0.0000 0.0000 0.0000 0.0000 0.0000 0.0000 0.0000 0.0000 0.0000 0.0001 0.0001 0.0040 0.0063 0.0025 0.0008 0.0010 0.0011 0.0024 0.0064 0.0026 0.0017 0.0000 0.0019 0.0000 0.0016 0.0000 0.0004 0.0000 0.0044 0.0000 0.0000 0.0000 0.0000 0.0000 0.0000 0.0000 0.0000 0.0000 0.0000 0.0000 0.0000 0.0000 0.0000
0.0000 0.0000 0.0000 0.0000 0.0000 0.0000 0.0000 0.0000 0.0000 0.0000 0.0000 0.0000 0.0000 0.0000 0.0000 0.0000 0.0000 0.0000 0.0000 0.0000 0.0000 0.0000 0.0000 0.0000 0.0000 0.0000 0.0000 0.0000 0.0000 0.0000 0.0001 0.0000 0.0000 0.0001 0.0000 0.0000 0.0000 0.0000 0.0005 0.0000 0.0002 0.0001 0.0000 0.0000 0.0000 0.0000 0.0010 0.0000 0.0000 0.0000 0.0008 0.0073 0.0000 0.0125 0.0000 0.0004 0.0000 0.0000 0.0000 0.0000 0.0000 0.0000 0.0000 0.0000
0.0000 0.0000 0.0001 0.0002 0.0000 0.0000 0.0000 0.0001 0.0000 0.0000 0.0000 0.0000 0.0000 0.0000 0.0003 0.0007 0.0001 0.0083 0.0037 0.0000 0.0009 0.0000 0.0000 0.0035 0.0034 0.0056 0.0015 0.0025 0.0028 0.0047 0.0321 0.0082 0.0241 0.0025 0.0007 0.0009 0.0006 0.0006 0.0010 0.0041 0.0000 0.0001 0.0000 0.0000 0.0000 0.0000 0.0009 0.0028 0.0003 0.0000 0.0012 0.0127 0.0001 0.0000 0.0000 0.0003 0.0000 0.0000 0.0000 0.0000 0.0000 0.0000 0.0000 0.0000
0.0000 0.0001 0.0001 0.0001 0.0001 0.0000 0.0000 0.0000 0.0000 0.0000 0.0000 0.0000 0.0002 0.0000 0.0012 0.0055 0.0000 0.0000 0.0000 0.0000 0.0000 0.0000 0.0000 0.0000 0.0000 0.0000 0.0000 0.0000 0.0000 0.0000 0.0000 0.0000 0.0000 0.0000 0.0001 0.0000 0.0000 0.0000 0.0000 0.0000 0.0000 0.0001 0.0000 0.0000 0.0000 0.0000 0.0000 0.0000 0.0025 0.0000 0.0001 0.0005 0.0001 0.0000 0.0026 0.0000 0.0000 0.0002 0.0000 0.0000 0.0000 0.0000 0.0000 0.0000
0.0000 0.0000 0.0000 0.0000 0.0000 0.0000 0.0000 0.0009 0.0000 0.0000 0.0000 0.0001 0.0000 0.0000 0.0000 0.0013 0.0001 0.0000 0.0000 0.0000 0.0000 0.0635 0.2491 0.2390 0.3238 0.2885 0.3613 0.3758 0.1304 0.3379 0.0000 0.4156 0.4371 0.4143 0.7479 0.4626 0.3876 0.4058 0.3071 0.2594 0.3444 0.2122 0.0002 0.0005 0.0057 0.0216 0.1071 0.0824 0.0342 0.0320 0.0194 0.0193 0.0004 0.0000 0.0004 0.0028 0.0000 0.0000 0.0000 0.0000 0.0000 0.0003 0.0012 0.0003
0.0000 0.0000 0.0000 0.0000 0.0000 0.0000 0.0000 0.0004 0.0000 0.0000 0.0000 0.0000 0.0000 0.0000 0.0000 0.0000 0.0000 0.0000 0.0000 0.0000 0.0000 0.0000 0.0000 0.0000 0.0000 0.0009 0.0000 0.0000 0.0000 0.0000 0.0000 0.0000 0.0000 0.0000 0.0000 0.0000 0.0000 0.0000 0.0000 0.0000 0.0000 0.0000 0.0000 0.0000 0.0000 0.0021 0.0012 0.0009 0.0034 0.0020 0.0049 0.0023 0.0063 0.0321 0.0036 0.0013 0.0000 0.0024 0.0000 0.0000 0.0000 0.0000 0.0000 0.0000
