0.1033 0.1179 0.0968 0.0052 0.0000 0.0000 0.0000 0.0000 0.0000 0.0000 0.0000 0.0000 0.0000 0.0000 0.0000 0.0000 0.0000 0.0000 0.0000 0.0000 0.0000 0.0000 0.0000 0.0000 0.0000 0.0000 0.0000 0.0000 0.0000 0.0000 0.0000 0.0000 0.0000 0.0000 0.0000 0.0000 0.0000 0.0000 0.0000 0.0000 0.0000 0.0000 0.0000 0.0000 0.0000 0.0116 0.0318 0.0429 0.0165 0.0547 0.1182 0.0636 0.0124 0.0178 0.0168 0.0027 0.0219 0.0297 0.0311 0.0221 0.0082 0.0016 0.0000 0.0001
0.0000 0.0000 0.0000 0.0000 0.0000 0.0000 0.0000 0.0000 0.0000 0.0000 0.0000 0.0000 0.0000 0.0000 0.0000 0.0237 0.0000 0.0000 0.0000 0.0005 0.0543 0.0000 0.0000 0.0072 0.0232 0.0280 0.0000 0.0011 0.0424 0.0283 0.0722 0.1157 0.0007 0.0017 0.0000 0.0025 0.0000 0.0000 0.0015 0.0200 0.0527 0.0116 0.0299 0.0520 0.0607 0.0301 0.0000 0.0037 0.0011 0.0137 0.0078 0.0067 0.0000 0.0000 0.0000 0.0000 0.0000 0.0357 0.0000 0.0002 0.0000 0.0000 0.0038 0.0034
0.0000 0.0000 0.0000 0.0021 0.0000 0.0025 0.0000 0.0000 0.0000 0.0000 0.0000 0.0000 0.0000 0.2366 0.0000 0.0000 0.0000 0.0000 0.0000 0.0000 0.0005 0.0000 0.0036 0.0000 0.0076 0.0079 0.0000 0.0000 0.0000 0.0002 0.0001 0.0005 0.0000 0.0000 0.0000 0.0000 0.0000 0.0000 0.0229 0.0772 0.1387 0.2621 0.1548 0.1664 0.2146 0.1777 0.2249 0.1103 0.1257 0.1618 0.0027 0.0045 0.0000 0.0000 0.0000 0.0000 0.0001 0.0000 0.0000 0.0000 0.0000 0.0000 0.0000 0.0000
0.0000 0.0000 0.0000 0.0000 0.0000 0.0000 0.0000 0.0000 0.0000 0.0000 0.0000 0.0000 0.0000 0.0000 0.0000 0.0000 0.0000 0.0000 0.0000 0.0000 0.0000 0.0000 0.0000 0.0000 0.0000 0.0000 0.0000 0.0000 0.0000 0.0000 0.0000 0.0000 0.0000 0.0000 0.0000 0.0000 0.0000 0.0000 0.0000 0.0000 0.0000 0.0000 0.0000 0.0000 0.0000 0.0000 0.0000 0.0000 0.0000 0.0000 0.0000 0.0000 0.0000 0.0000 0.0000 0.0000 0.0000 0.0000 0.0000 0.0000 0.0000 0.0000 0.0000 0.0000
0.0000 0.0059 0.0003 0.0007 0.0001 0.0000 0.0000 0.0000 0.0000 0.0000 0.0001 0.0000 0.0000 0.0000 0.0000 0.0000 0.0000 0.0000 0.0000 0.0000 0.0000 0.0000 0.0000 0.0000 0.0000 0.0001 0.0000 0.0000 0.0000 0.0000 0.0000 0.0047 0.0000 0.0000 0.0038 0.0116 0.0129 0.0096 0.0131 0.0151 0.0395 0.0547 0.1208 0.0090 0.0517 0.0077 0.0321 0.0016 0.0000 0.0000 0.0000 0.0000 0.0000 0.0000 0.0016 0.0000 0.0000 0.0000 0.0000 0.0010 0.0000 0.0022 0.0000 0.0465
0.8213 0.7017 0.7615 0.7135 0.4479 0.6894 0.6011 0.6095 0.6663 0.5043 0.5082 0.2130 0.0365 0.3960 0.3618 0.3162 0.0881 0.0061 0.0257 0.0601 0.0526 0.0309 0.0000 0.0987 0.0150 0.0611 0.0440 0.0210 0.0550 0.0000 0.0891 0.0054 0.0363 0.0234 0.0092 0.0207 0.0090 0.0082 0.0154 0.0009 0.0000 0.0000 0.0000 0.0000 0.0000 0.0000 0.0000 0.0000 0.0000 0.0000 0.0000 0.0000 0.0000 0.0000 0.0000 0.0000 0.0000 0.0000 0.0000 0.0000 0.0000 0.0000 0.0001 0.0000
0.0000 0.0000 0.0000 0.0000 0.1891 0.0513 0.0379 0.0099 0.0000 0.0000 0.0000 0.0720 0.1018 0.0046 0.0000 0.0000 0.0000 0.0000 0.0000 0.0000 0.0000 0.0705 0.0282 0.0000 0.0001 0.0206 0.0045 0.0000 0.0000 0.0000 0.0496 0.0000 0.0000 0.0000 0.0000 0.0000 0.0000 0.0000 0.0000 0.0005 0.0000 0.0001 0.0115 0.0019 0.0009 0.0000 0.0000 0.0012 0.0002 0.0002 0.0000 0.0000 0.0445 0.0494 0.1276 0.0886 0.2411 0.2426 0.1380 0.0000 0.0000 0.0000 0.0000 0.0000
0.0000 0.0000 0.0000 0.0000 0.0000 0.0000 0.0000 0.0005 0.0000 0.0000 0.0000 0.0000 0.0000 0.0000 0.0000 0.0000 0.0000 0.0000 0.0000 0.0000 0.0001 0.0000 0.0000 0.0000 0.0000 0.0000 0.0000 0.0000 0.0000 0.0000 0.0000 0.0000 0.0000 0.0000 0.0000 0.0000 0.0000 0.0000 0.0000 0.0000 0.0000 0.0000 0.0000 0.0000 0.0000 0.0000 0.0000 0.0000 0.0000 0.0000 0.0723 0.0000 0.1625 0.1225 0.1748 0.1514 0.0781 0.0000 0.0000 0.0000 0.0000 0.0000 0.0000 0.0000
0.0000 0.0000 0.0000 0.0000 0.0000 0.0000 0.0000 0.0000 0.0000 0.0000 0.0003 0.0025 0.0016 0.0007 0.0000 0.0000 0.0000 0.0000 0.0002 0.0010 0.0000 0.0004 0.0005 0.0000 0.0003 0.0000 0.0008 0.0003 0.0013 0.0038 0.0037 0.0031 0.0009 0.0013 0.0002 0.0000 0.0000 0.0000 0.0000 0.0000 0.0000 0.0000 0.0000 0.0000 0.0000 0.0000 0.0000 0.0000 0.0000 0.0000 0.0003 0.0000 0.0000 0.0017 0.0021 0.0000 0.0012 0.0001 0.0000 0.0000 0.0000 0.0000 0.0000 0.0000
0.0000 0.0000 0.0000 0.0000 0.0036 0.0000 0.0000 0.0000 0.0000 0.0000 0.0000 0.0000 0.0000 0.0000 0.0002 0.0000 0.0815 0.0000 0.0000 0.0000 0.0442 0.0000 0.0000 0.2405 0.0000 0.0036 0.1476 0.2274 0.2681 0.3335 0.3750 0.1395 0.3344 0.2138 0.1137 0.0951 0.0978 0.0374 0.1045 0.0002 0.0000 0.0057 0.0097 0.0735 0.0063 0.0534 0.1184 0.1456 0.1090 0.1516 0.0374 0.1066 0.0696 0.1201 0.0720 0.1228 0.0967 0.0528 0.1292 0.0470 0.0361 0.0290 0.0009 0.0052
0.0000 0.0000 0.0000 0.0000 0.0000 0.0000 0.0000 0.0000 0.0000 0.0000 0.0000 0.0000 0.0000 0.0000 0.0000 0.0000 0.0000 0.0000 0.0000 0.0000 0.0000 0.0000 0.0000 0.0000 0.0000 0.0000 0.0000 0.0000 0.0000 0.0000 0.0000 0.0000 0.0000 0.0000 0.0000 0.0000 0.0000 0.0000 0.0000 0.0000 0.0000 0.0000 0.0000 0.0000 0.0000 0.0000 0.0000 0.0000 0.0000 0.0000 0.0000 0.0000 0.0000 0.0000 0.0000 0.0000 0.0000 0.0000 0.0000 0.0000 0.0000 0.0000 0.0000 0.0000
0.0002 0.0004 0.0423 0.0651 0.0600 0.0774 0.1202 0.0821 0.1409 0.3258 0.4114 0.6897 0.8531 0.1129 0.4987 0.3326 0.8207 0.9197 0.3575 0.1141 0.3273 0.5908 0.0799 0.0976 0.5164 0.4050 0.3188 0.2373 0.2811 0.2508 0.1701 0.2123 0.1127 0.0001 0.1574 0.0034 0.0022 0.0054 0.0304 0.0547 0.0302 0.1341 0.0620 0.0981 0.1129 0.0000 0.0000 0.0000 0.1043 0.0000 0.0000 0.0000 0.0000 0.0000 0.0000 0.0000 0.0000 0.0000 0.0000 0.0386 0.0001 0.0004 0.0007 0.0003
0.0000 0.0000 0.0000 0.0000 0.0000 0.0000 0.0007 0.0000 0.0000 0.0000 0.0000 0.0020 0.0000 0.0000 0.0000 0.0001 0.0000 0.0000 0.0000 0.0000 0.0000 0.0000 0.0000 0.0011 0.0005 0.0027 0.0000 0.0000 0.0000 0.0000 0.0000 0.0000 0.0000 0.0000 0.0000 0.0000 0.0000 0.0002 0.0003 0.0000 0.0000 0.0004 0.0000 0.0000 0.0000 0.0000 0.0000 0.0000 0.0000 0.0000 0.0087 0.0000 0.0000 0.0000 0.0006 0.0020 0.0000 0.0003 0.0000 0.0000 0.0000 0.0000 0.0000 0.0000
0.0000 0.0015 0.0000 0.0000 0.0000 0.0000 0.0000 0.0000 0.0009 0.0004 0.0000 0.0000 0.0000 0.0000 0.0005 0.0008 0.0000 0.0000 0.0000 0.0000 0.0000 0.0000 0.0000 0.0005 0.0000 0.0000 0.0000 0.0000 0.0000 0.0000 0.0000 0.0008 0.0006 0.0000 0.0003 0.0013 0.0016 0.0011 0.0005 0.0012 0.0015 0.0036 0.0006 0.0005 0.0010 0.0015 0.0008 0.0005 0.0006 0.0006 0.0014 0.0014 0.0000 0.0000 0.0000 0.0000 0.0000 0.0000 0.0235 0.0000 0.0000 0.0031 0.0014 0.1587
0.0000 0.0000 0.0000 0.0000 0.0000 0.0000 0.0000 0.0000 0.0000 0.0000 0.0000 0.0000 0.0000 0.0000 0.0000 0.0000 0.0000 0.0000 0.0000 0.0000 0.0000 0.0000 0.0501 0.0000 0.0000 0.0007 0.0000 0.0000 0.0000 0.0000 0.0000 0.0000 0.0000 0.0000 0.0000 0.0000 0.0000 0.0000 0.0000 0.0000 0.0000 0.0000 0.0000 0.0000 0.0000 0.0000 0.0000 0.0000 0.0697 0.1142 0.0000 0.0000 0.0660 0.0732 0.0000 0.0005 0.0000 0.0000 0.0000 0.0000 0.0000 0.0000 0.0000 0.0000
0.0000 0.0000 0.0000 0.0000 0.0000 0.0000 0.0000 0.0000 0.0000 0.0000 0.0000 0.0000 0.0000 0.0000 0.0000 0.0000 0.0000 0.0000 0.0000 0.0000 0.0000 0.0000 0.0000 0.0000 0.0000 0.0000 0.0000 0.0000 0.0000 0.0000 0.0000 0.0000 0.0000 0.0000 0.0000 0.0000 0.0000 0.0000 0.0000 0.0000 0.0027 0.0018 0.0042 0.0023 0.0024 0.0150 0.0148 0.0008 0.0058 0.0000 0.0000 0.0000 0.0000 0.0000 0.0000 0.0000 0.0000 0.0000 0.0002 0.0000 0.0000 0.0000 0.0000 0.0000
0.0000 0.0000 0.0000 0.0000 0.0000 0.0000 0.0000 0.0000 0.0000 0.0000 0.0000 0.0015 0.0000 0.0000 0.0000 0.0000 0.0000 0.0000 0.0000 0.0000 0.0000 0.0000 0.0000 0.0000 0.0000 0.0000 0.0000 0.0000 0.0000 0.0000 0.0000 0.0000 0.0000 0.0000 0.0000 0.0000 0.0000 0.0000 0.0000 0.0000 0.0000 0.0000 0.0000 0.0000 0.0005 0.0002 0.0000 0.0012 0.0121 0.0057 0.0905 0.0030 0.0331 0.0049 0.0000 0.0000 0.0000 0.0000 0.0000 0.0000 0.0000 0.0000 0.0000 0.0000
0.0000 0.0707 0.0125 0.0534 0.0000 0.0001 0.0333 0.0339 0.0358 0.0360 0.0208 0.0098 0.0000 0.0511 0.0001 0.0189 0.0000 0.0000 0.0003 0.0000 0.0010 0.0000 0.0000 0.0000 0.0000 0.0000 0.0000 0.0000 0.0000 0.0000 0.0000 0.0000 0.0000 0.0000 0.0000 0.0000 0.0000 0.0000 0.0000 0.0000 0.0010 0.0000 0.0000 0.0000 0.0000 0.0000 0.0000 0.0000 0.0000 0.0000 0.0000 0.0000 0.0000 0.0000 0.0000 0.0000 0.0000 0.0000 0.0000 0.0000 0.0000 0.0000 0.0000 0.0000
0.0000 0.0000 0.0000 0.0301 0.0268 0.0314 0.0208 0.0224 0.0081 0.0198 0.0065 0.0000 0.0000 0.0000 0.0001 0.0000 0.0000 0.0000 0.0000 0.0000 0.0000 0.0000 0.0000 0.0000 0.0000 0.0000 0.0000 0.0000 0.0000 0.0000 0.0000 0.0000 0.0000 0.0000 0.0000 0.0006 0.0005 0.0000 0.0000 0.0000 0.0000 0.1095 0.0564 0.0000 0.0000 0.0000 0.0000 0.0000 0.0000 0.0000 0.0000 0.1000 0.0460 0.0000 0.0001 0.0000 0.0000 0.0551 0.0000 0.0000 0.0000 0.0000 0.0000 0.0001
0.0000 0.0000 0.0000 0.0000 0.0000 0.0000 0.0000 0.0000 0.0000 0.0000 0.0000 0.0000 0.0000 0.0000 0.0000 0.0000 0.0000 0.0000 0.0000 0.0579 0.0000 0.0000 0.0145 0.0000 0.0000 0.0000 0.0000 0.0000 0.0000 0.0000 0.0000 0.0000 0.0000 0.0000 0.0000 0.0000 0.0000 0.0000 0.0003 0.0015 0.0000 0.0000 0.0000 0.0001 0.0002 0.0029 0.0001 0.0021 0.0000 0.0000 0.0000 0.0000 0.0000 0.0000 0.0000 0.0000 0.0000 0.0786 0.1395 0.1726 0.2201 0.2359 0.2073 0.1164
0.0011 0.0027 0.0018 0.0094 0.0004 0.0000 0.0000 0.0000 0.0000 0.0000 0.0000 0.0000 0.0000 0.0000 0.0000 0.0000 0.0000 0.0000 0.0000 0.0014 0.0000 0.0001 0.0000 0.0000 0.0000 0.0000 0.0000 0.0000 0.0000 0.0001 0.0003 0.0003 0.0001 0.0000 0.0000 0.0000 0.0000 0.0000 0.0000 0.0000 0.0000 0.0000 0.0000 0.0000 0.0000 0.0000 0.0000 0.0000 0.0000 0.0000 0.0000 0.0000 0.0000 0.0000 0.0000 0.0000 0.0000 0.0000 0.0002 0.0000 0.0000 0.0000 0.0021 0.0011
0.0000 0.0000 0.0000 0.0000 0.0000 0.0000 0.0000 0.0008 0.0000 0.0000 0.0000 0.0000 0.0000 0.0000 0.0000 0.0000 0.0000 0.0000 0.0000 0.0000 0.0000 0.0000 0.0000 0.0000 0.0000 0.0000 0.0000 0.0000 0.0000 0.0000 0.0000 0.0000 0.0000 0.0000 0.0000 0.0000 0.0000 0.0000 0.0000 0.0000 0.0000 0.0000 0.0000 0.0000 0.0000 0.0000 0.0019 0.0002 0.0002 0.0005 0.0027 0.0023 0.0017 0.0017 0.0008 0.0007 0.0011 0.0019 0.0009 0.0011 0.0001 0.0016 0.0003 0.0000
0.0000 0.0000 0.0000 0.0000 0.0000 0.0023 0.0012 0.0013 0.0000 0.0000 0.0000 0.0000 0.0000 0.0000 0.0000 0.0000 0.0009 0.0003 0.0020 0.0006 0.0003 0.0005 0.0000 0.0024 0.0000 0.0000 0.0000 0.0013 0.0000 0.0012 0.0032 0.0066 0.0013 0.0000 0.0000 0.0000 0.0000 0.0009 0.0005 0.0000 0.0012 0.0000 0.0000 0.0000 0.0000 0.0000 0.0002 0.0000 0.0001 0.0001 0.0000 0.0004 0.0000 0.0000 0.0000 0.0000 0.0000 0.0000 0.0000 0.0000 0.0000 0.0000 0.0004 0.0000
0.0000 0.0000 0.0000 0.0000 0.0000 0.0000 0.0000 0.0000 0.0000 0.0000 0.0000 0.0000 0.0000 0.0000 0.0000 0.0000 0.0000 0.0000 0.0000 0.0000 0.0000 0.0000 0.0000 0.0000 0.0000 0.0000 0.0000 0.0000 0.0000 0.0000 0.0000 0.0000 0.0000 0.0000 0.0000 0.0000 0.0000 0.0000 0.0000 0.0000 0.0019 0.0000 0.0000 0.0000 0.0000 0.0000 0.0000 0.0000 0.0000 0.0000 0.0000 0.0000 0.0000 0.0000 0.0000 0.0000 0.0000 0.0001 0.0000 0.0000 0.0000 0.0000 0.0000 0.0000
0.0002 0.0008 0.0019 0.0076 0.0055 0.0068 0.0013 0.0032 0.0033 0.0024 0.0030 0.0038 0.0026 0.0028 0.0021 0.0061 0.0038 0.0025 0.0061 0.0031 0.0026 0.0066 0.0002 0.0005 0.0001 0.0003 0.0022 0.0045 0.0023 0.0030 0.0013 0.0046 0.0003 0.0082 0.0007 0.0017 0.0019 0.0023 0.0026 0.0006 0.0002 0.0002 0.0001 0.0000 0.0000 0.0000 0.0000 0.0001 0.0004 0.0000 0.0004 0.0009 0.0000 0.0000 0.0000 0.0003 0.0009 0.0080 0.0026 0.0023 0.0290 0.0150 0.0069 0.0005
0.0000 0.0000 0.0000 0.0000 0.0000 0.0000 0.0000 0.0000 0.0000 0.0000 0.0000 0.0000 0.0000 0.0000 0.0000 0.0000 0.0000 0.0000 0.0000 0.0000 0.0000 0.0000 0.0000 0.0000 0.0000 0.0000 0.0000 0.0000 0.0000 0.0000 0.0000 0.0000 0.0000 0.0000 0.0000 0.0000 0.0000 0.0000 0.0000 0.0000 0.0000 0.0000 0.0000 0.0000 0.0000 0.0000 0.0000 0.0000 0.0000 0.0000 0.0016 0.0000 0.0000 0.0000 0.0000 0.0000 0.0000 0.0000 0.0000 0.0000 0.0000 0.0000 0.0000 0.0000
0.0000 0.0000 0.0000 0.0000 0.0000 0.0000 0.0000 0.0000 0.0000 0.0000 0.0000 0.0000 0.0000 0.0000 0.0000 0.0000 0.0000 0.0000 0.0000 0.0000 0.0000 0.0000 0.0000 0.0000 0.0000 0.0000 0.0000 0.0000 0.0000 0.0000 0.0000 0.0172 0.0000 0.0000 0.0000 0.0000 0.0000 0.0000 0.0017 0.0493 0.0874 0.0576 0.0366 0.0752 0.0390 0.0362 0.0000 0.0000 0.0000 0.0000 0.0000 0.0001 0.0000 0.0000 0.0000 0.0000 0.0000 0.0000 0.0000 0.0000 0.0000 0.0054 0.0000 0.0817
0.0000 0.0000 0.0000 0.0000 0.0000 0.0000 0.0000 0.0000 0.0000 0.0000 0.0013 0.0000 0.0012 0.0000 0.0000 0.0000 0.0000 0.0000 0.0000 0.0000 0.0000 0.0000 0.0000 0.0000 0.0000 0.0000 0.0000 0.0000 0.0000 0.0000 0.0000 0.0000 0.0000 0.0000 0.0000 0.0000 0.0000 0.0000 0.0000 0.0000 0.0089 0.0000 0.0050 0.0003 0.0015 0.0135 0.0149 0.0081 0.0018 0.0001 0.0000 0.0216 0.0000 0.0013 0.0000 0.0009 0.0007 0.0009 0.0009 0.0005 0.0000 0.0000 0.0000 0.0000
0.0000 0.0000 0.0000 0.0000 0.0000 0.0000 0.0000 0.0000 0.0000 0.0000 0.0000 0.0000 0.0000 0.0000 0.0000 0.0000 0.0000 0.0000 0.0000 0.0000 0.0000 0.0000 0.0000 0.0000 0.0000 0.0000 0.0000 0.0000 0.0000 0.0000 0.0000 0.0000 0.0000 0.0000 0.0000 0.0000 0.0000 0.0000 0.0000 0.0000 0.0000 0.0000 0.0000 0.0000 0.0000 0.0000 0.0000 0.0000 0.0000 0.0000 0.0000 0.0000 0.0000 0.0000 0.0000 0.0000 0.0000 0.0000 0.0000 0.0000 0.0000 0.0000 0.0000 0.0000
0.0000 0.0510 0.0000 0.0000 0.0000 0.0000 0.1359 0.1303 0.0812 0.0446 0.0042 0.0020 0.0011 0.0006 0.0008 0.0001 0.0005 0.0008 0.0000 0.0000 0.0000 0.0000 0.0668 0.0458 0.0155 0.0305 0.0000 0.0000 0.0000 0.0000 0.0000 0.0000 0.0000 0.0000 0.0000 0.0000 0.0000 0.0000 0.0000 0.0000 0.0000 0.0002 0.0142 0.0048 0.0160 0.0170 0.0285 0.0087 0.0275 0.0004 0.0016 0.0061 0.0007 0.0000 0.0000 0.0000 0.0000 0.0000 0.0000 0.0001 0.0000 0.0007 0.0004 0.0019
0.0000 0.0000 0.0000 0.0000 0.0000 0.0000 0.0000 0.0000 0.0002 0.0006 0.0000 0.0000 0.0000 0.0000 0.0000 0.0000 0.0000 0.0000 0.0000 0.0000 0.0000 0.0000 0.0000 0.0000 0.0000 0.0000 0.0000 0.0000 0.0000 0.0000 0.0000 0.0000 0.0000 0.0012 0.0000 0.0000 0.0000 0.0000 0.0000 0.0000 0.0000 0.0000 0.0000 0.0000 0.0000 0.0000 0.0000 0.0000 0.0000 0.0000 0.0000 0.0000 0.0000 0.0000 0.0000 0.0000 0.0000 0.0000 0.0000 0.0000 0.0000 0.0000 0.0000 0.0000
0.0000 0.0000 0.0000 0.0000 0.0000 0.0000 0.0000 0.0000 0.0000 0.0000 0.0000 0.0000 0.0000 0.0000 0.0000 0.0000 0.0000 0.0000 0.0000 0.0000 0.0000 0.0000 0.0000 0.0000 0.0000 0.0000 0.0000 0.0000 0.0000 0.0000 0.0000 0.0000 0.0000 0.0000 0.0000 0.0000 0.0000 0.0000 0.0000 0.0000 0.0000 0.0000 0.0000 0.0000 0.0000 0.0000 0.0007 0.0000 0.0005 0.0098 0.0019 0.0001 0.0000 0.0000 0.0000 0.0000 0.0000 0.0000 0.0000 0.0000 0.0000 0.0000 0.0000 0.0000
0.0005 0.0001 0.0000 0.0000 0.0000 0.0000 0.0000 0.0000 0.0000 0.0000 0.0000 0.0000 0.0000 0.0000 0.0002 0.0000 0.0000 0.0000 0.0571 0.0836 0.0058 0.0016 0.0200 0.0299 0.0916 0.0089 0.0038 0.0026 0.0015 0.0015 0.0003 0.0000 0.0000 0.0167 0.0000 0.0000 0.0003 0.0004 0.0012 0.0005 0.0068 0.0027 0.0000 0.0000 0.0000 0.0001 0.0001 0.0000 0.0000 0.0000 0.0055 0.0338 0.1529 0.1855 0.1527 0.3321 0.1560 0.0717 0.0000 0.0000 0.0000 0.0379 0.0323 0.1053
0.0000 0.0000 0.0000 0.0025 0.0000 0.0005 0.0000 0.0000 0.0000 0.0000 0.0000 0.0000 0.0000 0.0000 0.0000 0.0000 0.0000 0.0000 0.0000 0.0000 0.0000 0.0000 0.0000 0.0000 0.0000 0.0000 0.0000 0.0000 0.0000 0.0000 0.0000 0.0000 0.0000 0.0000 0.0000 0.0000 0.0000 0.0000 0.0000 0.0000 0.0000 0.0000 0.0000 0.0001 0.0002 0.0000 0.0000 0.0000 0.0000 0.0000 0.0000 0.0000 0.0000 0.0000 0.0006 0.0001 0.0000 0.0001 0.0001 0.0000 0.0001 0.0000 0.0000 0.0001
0.0000 0.0003 0.0000 0.0022 0.0066 0.0049 0.0116 0.0000 0.0289 0.0000 0.0000 0.0000 0.0000 0.0000 0.0000 0.0000 0.0000 0.0051 0.0027 0.0010 0.0005 0.0002 0.0000 0.0000 0.0000 0.0000 0.0000 0.0000 0.0002 0.0000 0.0000 0.0000 0.0001 0.0000 0.0000 0.0005 0.0000 0.0000 0.0001 0.0000 0.0000 0.0000 0.0000 0.0000 0.0000 0.0000 0.0000 0.0000 0.0000 0.0000 0.0001 0.0005 0.0000 0.0000 0.0002 0.0006 0.0000 0.0367 0.0000 0.0000 0.0000 0.0053 0.0035 0.0166
0.0000 0.0000 0.0106 0.0714 0.0000 0.0502 0.0239 0.0163 0.0201 0.0483 0.0270 0.0004 0.0000 0.1931 0.0504 0.0299 0.0000 0.0624 0.4361 0.4800 0.4232 0.1306 0.0622 0.0212 0.0050 0.0148 0.0111 0.0045 0.1211 0.0039 0.0020 0.0000 0.0000 0.0001 0.0000 0.0002 0.0043 0.0039 0.0264 0.0000 0.0000 0.0000 0.0071 0.0485 0.0550 0.0783 0.0016 0.0143 0.0285 0.0179 0.0547 0.0000 0.0876 0.0000 0.0005 0.0000 0.0000 0.0000 0.0000 0.0220 0.0080 0.0001 0.0000 0.0001
0.0000 0.0000 0.0000 0.0000 0.0000 0.0000 0.0000 0.0000 0.0000 0.0000 0.0000 0.0000 0.0000 0.0000 0.0000 0.0000 0.0000 0.0000 0.0000 0.0000 0.0000 0.0000 0.0000 0.0000 0.0000 0.0000 0.0000 0.0000 0.0000 0.0000 0.0000 0.0000 0.0000 0.0000 0.0000 0.0000 0.0000 0.0000 0.0000 0.0000 0.0000 0.0000 0.0000 0.0000 0.0000 0.0000 0.0000 0.0000 0.0000 0.0000 0.0137 0.0002 0.0000 0.0000 0.0000 0.0000 0.0000 0.0001 0.0001 0.0000 0.0000 0.0000 0.0000 0.0000
0.0000 0.0000 0.0000 0.0000 0.0000 0.0000 0.0000 0.0000 0.0000 0.0000 0.0000 0.0017 0.0004 0.0000 0.0000 0.0000 0.0000 0.0000 0.0000 0.0403 0.0000 0.0000 0.0000 0.0000 0.0000 0.0000 0.0000 0.0000 0.0000 0.0000 0.0000 0.0000 0.0000 0.0000 0.0000 0.0000 0.0000 0.0000 0.0000 0.0000 0.0000 0.0001 0.0008 0.0005 0.0000 0.0007 0.0000 0.0069 0.0038 0.0009 0.0115 0.0147 0.0181 0.0149 0.0019 0.0011 0.0027 0.0054 0.0022 0.0000 0.0000 0.0000 0.0000 0.0000
0.0000 0.0000 0.0000 0.0000 0.0000 0.0000 0.0000 0.0000 0.0000 0.0000 0.0000 0.0000 0.0000 0.0000 0.0000 0.0000 0.0000 0.0000 0.0000 0.0000 0.0000 0.0000 0.0000 0.0000 0.0004 0.0001 0.0000 0.0000 0.0000 0.0000 0.0000 0.0000 0.0000 0.0000 0.0000 0.0000 0.0000 0.0000 0.0000 0.0000 0.0012 0.0000 0.0005 0.0202 0.0000 0.0000 0.0000 0.0000 0.0008 0.0000 0.0000 0.0018 0.0000 0.0000 0.0000 0.0000 0.0000 0.0000 0.0000 0.0000 0.0000 0.0000 0.0000 0.0000
0.0000 0.0000 0.0000 0.0000 0.0000 0.0000 0.0000 0.0000 0.0000 0.0000 0.0000 0.0000 0.0000 0.0008 0.0006 0.0013 0.0000 0.0008 0.0000 0.0000 0.0019 0.0000 0.0129 0.0000 0.0000 0.0021 0.0000 0.0000 0.0000 0.0000 0.0000 0.0000 0.0001 0.0008 0.0000 0.0000 0.0000 0.0000 0.0371 0.0960 0.0000 0.0063 0.1418 0.1203 0.1560 0.2307 0.0674 0.0000 0.0001 0.0000 0.0003 0.0382 0.0000 0.0000 0.0010 0.0001 0.0000 0.0000 0.0843 0.0838 0.0103 0.0000 0.0000 0.0020
0.0000 0.0000 0.0000 0.0000 0.0000 0.0000 0.0000 0.0000 0.0000 0.0000 0.0000 0.0001 0.0000 0.0000 0.0000 0.0000 0.0000 0.0000 0.0000 0.0000 0.0000 0.0000 0.0000 0.0000 0.0000 0.0000 0.0000 0.0000 0.0000 0.0000 0.0000 0.0000 0.0000 0.0000 0.0000 0.0000 0.0000 0.0000 0.0000 0.0000 0.0000 0.0000 0.0000 0.0000 0.0000 0.0000 0.0000 0.0000 0.0000 0.0000 0.0000 0.0000 0.0000 0.0000 0.0000 0.0000 0.0000 0.0000 0.0000 0.0000 0.0000 0.0000 0.0000 0.0000
0.0000 0.0000 0.0000 0.0000 0.0000 0.0000 0.0000 0.0059 0.0122 0.0153 0.0148 0.0000 0.0000 0.0000 0.0000 0.0007 0.0000 0.0000 0.0000 0.0000 0.0000 0.0773 0.0000 0.0000 0.0003 0.0208 0.0148 0.0106 0.0612 0.0000 0.0000 0.0000 0.0026 0.0095 0.0000 0.0000 0.0004 0.0000 0.0000 0.0013 0.0000 0.0000 0.0000 0.0000 0.0000 0.0000 0.0000 0.0000 0.0000 0.0046 0.0000 0.0000 0.0000 0.0000 0.0000 0.0000 0.0000 0.0000 0.0000 0.0000 0.0000 0.0000 0.0000 0.0000
0.0000 0.0000 0.0000 0.0000 0.0000 0.0000 0.0000 0.0000 0.0000 0.0000 0.0000 0.0000 0.0000 0.0000 0.0000 0.0000 0.0000 0.0000 0.0000 0.0000 0.0000 0.0000 0.0000 0.0000 0.0000 0.0000 0.0000 0.0000 0.0000 0.0000 0.0000 0.0000 0.0000 0.0000 0.0000 0.0000 0.0000 0.0000 0.0000 0.0000 0.0027 0.0000 0.0000 0.0000 0.0000 0.0000 0.0000 0.0000 0.0000 0.0000 0.0000 0.0000 0.0000 0.0000 0.0000 0.0000 0.0000 0.0000 0.0000 0.0000 0.0000 0.0000 0.0000 0.0000
0.0000 0.0000 0.0000 0.0000 0.0000 0.0000 0.0000 0.0010 0.0003 0.0000 0.0000 0.0000 0.0000 0.0000 0.0000 0.0000 0.0000 0.0000 0.0000 0.0000 0.0000 0.0000 0.0000 0.0000 0.0002 0.0000 0.0000 0.0000 0.0000 0.0000 0.0000 0.0000 0.0000 0.0042 0.0000 0.0000 0.0000 0.0000 0.0000 0.0031 0.0000 0.0034 0.0000 0.0000 0.0000 0.0000 0.0003 0.0000 0.0001 0.0041 0.0000 0.0000 0.0000 0.0000 0.0000 0.0001 0.0001 0.0000 0.0052 0.0067 0.0000 0.0000 0.0000 0.0000
0.0001 0.0000 0.0000 0.0000 0.0000 0.0000 0.0000 0.0000 0.0000 0.0000 0.0000 0.0000 0.0000 0.0000 0.0828 0.0012 0.0012 0.0012 0.1118 0.1545 0.0037 0.0000 0.0056 0.0000 0.0016 0.0069 0.0000 0.0000 0.0942 0.0298 0.1586 0.0187 0.0000 0.0107 0.0000 0.0000 0.0000 0.0002 0.0001 0.0000 0.0000 0.0001 0.0000 0.0161 0.0000 0.0103 0.0447 0.1620 0.2702 0.1774 0.2522 0.3468 0.2578 0.3895 0.4181 0.2918 0.3606 0.2148 0.3122 0.2985 0.4625 0.4180 0.4659 0.3104
0.0000 0.0000 0.0000 0.0000 0.0002 0.0000 0.0000 0.0000 0.0000 0.0000 0.0000 0.0000 0.0000 0.0000 0.0000 0.0000 0.0000 0.0000 0.0000 0.0000 0.0000 0.0000 0.0000 0.0000 0.0000 0.0000 0.0006 0.0000 0.0002 0.0005 0.0002 0.0017 0.0027 0.0000 0.0002 0.0004 0.0004 0.0002 0.0001 0.0012 0.0001 0.0001 0.0002 0.0001 0.0002 0.0002 0.0003 0.0000 0.0001 0.0001 0.0002 0.0003 0.0004 0.0003 0.0002 0.0001 0.0009 0.0007 0.0004 0.0003 0.0001 0.0006 0.0004 0.0003
0.0000 0.0000 0.0000 0.0000 0.0000 0.0000 0.0000 0.0000 0.0000 0.0000 0.0000 0.0000 0.0000 0.0000 0.0000 0.0010 0.0000 0.0000 0.0000 0.0000 0.0000 0.0000 0.0000 0.0000 0.0000 0.0000 0.0000 0.0000 0.0000 0.0000 0.0000 0.0000 0.0000 0.0000 0.0000 0.0000 0.0000 0.0000 0.0000 0.0000 0.0000 0.0000 0.0000 0.0000 0.0000 0.0000 0.0000 0.0000 0.0000 0.0000 0.0000 0.0029 0.0035 0.0000 0.0017 0.0014 0.0000 0.0000 0.0000 0.0000 0.0000 0.0000 0.0000 0.0000
0.0000 0.0000 0.0000 0.0000 0.0000 0.0000 0.0000 0.0000 0.0000 0.0000 0.0000 0.0002 0.0000 0.0000 0.0000 0.0000 0.0000 0.0000 0.0000 0.0000 0.0000 0.0000 0.0000 0.0000 0.0000 0.0000 0.0000 0.0000 0.0000 0.0000 0.0000 0.0000 0.0000 0.0000 0.0000 0.0000 0.0000 0.0000 0.0000 0.0000 0.0000 0.0000 0.0000 0.0000 0.0000 0.0001 0.0000 0.0000 0.0005 0.0039 0.0000 0.0023 0.0030 0.0028 0.0000 0.0000 0.0000 0.0000 0.0000 0.0000 0.0000 0.0000 0.0000 0.0000
0.0041 0.0033 0.0019 0.0000 0.1138 0.0000 0.0000 0.0000 0.0000 0.0000 0.0000 0.0000 0.0000 0.0000 0.0000 0.0000 0.0006 0.0003 0.0000 0.0000 0.0000 0.0000 0.0000 0.0000 0.0000 0.0000 0.0000 0.0000 0.0023 0.0001 0.0033 0.0004 0.0101 0.0000 0.0040 0.0057 0.0018 0.0008 0.0000 0.0000 0.0000 0.0094 0.0000 0.0000 0.0000 0.0000 0.0002 0.0127 0.0008 0.0000 0.0000 0.0000 0.0000 0.0000 0.0000 0.0000 0.0153 0.0000 0.1191 0.2977 0.2211 0.2215 0.2429 0.0003
0.0000 0.0000 0.0000 0.0000 0.0000 0.0000 0.0000 0.0000 0.0000 0.0000 0.0000 0.0000 0.0000 0.0000 0.0000 0.2650 0.0020 0.0000 0.0000 0.0000 0.0613 0.0321 0.3554 0.0192 0.0000 0.0000 0.0000 0.0000 0.0000 0.0000 0.0000 0.0000 0.0015 0.0028 0.0000 0.0190 0.0202 0.0313 0.2614 0.0913 0.1639 0.2728 0.1628 0.3100 0.2809 0.3104 0.3934 0.2866 0.1559 0.2263 0.2555 0.0228 0.0052 0.0000 0.0000 0.0004 0.0000 0.0000 0.0000 0.0000 0.0000 0.0004 0.0000 0.0000
0.0003 0.0000 0.0000 0.0000 0.0000 0.0000 0.0000 0.0000 0.0000 0.0000 0.0000 0.0000 0.0000 0.0000 0.0008 0.0000 0.0000 0.0000 0.0000 0.0001 0.0000 0.0000 0.0000 0.0000 0.0000 0.0000 0.0000 0.0000 0.0000 0.0001 0.0002 0.0000 0.0000 0.0000 0.0000 0.0000 0.0000 0.0000 0.0000 0.0000 0.0000 0.0000 0.1809 0.0000 0.0000 0.0000 0.0000 0.0000 0.0000 0.0000 0.0045 0.0050 0.0000 0.0000 0.0264 0.0000 0.0122 0.1539 0.0000 0.0000 0.0000 0.0000 0.0009 0.1426
0.0000 0.0000 0.0000 0.0000 0.0000 0.0000 0.0000 0.0000 0.0000 0.0000 0.0000 0.0000 0.0000 0.0000 0.0000 0.0000 0.0000 0.0000 0.0000 0.0000 0.0000 0.0000 0.0000 0.0000 0.0000 0.0000 0.0000 0.0000 0.0000 0.0000 0.0000 0.0000 0.0000 0.0000 0.0000 0.0000 0.0000 0.0000 0.0000 0.0000 0.0000 0.0000 0.0000 0.0000 0.0000 0.0000 0.0000 0.0000 0.0000 0.0000 0.0000 0.0000 0.0000 0.0000 0.0000 0.0000 0.0000 0.0000 0.0000 0.0000 0.0000 0.0000 0.0000 0.0000
0.0000 0.0000 0.0000 0.0000 0.0000 0.0000 0.0000 0.0000 0.0000 0.0011 0.0009 0.0000 0.0000 0.0002 0.0000 0.0000 0.0000 0.0000 0.0000 0.0000 0.0000 0.0000 0.0000 0.0004 0.0000 0.0000 0.0000 0.0000 0.0000 0.0000 0.0000 0.0000 0.0000 0.0000 0.0000 0.0000 0.0000 0.0000 0.0000 0.0000 0.0000 0.0000 0.0000 0.0000 0.0000 0.0000 0.0000 0.0000 0.0000 0.0000 0.0000 0.0000 0.0000 0.0016 0.0000 0.0000 0.0000 0.0000 0.0000 0.0000 0.0000 0.0000 0.0000 0.0000
0.0000 0.0000 0.0000 0.0000 0.0000 0.0000 0.0000 0.0000 0.0000 0.0000 0.0000 0.0000 0.0000 0.0000 0.0000 0.0000 0.0000 0.0000 0.0000 0.0000 0.0000 0.0000 0.0000 0.0000 0.0000 0.0000 0.0000 0.0000 0.0000 0.0000 0.0000 0.0000 0.0000 0.0000 0.0000 0.0000 0.0000 0.0000 0.0000 0.0000 0.0000 0.0000 0.0000 0.0000 0.0000 0.0000 0.0000 0.0000 0.0000 0.0000 0.0000 0.0000 0.0000 0.0000 0.0000 0.0000 0.0000 0.0000 0.0000 0.0000 0.0000 0.0000 0.0000 0.0000
0.0681 0.0432 0.0696 0.0310 0.1451 0.0807 0.0020 0.0793 0.0000 0.0000 0.0000 0.0001 0.0000 0.0000 0.0000 0.0005 0.0000 0.0000 0.0000 0.0000 0.0000 0.0000 0.0000 0.0006 0.0000 0.0000 0.0000 0.0000 0.0000 0.0068 0.0706 0.0314 0.0374 0.0002 0.0000 0.1205 0.0902 0.1393 0.0292 0.0000 0.0000 0.0000 0.0000 0.0000 0.0000 0.0000 0.0000 0.0000 0.0000 0.0071 0.0005 0.0000 0.0002 0.0000 0.0002 0.0003 0.0000 0.0000 0.0000 0.0000 0.0000 0.0002 0.0003 0.0001
0.0004 0.0002 0.0007 0.0016 0.0000 0.0013 0.0090 0.0015 0.0000 0.0000 0.0000 0.0000 0.0000 0.0000 0.0000 0.0000 0.0000 0.0000 0.0000 0.0006 0.0196 0.0002 0.0072 0.0000 0.0028 0.0127 0.0000 0.0000 0.0000 0.0000 0.0000 0.0000 0.0000 0.0000 0.0000 0.0000 0.0001 0.0000 0.0000 0.0000 0.0000 0.0000 0.0000 0.0000 0.0000 0.0000 0.0000 0.0000 0.0000 0.0000 0.0000 0.0000 0.0000 0.0000 0.0000 0.0000 0.0000 0.0000 0.0000 0.0000 0.0000 0.0001 0.0000 0.0000
0.0000 0.0000 0.0000 0.0000 0.0000 0.0000 0.0000 0.0000 0.0000 0.0000 0.0000 0.0000 0.0000 0.0000 0.0000 0.0000 0.0000 0.0000 0.0000 0.0000 0.0000 0.0000 0.0000 0.0000 0.0000 0.0000 0.0000 0.0000 0.0000 0.0000 0.0000 0.0000 0.0000 0.0000 0.0000 0.0000 0.0000 0.0000 0.0000 0.0000 0.0000 0.0000 0.0000 0.0000 0.0000 0.0000 0.0000 0.0000 0.0000 0.0000 0.0000 0.0000 0.0000 0.0000 0.0000 0.0000 0.0001 0.0000 0.0000 0.0000 0.0000 0.0000 0.0000 0.0000
0.0000 0.0000 0.0000 0.0000 0.0000 0.0000 0.0000 0.0008 0.0000 0.0000 0.0000 0.0000 0.0000 0.0000 0.0000 0.0000 0.0000 0.0000 0.0000 0.0000 0.0000 0.0000 0.0000 0.0000 0.0000 0.0000 0.0000 0.0000 0.0000 0.0000 0.0000 0.0000 0.0000 0.0000 0.0000 0.0000 0.0000 0.0000 0.0000 0.0001 0.0000 0.0000 0.0001 0.0000 0.0000 0.0000 0.0000 0.0000 0.0000 0.0042 0.0146 0.0864 0.0343 0.0121 0.0000 0.0017 0.0100 0.0099 0.0100 0.0054 0.0043 0.0141 0.0214 0.0060
0.0000 0.0000 0.0000 0.0000 0.0000 0.0000 0.0000 0.0000 0.0000 0.0000 0.0000 0.0000 0.0000 0.0000 0.0000 0.0000 0.0000 0.0000 0.0000 0.0000 0.0000 0.0000 0.0000 0.0000 0.0000 0.0000 0.0000 0.0000 0.0000 0.0000 0.0000 0.0000 0.0000 0.0000 0.0000 0.0000 0.0000 0.0000 0.0001 0.0000 0.0000 0.0000 0.0000 0.0000 0.0000 0.0000 0.0000 0.0000 0.0000 0.0000 0.0000 0.0000 0.0000 0.0000 0.0000 0.0000 0.0000 0.0000 0.0000 0.0000 0.0000 0.0000 0.0000 0.0000
0.0004 0.0003 0.0000 0.0026 0.0009 0.0011 0.0008 0.0010 0.0013 0.0010 0.0012 0.0012 0.0016 0.0006 0.0008 0.0017 0.0007 0.0009 0.0004 0.0007 0.0009 0.0010 0.0006 0.0018 0.0006 0.0011 0.0006 0.0019 0.0000 0.0000 0.0000 0.0000 0.0000 0.0000 0.0000 0.0000 0.0000 0.0000 0.0000 0.0000 0.0000 0.0000 0.0000 0.0000 0.0000 0.0000 0.0000 0.0000 0.0000 0.0000 0.0000 0.0000 0.0000 0.0000 0.0000 0.0000 0.0000 0.0000 0.0000 0.0000 0.0000 0.0000 0.0000 0.0000
0.0000 0.0001 0.0001 0.0014 0.0000 0.0000 0.0000 0.0000 0.0000 0.0000 0.0000 0.0000 0.0000 0.0000 0.0000 0.0000 0.0000 0.0000 0.0000 0.0005 0.0000 0.0000 0.0040 0.0001 0.0000 0.0000 0.0000 0.0000 0.0000 0.0001 0.0002 0.0006 0.0005 0.0000 0.0000 0.0000 0.0000 0.0000 0.0000 0.0000 0.0000 0.0000 0.0000 0.0000 0.0000 0.0000 0.0000 0.0000 0.0000 0.0000 0.0000 0.0212 0.0000 0.0000 0.0000 0.0000 0.0000 0.0000 0.0000 0.0000 0.0000 0.0000 0.0000 0.0000
0.0000 0.0000 0.0000 0.0000 0.0000 0.0000 0.0000 0.0000 0.0000 0.0000 0.0000 0.0000 0.0000 0.0000 0.0000 0.0001 0.0000 0.0000 0.0000 0.0000 0.0000 0.0000 0.0000 0.0000 0.0000 0.0000 0.0000 0.0000 0.0000 0.0000 0.0000 0.0000 0.0000 0.0000 0.0000 0.0000 0.0000 0.0000 0.0000 0.0000 0.0000 0.0000 0.0000 0.0000 0.0000 0.0000 0.0000 0.0000 0.0000 0.0000 0.0000 0.0000 0.0000 0.0000 0.0000 0.0000 0.0000 0.0000 0.0000 0.0000 0.0000 0.0000 0.0000 0.0000
0.0000 0.0000 0.0000 0.0000 0.0000 0.0000 0.0000 0.0000 0.0005 0.0004 0.0000 0.0000 0.0000 0.0000 0.0000 0.0000 0.0000 0.0000 0.0000 0.0000 0.0000 0.0572 0.2883 0.4324 0.3188 0.3722 0.4511 0.4875 0.0691 0.3362 0.0000 0.4363 0.4575 0.7052 0.7104 0.7168 0.7563 0.7588 0.4506 0.5851 0.4591 0.0635 0.0000 0.0000 0.0001 0.0007 0.0229 0.1903 0.0637 0.0399 0.0389 0.1055 0.0001 0.0000 0.0000 0.0003 0.0003 0.0009 0.0004 0.0000 0.0000 0.0069 0.0080 0.0000
0.0000 0.0000 0.0000 0.0000 0.0000 0.0000 0.0000 0.0000 0.0000 0.0000 0.0000 0.0000 0.0000 0.0000 0.0000 0.0000 0.0000 0.0000 0.0000 0.0000 0.0000 0.0000 0.0000 0.0000 0.0000 0.0000 0.0000 0.0000 0.0000 0.0000 0.0000 0.0000 0.0000 0.0000 0.0000 0.0000 0.0000 0.0000 0.0000 0.0000 0.0000 0.0000 0.0000 0.0000 0.0000 0.0016 0.0000 0.0000 0.0000 0.0000 0.0000 0.0000 0.0001 0.0005 0.0000 0.0000 0.0000 0.0000 0.0000 0.0000 0.0000 0.0000 0.0000 0.0000
