0.0657 0.0045 0.0153 0.0015 0.0000 0.0000 0.0000 0.0000 0.0000 0.0000 0.0000 0.0000 0.0000 0.0000 0.0000 0.0000 0.0000 0.0000 0.0000 0.0000 0.0000 0.0000 0.0000 0.0000 0.0000 0.0000 0.0000 0.0000 0.0000 0.0000 0.0000 0.0000 0.0122 0.0152 0.0250 0.0000 0.0000 0.0000 0.0000 0.0000 0.0000 0.0001 0.0000 0.0000 0.0000 0.0019 0.0037 0.0039 0.0002 0.0022 0.0286 0.0021 0.0465 0.0018 0.0045 0.0001 0.0001 0.0001 0.0003 0.0002 0.0007 0.0002 0.0000 0.0000
0.0000 0.0000 0.0000 0.0000 0.0000 0.0000 0.0000 0.0000 0.0000 0.0000 0.0001 0.0000 0.0000 0.0000 0.0000 0.0000 0.0000 0.0000 0.0000 0.0000 0.0120 0.0000 0.0000 0.0103 0.0000 0.0000 0.0000 0.0001 0.0006 0.0003 0.0008 0.0012 0.0001 0.0002 0.0000 0.0000 0.0000 0.0156 0.0403 0.0007 0.0009 0.0006 0.0001 0.0007 0.0005 0.0002 0.0000 0.0000 0.0211 0.0000 0.0011 0.0004 0.0000 0.0000 0.0000 0.0000 0.0000 0.0190 0.0015 0.0000 0.0000 0.0000 0.0005 0.0005
0.0000 0.0000 0.0000 0.0000 0.0000 0.0000 0.0000 0.0000 0.0000 0.0000 0.0000 0.0000 0.0000 0.0320 0.0000 0.0000 0.0000 0.0000 0.0000 0.0000 0.0004 0.0000 0.0060 0.0000 0.0110 0.0053 0.0000 0.0000 0.0104 0.0002 0.0000 0.0567 0.0000 0.0000 0.0000 0.0001 0.0001 0.0000 0.0245 0.1252 0.1747 0.3919 0.5309 0.2671 0.2542 0.2512 0.2452 0.2156 0.1912 0.2287 0.0265 0.0176 0.0012 0.0003 0.0000 0.0000 0.0000 0.0000 0.0000 0.0000 0.0000 0.0000 0.0000 0.0000
0.0000 0.0000 0.0000 0.0000 0.0000 0.0005 0.0000 0.0000 0.0000 0.0000 0.0000 0.0000 0.0000 0.0000 0.0000 0.0000 0.0000 0.0000 0.0000 0.0000 0.0000 0.0000 0.0000 0.0000 0.0000 0.0000 0.0000 0.0000 0.0000 0.0000 0.0000 0.0000 0.0000 0.0000 0.0000 0.0000 0.0000 0.0000 0.0000 0.0000 0.0000 0.0000 0.0000 0.0000 0.0000 0.0000 0.0000 0.0000 0.0000 0.0000 0.0000 0.0000 0.0000 0.0000 0.0000 0.0000 0.0000 0.0000 0.0000 0.0000 0.0000 0.0000 0.0000 0.0000
0.0562 0.1842 0.0320 0.0787 0.0133 0.1578 0.0231 0.0191 0.0249 0.0199 0.0029 0.0000 0.0008 0.0016 0.0000 0.0000 0.0014 0.0001 0.0000 0.0000 0.0000 0.0000 0.0000 0.0000 0.0006 0.0010 0.0001 0.0001 0.0002 0.0001 0.0002 0.0131 0.0000 0.0000 0.0240 0.0146 0.0155 0.0158 0.0132 0.0121 0.0293 0.0278 0.0955 0.1705 0.1870 0.1253 0.2039 0.0568 0.0000 0.0000 0.0005 0.0000 0.0000 0.0000 0.0022 0.0000 0.0000 0.0000 0.0000 0.0000 0.0000 0.0000 0.0000 0.0556
0.6871 0.5314 0.6118 0.3590 0.0828 0.3852 0.2597 0.1608 0.2129 0.2311 0.3350 0.0757 0.0033 0.1911 0.2257 0.0739 0.0194 0.0006 0.0019 0.0014 0.0017 0.0107 0.0000 0.0032 0.0005 0.0009 0.0011 0.0008 0.1446 0.0000 0.1925 0.0004 0.0012 0.0006 0.0001 0.0005 0.0004 0.0003 0.0009 0.0067 0.0000 0.0000 0.0000 0.0000 0.0000 0.0000 0.0000 0.0000 0.0000 0.0000 0.0000 0.0000 0.0000 0.0000 0.0000 0.0000 0.0000 0.0000 0.0000 0.0000 0.0000 0.0000 0.0000 0.0000
0.0000 0.0000 0.0000 0.0003 0.4455 0.1218 0.2043 0.0461 0.0000 0.0000 0.0000 0.4690 0.5972 0.0247 0.0000 0.0000 0.0000 0.0000 0.0000 0.0000 0.0000 0.0060 0.0001 0.0000 0.0058 0.0054 0.0002 0.0001 0.0000 0.0000 0.0705 0.0003 0.0000 0.0001 0.0000 0.0000 0.0000 0.0000 0.0000 0.0014 0.0056 0.0552 0.0230 0.0164 0.0017 0.0000 0.0000 0.0001 0.0000 0.0003 0.0000 0.0000 0.0001 0.0024 0.0112 0.0064 0.0165 0.0096 0.0047 0.0100 0.0160 0.0238 0.0101 0.0128
0.0000 0.0000 0.0000 0.0001 0.0000 0.0000 0.0000 0.0332 0.0000 0.0000 0.0000 0.0000 0.0000 0.0001 0.0000 0.0001 0.0000 0.0000 0.0003 0.0085 0.0316 0.0005 0.0000 0.0000 0.0000 0.0000 0.0000 0.0000 0.0000 0.0000 0.0000 0.0000 0.0000 0.0000 0.0000 0.0000 0.0000 0.0000 0.0000 0.0000 0.0000 0.0000 0.0000 0.0000 0.0000 0.0000 0.0000 0.0000 0.0000 0.0000 0.0106 0.0000 0.0040 0.0076 0.0117 0.0070 0.0075 0.0000 0.0000 0.0000 0.0000 0.0000 0.0000 0.0000
0.0000 0.0000 0.0000 0.0000 0.0000 0.0000 0.0000 0.0000 0.0000 0.0000 0.0393 0.0489 0.1155 0.0729 0.0000 0.0000 0.0000 0.0000 0.0000 0.0000 0.0000 0.0000 0.0000 0.0000 0.0000 0.0000 0.0000 0.0000 0.0000 0.0000 0.0000 0.0000 0.0000 0.0000 0.0001 0.0000 0.0000 0.0000 0.0000 0.0000 0.0000 0.0000 0.0000 0.0000 0.0000 0.0000 0.0000 0.0000 0.0000 0.0000 0.0000 0.0000 0.0000 0.0080 0.0394 0.0000 0.0055 0.0000 0.0000 0.0001 0.0000 0.0000 0.0000 0.0000
0.0000 0.0000 0.0000 0.0000 0.0000 0.0000 0.0000 0.0000 0.0000 0.0000 0.0000 0.0000 0.0000 0.0000 0.0996 0.0000 0.0128 0.0000 0.0000 0.0000 0.0028 0.0000 0.0000 0.0270 0.0000 0.0047 0.0191 0.0114 0.0446 0.0434 0.0293 0.0193 0.0485 0.0176 0.0193 0.0057 0.0008 0.0019 0.0008 0.0000 0.0000 0.0006 0.0002 0.0018 0.0019 0.0053 0.0088 0.0177 0.0039 0.0047 0.0101 0.0053 0.0046 0.0017 0.0026 0.0048 0.0031 0.0010 0.0036 0.0009 0.0018 0.0011 0.0001 0.0008
0.0000 0.0000 0.0000 0.0000 0.0000 0.0000 0.0000 0.0000 0.0000 0.0000 0.0000 0.0000 0.0000 0.0000 0.0000 0.0000 0.0000 0.0000 0.0000 0.0000 0.0000 0.0000 0.0000 0.0000 0.0000 0.0000 0.0000 0.0000 0.0000 0.0000 0.0000 0.0000 0.0000 0.0000 0.0000 0.0000 0.0000 0.0000 0.0000 0.0000 0.0000 0.0000 0.0000 0.0000 0.0000 0.0000 0.0000 0.0000 0.0000 0.0000 0.0000 0.0000 0.0000 0.0000 0.0000 0.0000 0.0000 0.0000 0.0000 0.0000 0.0000 0.0000 0.0000 0.0000
0.0005 0.0003 0.0008 0.0010 0.0006 0.0052 0.0042 0.0148 0.0307 0.0790 0.1130 0.2349 0.1786 0.6076 0.4313 0.8536 0.8122 0.5093 0.1696 0.0527 0.5088 0.2949 0.2270 0.0285 0.0224 0.0824 0.0972 0.0407 0.0070 0.0069 0.0014 0.0009 0.0020 0.0000 0.0035 0.0001 0.0002 0.0005 0.0046 0.0000 0.0000 0.0000 0.0000 0.0039 0.0008 0.0000 0.0000 0.0000 0.0004 0.0000 0.0000 0.0000 0.0000 0.0000 0.0000 0.0000 0.0000 0.0000 0.0000 0.0000 0.0000 0.0000 0.0012 0.0017
0.0000 0.0000 0.0000 0.0000 0.0000 0.0003 0.0000 0.0000 0.0000 0.0000 0.0000 0.0000 0.0000 0.0000 0.0000 0.0014 0.0000 0.0000 0.0000 0.0000 0.0000 0.0000 0.0374 0.1241 0.0088 0.1361 0.0000 0.0000 0.0000 0.0000 0.0000 0.0000 0.0000 0.0000 0.0000 0.0000 0.0000 0.0003 0.0003 0.0002 0.0001 0.0005 0.0002 0.0001 0.0000 0.0000 0.0000 0.0000 0.0000 0.0000 0.0000 0.0000 0.0000 0.0221 0.0177 0.0170 0.0011 0.0034 0.0000 0.0000 0.0000 0.0000 0.0000 0.0000
0.0000 0.0170 0.0000 0.0000 0.0000 0.0000 0.0000 0.0000 0.1275 0.0547 0.0000 0.0042 0.0001 0.0001 0.0955 0.0214 0.0000 0.0000 0.0000 0.0000 0.0009 0.0080 0.0046 0.0688 0.0000 0.0000 0.0000 0.0000 0.0000 0.0000 0.0000 0.0000 0.0000 0.0000 0.0000 0.0000 0.0000 0.0000 0.0000 0.0000 0.0000 0.0000 0.0000 0.0000 0.0000 0.0000 0.0000 0.0000 0.0000 0.0000 0.0000 0.0001 0.0000 0.0000 0.0000 0.0000 0.0000 0.0000 0.0001 0.0000 0.0000 0.0006 0.0004 0.0018
0.0000 0.0000 0.0000 0.0000 0.0000 0.0000 0.0000 0.0000 0.0000 0.0000 0.0000 0.0000 0.0000 0.0000 0.0000 0.0000 0.0000 0.0000 0.0000 0.0000 0.0000 0.0000 0.0000 0.0000 0.0000 0.0000 0.0001 0.0002 0.0000 0.0000 0.0000 0.0000 0.0000 0.0000 0.0000 0.0000 0.0000 0.0000 0.0000 0.0000 0.0000 0.0000 0.0000 0.0000 0.0000 0.0000 0.0000 0.0000 0.0172 0.0037 0.0002 0.0004 0.0009 0.0000 0.0000 0.0040 0.0030 0.0000 0.0024 0.0054 0.0001 0.0001 0.0001 0.0004
0.0000 0.0000 0.0000 0.0000 0.0000 0.0000 0.0000 0.0000 0.0000 0.0000 0.0000 0.0000 0.0000 0.0000 0.0000 0.0000 0.0000 0.0000 0.0000 0.0000 0.0000 0.0000 0.0000 0.0000 0.0000 0.0000 0.0000 0.0019 0.0045 0.0000 0.0000 0.0000 0.0000 0.0000 0.0000 0.0000 0.0000 0.0000 0.0000 0.0000 0.0025 0.0020 0.0117 0.0005 0.0007 0.0021 0.0033 0.0091 0.0033 0.0001 0.0000 0.0000 0.0000 0.0000 0.0000 0.0000 0.0000 0.0000 0.0005 0.0000 0.0000 0.0000 0.0000 0.0000
0.0000 0.0000 0.0001 0.0002 0.0001 0.0004 0.0002 0.0007 0.0005 0.0005 0.0035 0.0756 0.0006 0.0002 0.0001 0.0000 0.0002 0.0002 0.0001 0.0004 0.0016 0.0041 0.0018 0.0003 0.0002 0.0000 0.0000 0.0000 0.0000 0.0000 0.0000 0.0000 0.0000 0.0000 0.0000 0.0000 0.0000 0.0000 0.0000 0.0000 0.0000 0.0000 0.0000 0.0000 0.0003 0.0047 0.0029 0.0008 0.0014 0.0037 0.0047 0.0003 0.0348 0.0641 0.0000 0.0000 0.0000 0.0003 0.0001 0.0001 0.0000 0.0000 0.0000 0.0000
0.0000 0.0946 0.0071 0.0081 0.0040 0.0168 0.0054 0.0040 0.0030 0.0032 0.0034 0.0040 0.0114 0.0026 0.0324 0.0003 0.0000 0.0000 0.0002 0.0000 0.0001 0.0000 0.0000 0.0000 0.0000 0.0000 0.0000 0.0000 0.0000 0.0000 0.0000 0.0000 0.0000 0.0000 0.0000 0.0088 0.0081 0.0000 0.0000 0.0000 0.0000 0.0000 0.0000 0.0000 0.0000 0.0002 0.0000 0.0000 0.0000 0.0000 0.0000 0.0000 0.0000 0.0000 0.0000 0.0000 0.0000 0.0000 0.0000 0.0000 0.0000 0.0000 0.0000 0.0000
0.0000 0.0000 0.0000 0.0009 0.0011 0.0106 0.0043 0.0036 0.0008 0.0000 0.0009 0.0000 0.0067 0.0079 0.0097 0.0030 0.0041 0.0010 0.0016 0.0000 0.0000 0.0000 0.0042 0.0000 0.0000 0.0000 0.0000 0.0000 0.0000 0.0000 0.0000 0.0000 0.0000 0.0000 0.0000 0.0000 0.0000 0.0000 0.0000 0.0000 0.0000 0.0038 0.0028 0.0000 0.0000 0.0000 0.0000 0.0000 0.0000 0.0000 0.0000 0.0000 0.0004 0.0000 0.0000 0.0000 0.0000 0.0001 0.0000 0.0000 0.0000 0.0000 0.0000 0.0000
0.0000 0.0000 0.0000 0.0000 0.0000 0.0000 0.0000 0.0000 0.0000 0.0000 0.0000 0.0000 0.0000 0.0000 0.0000 0.0000 0.0000 0.0000 0.0000 0.0683 0.1348 0.0431 0.0029 0.0000 0.0000 0.0000 0.0000 0.0000 0.0000 0.0000 0.0000 0.0000 0.0000 0.0000 0.0000 0.0065 0.0128 0.0210 0.0101 0.0111 0.0043 0.0032 0.0013 0.0173 0.0109 0.0166 0.0005 0.0000 0.0000 0.0000 0.0000 0.0042 0.0000 0.0000 0.0000 0.0000 0.0000 0.1233 0.2180 0.2892 0.2981 0.2438 0.2399 0.1236
0.0852 0.0978 0.1558 0.4604 0.1005 0.0001 0.0000 0.0000 0.0000 0.0000 0.0000 0.0000 0.0000 0.0000 0.0000 0.0000 0.0000 0.0000 0.0000 0.0029 0.0000 0.0000 0.0000 0.0000 0.0000 0.0000 0.0000 0.0000 0.0009 0.0007 0.0029 0.0019 0.0000 0.0000 0.0000 0.0000 0.0000 0.0000 0.0000 0.0000 0.0000 0.0000 0.0000 0.0000 0.0000 0.0000 0.0000 0.0000 0.0000 0.0000 0.0000 0.0000 0.0000 0.0002 0.0000 0.0000 0.0021 0.0004 0.0001 0.0000 0.0000 0.0000 0.0002 0.0049
0.0000 0.0000 0.0000 0.0000 0.0000 0.0000 0.0000 0.0601 0.0000 0.0000 0.0000 0.0000 0.0000 0.0000 0.0069 0.0000 0.0000 0.0000 0.0000 0.0000 0.0000 0.0000 0.0000 0.0000 0.0000 0.0000 0.0000 0.0000 0.0000 0.0000 0.0000 0.0000 0.0000 0.0000 0.0000 0.0000 0.0000 0.0000 0.0000 0.0000 0.0000 0.0000 0.0000 0.0000 0.0000 0.0000 0.0000 0.0000 0.0000 0.0000 0.0001 0.0001 0.0001 0.0001 0.0001 0.0000 0.0000 0.0000 0.0000 0.0000 0.0000 0.0001 0.0000 0.0000
0.0000 0.0000 0.0000 0.0000 0.0000 0.0296 0.2667 0.1606 0.0000 0.0000 0.0000 0.0000 0.0000 0.0000 0.0000 0.0000 0.0530 0.0080 0.0104 0.0427 0.0288 0.1413 0.0000 0.0079 0.0000 0.0000 0.0000 0.0039 0.0000 0.0077 0.3184 0.0960 0.1025 0.0026 0.0020 0.0003 0.0000 0.0083 0.0092 0.0000 0.0015 0.0000 0.0000 0.0000 0.0000 0.0000 0.0000 0.0000 0.0000 0.0000 0.0000 0.0020 0.0004 0.0001 0.0000 0.0000 0.0000 0.0026 0.0000 0.0000 0.0000 0.0000 0.0000 0.0000
0.0000 0.0000 0.0000 0.0000 0.0000 0.0000 0.0000 0.0000 0.0000 0.0000 0.0000 0.0000 0.0000 0.0000 0.0000 0.0000 0.0000 0.0000 0.0000 0.0000 0.0000 0.0000 0.0000 0.0000 0.0000 0.0000 0.0000 0.0000 0.0000 0.0000 0.0000 0.0001 0.0000 0.0001 0.0001 0.0001 0.0001 0.0001 0.0000 0.0000 0.0032 0.0000 0.0000 0.0000 0.0000 0.0001 0.0000 0.0000 0.0000 0.0000 0.0000 0.0000 0.0000 0.0000 0.0000 0.0000 0.0010 0.0006 0.0000 0.0000 0.0000 0.0000 0.0000 0.0000
0.0002 0.0007 0.0079 0.0336 0.0366 0.0714 0.0166 0.0204 0.0224 0.0070 0.0240 0.0135 0.0060 0.0041 0.0084 0.0024 0.0137 0.0029 0.0142 0.0040 0.0043 0.0329 0.0000 0.0001 0.0000 0.0000 0.0029 0.0098 0.0061 0.0056 0.0012 0.0040 0.0002 0.0049 0.0938 0.0922 0.0765 0.0585 0.0424 0.0001 0.0000 0.0000 0.0000 0.0000 0.0000 0.0000 0.0000 0.0000 0.0069 0.0000 0.0000 0.0018 0.0004 0.0004 0.0000 0.0000 0.0000 0.0485 0.0340 0.0625 0.0642 0.0577 0.0194 0.0104
0.0000 0.0000 0.0000 0.0000 0.0000 0.0000 0.0000 0.0000 0.0000 0.0000 0.0000 0.0000 0.0000 0.0000 0.0000 0.0000 0.0000 0.0000 0.0000 0.0000 0.0000 0.0000 0.0000 0.0005 0.0001 0.0001 0.0024 0.0002 0.0007 0.0004 0.0001 0.0004 0.0000 0.0000 0.0000 0.0000 0.0000 0.0000 0.0000 0.0000 0.0000 0.0000 0.0000 0.0000 0.0000 0.0000 0.0000 0.0000 0.0000 0.0000 0.0810 0.0000 0.0000 0.0000 0.0000 0.0000 0.0000 0.0000 0.0000 0.0000 0.0000 0.0000 0.0000 0.0000
0.0000 0.0000 0.0000 0.0000 0.0000 0.0000 0.0000 0.0000 0.0000 0.0000 0.0000 0.0000 0.0000 0.0000 0.0000 0.0000 0.0000 0.0000 0.0000 0.0000 0.0000 0.0000 0.0000 0.0000 0.0000 0.0000 0.0000 0.0054 0.0068 0.0000 0.0000 0.0651 0.0000 0.0000 0.0000 0.0000 0.0000 0.0000 0.0000 0.0049 0.0081 0.0000 0.0014 0.0014 0.0000 0.0000 0.0000 0.0000 0.0000 0.0000 0.0000 0.0000 0.0000 0.0000 0.0000 0.0000 0.0016 0.0000 0.0000 0.0000 0.0000 0.0003 0.0001 0.0050
0.0000 0.0000 0.0000 0.0000 0.0000 0.0000 0.0000 0.0000 0.0000 0.0000 0.0618 0.0082 0.0423 0.0000 0.0000 0.0000 0.0000 0.0000 0.0000 0.0000 0.0000 0.0000 0.0000 0.0000 0.0000 0.0000 0.0000 0.0000 0.0000 0.0000 0.0001 0.0000 0.0000 0.0001 0.0000 0.0000 0.0000 0.0000 0.0000 0.0000 0.0123 0.0000 0.0001 0.0000 0.0000 0.0000 0.0023 0.0010 0.0019 0.0044 0.0000 0.0000 0.0000 0.0076 0.0000 0.0138 0.1004 0.0239 0.0170 0.0002 0.0000 0.0000 0.0000 0.0000
0.0000 0.0000 0.0000 0.0000 0.0001 0.0000 0.0000 0.0000 0.0000 0.0000 0.0000 0.0000 0.0000 0.0000 0.0000 0.0000 0.0000 0.0000 0.0000 0.0000 0.0000 0.0000 0.0000 0.0000 0.0000 0.0000 0.0000 0.0000 0.0000 0.0002 0.0000 0.0000 0.0000 0.0000 0.0000 0.0000 0.0000 0.0000 0.0000 0.0000 0.0000 0.0000 0.0000 0.0000 0.0000 0.0000 0.0000 0.0000 0.0000 0.0000 0.0000 0.0000 0.0000 0.0000 0.0000 0.0000 0.0033 0.0000 0.0000 0.0000 0.0000 0.0000 0.0000 0.0000
0.0000 0.0000 0.0000 0.0000 0.0000 0.0000 0.1909 0.3138 0.3201 0.3170 0.1014 0.0239 0.0059 0.0051 0.0124 0.0000 0.0361 0.0021 0.0000 0.0000 0.0000 0.0000 0.0000 0.0408 0.0000 0.0005 0.0000 0.0000 0.0000 0.0000 0.0000 0.0000 0.0000 0.0000 0.0000 0.0000 0.0000 0.0000 0.0000 0.0000 0.0000 0.0000 0.0036 0.0006 0.0016 0.0025 0.0068 0.0111 0.0429 0.0054 0.0000 0.0000 0.0000 0.0000 0.0000 0.0000 0.0000 0.0000 0.0000 0.0000 0.0000 0.0000 0.0002 0.0002
0.0000 0.0000 0.0000 0.0000 0.0000 0.0000 0.0000 0.0000 0.0615 0.0000 0.0000 0.0000 0.0000 0.0000 0.0000 0.0000 0.0000 0.0000 0.0000 0.0000 0.0000 0.0099 0.0060 0.0000 0.0000 0.0000 0.0000 0.0000 0.0001 0.0002 0.0004 0.0003 0.0000 0.0016 0.0000 0.0000 0.0000 0.0000 0.0000 0.0000 0.0000 0.0000 0.0001 0.0000 0.0000 0.0000 0.0000 0.0000 0.0000 0.0000 0.0000 0.0000 0.0000 0.0000 0.0000 0.0000 0.0000 0.0000 0.0000 0.0000 0.0000 0.0000 0.0000 0.0000
0.0000 0.0000 0.0000 0.0000 0.0000 0.0000 0.0001 0.0000 0.0000 0.0000 0.0000 0.0000 0.0000 0.0000 0.0000 0.0000 0.0000 0.0000 0.0000 0.0000 0.0000 0.0000 0.0002 0.0000 0.0000 0.0000 0.0000 0.0000 0.0000 0.0000 0.0000 0.0000 0.0000 0.0000 0.0000 0.0000 0.0000 0.0000 0.0021 0.0000 0.0000 0.0000 0.0000 0.0000 0.0000 0.0000 0.0157 0.0032 0.0150 0.2755 0.1259 0.0114 0.0000 0.0000 0.0000 0.0000 0.0000 0.0000 0.0000 0.0000 0.0000 0.0000 0.0000 0.0000
0.0001 0.0000 0.0000 0.0000 0.0000 0.0000 0.0000 0.0000 0.0000 0.0000 0.0000 0.0000 0.0000 0.0000 0.0192 0.0000 0.0000 0.0000 0.2066 0.2195 0.0078 0.0046 0.1310 0.0567 0.1425 0.1546 0.3210 0.1383 0.2658 0.1748 0.0000 0.0000 0.0000 0.0297 0.0000 0.0000 0.0191 0.0264 0.0188 0.0005 0.0135 0.0022 0.0009 0.0054 0.0001 0.0019 0.0014 0.0004 0.0003 0.0005 0.0455 0.0752 0.0977 0.3360 0.2884 0.5814 0.2751 0.0768 0.0004 0.0076 0.0032 0.0531 0.0232 0.0974
0.0000 0.0000 0.0000 0.0000 0.0000 0.0000 0.0000 0.0000 0.0000 0.0000 0.0000 0.0000 0.0000 0.0000 0.0000 0.0000 0.0000 0.0000 0.0000 0.0000 0.0000 0.0000 0.0000 0.0000 0.0000 0.0000 0.0000 0.0000 0.0000 0.0000 0.0000 0.0000 0.0000 0.0000 0.0000 0.0000 0.0000 0.0002 0.0002 0.0000 0.0000 0.0000 0.0000 0.0000 0.0000 0.0000 0.0000 0.0000 0.0000 0.0000 0.0000 0.0000 0.0000 0.0000 0.0000 0.0000 0.0000 0.0000 0.0000 0.0000 0.0000 0.0000 0.0000 0.0136
0.0204 0.0192 0.0000 0.0030 0.0196 0.1021 0.0072 0.0000 0.0002 0.0000 0.0000 0.0000 0.0000 0.0000 0.0000 0.0008 0.0018 0.0585 0.0800 0.0000 0.0438 0.0655 0.0000 0.0000 0.0000 0.0000 0.0000 0.0000 0.0538 0.0029 0.0034 0.0011 0.0003 0.0002 0.0003 0.0042 0.0000 0.0000 0.0000 0.0000 0.0000 0.0002 0.0000 0.0000 0.0000 0.0000 0.0000 0.0000 0.0000 0.0003 0.0008 0.0023 0.0000 0.0007 0.0001 0.0002 0.0000 0.0194 0.0000 0.0000 0.0000 0.0124 0.0045 0.0000
0.0000 0.0000 0.0318 0.0119 0.0000 0.0202 0.0055 0.0058 0.0084 0.0226 0.0086 0.0001 0.0000 0.0035 0.0226 0.0005 0.0178 0.4071 0.4707 0.4163 0.1086 0.0286 0.0012 0.0015 0.0009 0.0002 0.0001 0.0004 0.0016 0.0001 0.0003 0.0000 0.0000 0.0000 0.0067 0.0000 0.0001 0.0001 0.0001 0.0000 0.0000 0.0000 0.0282 0.0184 0.0036 0.0135 0.0068 0.0011 0.0027 0.0014 0.0002 0.0000 0.0064 0.0000 0.0000 0.0000 0.0000 0.0000 0.0000 0.0000 0.0000 0.0003 0.0000 0.0000
0.0000 0.0000 0.0000 0.0000 0.0000 0.0000 0.0000 0.0000 0.0133 0.0288 0.0272 0.0000 0.0000 0.0000 0.0000 0.0000 0.0000 0.0000 0.0000 0.0000 0.0000 0.0000 0.0000 0.0000 0.0000 0.0000 0.0000 0.0000 0.0000 0.0000 0.0000 0.0000 0.0000 0.0000 0.0000 0.0000 0.0000 0.0000 0.0000 0.0000 0.0000 0.0000 0.0000 0.0000 0.0000 0.0000 0.0000 0.0000 0.0000 0.0000 0.0000 0.0000 0.0000 0.0000 0.0000 0.0000 0.0000 0.0000 0.0000 0.0000 0.0000 0.0000 0.0000 0.0000
0.0000 0.0000 0.0000 0.0000 0.0000 0.0000 0.0000 0.0000 0.0000 0.0000 0.0000 0.0373 0.0268 0.0000 0.0000 0.0000 0.0000 0.0000 0.0000 0.1195 0.0000 0.0000 0.0000 0.0000 0.0000 0.0000 0.0000 0.0000 0.0000 0.0000 0.0000 0.0000 0.0000 0.0000 0.0000 0.0000 0.0000 0.0000 0.0000 0.0000 0.0000 0.0000 0.0073 0.0000 0.0000 0.0000 0.0000 0.0009 0.0014 0.0021 0.0077 0.0122 0.0220 0.0040 0.0064 0.0036 0.0028 0.0016 0.0000 0.0000 0.0000 0.0000 0.0000 0.0000
0.0000 0.0000 0.0000 0.0000 0.0000 0.0000 0.0000 0.0000 0.0000 0.0000 0.0000 0.0000 0.0000 0.0000 0.0000 0.0000 0.0000 0.0000 0.0000 0.0000 0.0003 0.0001 0.0001 0.0017 0.0109 0.0095 0.0001 0.0000 0.0000 0.0000 0.0000 0.0000 0.0000 0.0000 0.0000 0.0000 0.0000 0.0000 0.0000 0.0000 0.0028 0.0000 0.0000 0.0000 0.0000 0.0000 0.0000 0.0000 0.0110 0.0002 0.0003 0.0387 0.0000 0.0000 0.0000 0.0000 0.0000 0.0000 0.0000 0.0004 0.0001 0.0000 0.0000 0.0000
0.0000 0.0000 0.0000 0.0000 0.0000 0.0000 0.0000 0.0000 0.0000 0.0000 0.0000 0.0004 0.0000 0.0029 0.0119 0.0015 0.0000 0.0005 0.0000 0.0000 0.0036 0.0000 0.0392 0.0002 0.0000 0.0000 0.0000 0.0000 0.0000 0.0000 0.0000 0.0000 0.0106 0.0000 0.0000 0.0000 0.0000 0.0100 0.0506 0.0477 0.0214 0.0616 0.0574 0.2589 0.1782 0.4079 0.2363 0.0079 0.0085 0.0000 0.0099 0.0000 0.0000 0.0000 0.0126 0.0009 0.0011 0.0000 0.0568 0.1064 0.0360 0.0000 0.0000 0.0002
0.0000 0.0000 0.0000 0.0000 0.0000 0.0000 0.0000 0.0000 0.0000 0.0000 0.0000 0.0001 0.0000 0.0000 0.0000 0.0000 0.0000 0.0000 0.0000 0.0000 0.0000 0.0000 0.0000 0.0000 0.0000 0.0000 0.0000 0.0000 0.0000 0.0000 0.0000 0.0000 0.0000 0.0000 0.0000 0.0000 0.0000 0.0000 0.0000 0.0000 0.0000 0.0000 0.0000 0.0000 0.0000 0.0000 0.0000 0.0000 0.0000 0.0000 0.0000 0.0000 0.0000 0.0000 0.0000 0.0000 0.0000 0.0000 0.0000 0.0000 0.0000 0.0000 0.0000 0.0000
0.0000 0.0000 0.0000 0.0000 0.0000 0.0000 0.0000 0.0323 0.1115 0.0597 0.1104 0.0000 0.0000 0.0000 0.0000 0.0108 0.0000 0.0000 0.0000 0.0000 0.0000 0.1557 0.0000 0.0000 0.0000 0.0003 0.0002 0.0005 0.1841 0.0000 0.0000 0.0000 0.0002 0.0003 0.0000 0.0000 0.0000 0.0000 0.0014 0.0091 0.0000 0.0000 0.0000 0.0000 0.0000 0.0000 0.0000 0.0043 0.0000 0.0000 0.0000 0.0000 0.0000 0.0000 0.0005 0.0000 0.0000 0.0000 0.0000 0.0000 0.0000 0.0000 0.0000 0.0000
0.0000 0.0000 0.0000 0.0000 0.0000 0.0000 0.0000 0.0000 0.0000 0.0000 0.0000 0.0000 0.0000 0.0000 0.0000 0.0000 0.0000 0.0000 0.0000 0.0000 0.0000 0.0000 0.0088 0.0004 0.0000 0.0000 0.0000 0.0000 0.0000 0.0000 0.0000 0.0000 0.0000 0.0000 0.0000 0.0000 0.0000 0.0000 0.0000 0.0000 0.0000 0.0000 0.0000 0.0000 0.0000 0.0000 0.0000 0.0000 0.0000 0.0000 0.0000 0.0000 0.0000 0.0000 0.0000 0.0000 0.0000 0.0000 0.0000 0.0000 0.0000 0.0000 0.0000 0.0000
0.0000 0.0000 0.0000 0.0000 0.0000 0.0000 0.0000 0.0719 0.0305 0.0000 0.0000 0.0000 0.0000 0.0000 0.0000 0.0000 0.0000 0.0000 0.0000 0.0000 0.0206 0.0000 0.0000 0.0211 0.0006 0.0000 0.0003 0.0022 0.0026 0.0010 0.0002 0.0001 0.0000 0.0095 0.0000 0.0000 0.0000 0.0000 0.0000 0.0022 0.0000 0.0018 0.0004 0.0010 0.0000 0.0000 0.0000 0.0000 0.0000 0.0000 0.0000 0.0000 0.0000 0.0000 0.0011 0.0007 0.0003 0.0015 0.0000 0.0000 0.0000 0.0000 0.0000 0.0000
0.0000 0.0000 0.0000 0.0000 0.0000 0.0000 0.0000 0.0000 0.0000 0.0000 0.0000 0.0000 0.0001 0.0000 0.0242 0.0007 0.0043 0.0004 0.0296 0.0192 0.0068 0.0000 0.0597 0.0000 0.0038 0.0027 0.0000 0.0000 0.2561 0.0364 0.3684 0.0007 0.0000 0.0140 0.0000 0.0000 0.0000 0.0001 0.0001 0.0000 0.0000 0.0000 0.0000 0.0001 0.0000 0.0001 0.0032 0.2104 0.4585 0.2962 0.5030 0.6151 0.6450 0.4636 0.4854 0.3423 0.4875 0.4005 0.6420 0.4960 0.5554 0.5773 0.5830 0.4226
0.0000 0.0000 0.0000 0.0000 0.0000 0.0000 0.0000 0.0000 0.0000 0.0003 0.0000 0.0000 0.0000 0.0000 0.0000 0.0000 0.0000 0.0000 0.0000 0.0000 0.0000 0.0000 0.0249 0.0000 0.0008 0.0002 0.0401 0.0000 0.0001 0.0001 0.0001 0.0012 0.0097 0.0000 0.0002 0.0001 0.0001 0.0000 0.0000 0.0003 0.0000 0.0001 0.0000 0.0000 0.0000 0.0000 0.0000 0.0000 0.0000 0.0000 0.0000 0.0000 0.0000 0.0000 0.0000 0.0000 0.0001 0.0000 0.0000 0.0000 0.0000 0.0001 0.0000 0.0000
0.0000 0.0000 0.0000 0.0000 0.0000 0.0002 0.0000 0.0000 0.0000 0.0000 0.0001 0.0000 0.0000 0.0000 0.0000 0.0161 0.0000 0.0000 0.0000 0.0000 0.0000 0.0000 0.0000 0.0000 0.0000 0.0000 0.0000 0.0000 0.0000 0.0000 0.0000 0.0000 0.0000 0.0000 0.0000 0.0000 0.0000 0.0000 0.0000 0.0000 0.0000 0.0000 0.0000 0.0000 0.0000 0.0000 0.0000 0.0000 0.0000 0.0000 0.0000 0.0684 0.0798 0.0000 0.0236 0.0097 0.0000 0.0000 0.0000 0.0000 0.0000 0.0000 0.0000 0.0000
0.0000 0.0000 0.0000 0.0000 0.0000 0.0000 0.0000 0.0000 0.0000 0.0000 0.0000 0.0000 0.0000 0.0000 0.0000 0.0000 0.0000 0.0000 0.0000 0.0000 0.0000 0.0000 0.0000 0.0000 0.0000 0.0000 0.0000 0.0000 0.0000 0.0000 0.0000 0.0000 0.0000 0.0000 0.0000 0.0000 0.0000 0.0000 0.0000 0.0000 0.0000 0.0000 0.0000 0.0000 0.0000 0.0000 0.0000 0.0000 0.0000 0.0000 0.0000 0.0479 0.0455 0.0248 0.0000 0.0000 0.0000 0.0000 0.0000 0.0000 0.0000 0.0000 0.0000 0.0000
0.0628 0.0319 0.0289 0.0073 0.2041 0.0000 0.0000 0.0000 0.0000 0.0000 0.0000 0.0000 0.0000 0.0007 0.0000 0.0000 0.0000 0.0077 0.0000 0.0000 0.0000 0.0000 0.0000 0.0000 0.0000 0.0000 0.0000 0.0000 0.0060 0.0001 0.0009 0.0004 0.0254 0.0000 0.0189 0.0073 0.0014 0.0000 0.0000 0.0000 0.0000 0.0387 0.0000 0.0000 0.0000 0.0000 0.0000 0.0000 0.0000 0.0000 0.0000 0.0000 0.0000 0.0000 0.0000 0.0001 0.0000 0.0000 0.0054 0.0084 0.0206 0.0267 0.1082 0.0235
0.0000 0.0000 0.0000 0.0000 0.0000 0.0000 0.0000 0.0000 0.0000 0.0000 0.0000 0.0000 0.0000 0.0000 0.0000 0.0125 0.0004 0.0000 0.0000 0.0000 0.0067 0.0075 0.0300 0.0000 0.0000 0.0000 0.0000 0.0000 0.0000 0.0000 0.0000 0.0000 0.0002 0.0002 0.0000 0.0003 0.0012 0.0039 0.0210 0.1781 0.1489 0.3363 0.2183 0.2288 0.3350 0.1474 0.1263 0.0706 0.1230 0.0917 0.0402 0.0017 0.0001 0.0067 0.0000 0.0000 0.0000 0.0031 0.0000 0.0016 0.0000 0.0000 0.0000 0.0000
0.0000 0.0000 0.0000 0.0000 0.0000 0.0000 0.0000 0.0000 0.0000 0.0000 0.0000 0.0000 0.0000 0.0000 0.0000 0.0000 0.0000 0.0000 0.0000 0.0000 0.0000 0.0000 0.0000 0.0000 0.0000 0.0000 0.0000 0.0000 0.0001 0.0000 0.0002 0.0000 0.0000 0.0000 0.0000 0.0000 0.0000 0.0000 0.0000 0.0009 0.0017 0.0050 0.0129 0.0000 0.0007 0.0000 0.0000 0.0000 0.0000 0.0000 0.0008 0.0005 0.0000 0.0000 0.0846 0.0001 0.0298 0.2234 0.0010 0.0000 0.0000 0.0000 0.0001 0.2181
0.0000 0.0000 0.0000 0.0000 0.0000 0.0000 0.0000 0.0000 0.0000 0.0000 0.0000 0.0000 0.0000 0.0000 0.0000 0.0000 0.0000 0.0000 0.0000 0.0000 0.0000 0.0000 0.0000 0.0000 0.0000 0.0000 0.0000 0.0000 0.0000 0.0000 0.0000 0.0000 0.0000 0.0000 0.0000 0.0000 0.0000 0.0000 0.0000 0.0000 0.0000 0.0000 0.0000 0.0000 0.0000 0.0000 0.0000 0.0000 0.0000 0.0000 0.0000 0.0000 0.0000 0.0000 0.0000 0.0000 0.0000 0.0000 0.0000 0.0000 0.0000 0.0000 0.0000 0.0000
0.0000 0.0000 0.0000 0.0000 0.0000 0.0000 0.0000 0.0000 0.0000 0.1360 0.1553 0.0000 0.0000 0.0428 0.0000 0.0001 0.0000 0.0000 0.0000 0.0000 0.0000 0.0000 0.0000 0.0413 0.0000 0.0000 0.0000 0.0000 0.0000 0.0000 0.0000 0.0000 0.0000 0.0000 0.0000 0.0000 0.0000 0.0000 0.0000 0.0000 0.0000 0.0000 0.0000 0.0000 0.0000 0.0000 0.0000 0.0000 0.0000 0.0000 0.0000 0.0000 0.0000 0.0097 0.0000 0.0000 0.0000 0.0000 0.0000 0.0000 0.0000 0.0000 0.0000 0.0000
0.0000 0.0000 0.0000 0.0000 0.0000 0.0002 0.0000 0.0000 0.0002 0.0003 0.0004 0.0005 0.0000 0.0000 0.0000 0.0000 0.0000 0.0000 0.0000 0.0000 0.0000 0.0000 0.0000 0.0000 0.0000 0.0000 0.0000 0.0000 0.0000 0.0000 0.0000 0.0000 0.0000 0.0000 0.0000 0.0000 0.0000 0.0000 0.0000 0.0000 0.0000 0.0000 0.0000 0.0000 0.0000 0.0000 0.0000 0.0000 0.0000 0.0000 0.0000 0.0000 0.0000 0.0000 0.0000 0.0000 0.0000 0.0000 0.0000 0.0000 0.0000 0.0000 0.0000 0.0000
0.0217 0.0173 0.1076 0.0229 0.0919 0.0768 0.0116 0.0520 0.0000 0.0000 0.0118 0.0035 0.0046 0.0000 0.0000 0.0000 0.0000 0.0000 0.0000 0.0000 0.0000 0.0000 0.0000 0.0236 0.0000 0.0000 0.0000 0.0000 0.0001 0.0016 0.0028 0.0000 0.0002 0.0170 0.0305 0.0063 0.0000 0.0002 0.0000 0.0000 0.0000 0.0000 0.0000 0.0000 0.0000 0.0000 0.0000 0.0000 0.0000 0.0000 0.0219 0.0087 0.0041 0.0000 0.0074 0.0000 0.0017 0.0000 0.0000 0.0000 0.0000 0.0000 0.0000 0.0000
0.0000 0.0000 0.0000 0.0000 0.0000 0.0002 0.0000 0.0001 0.0000 0.0000 0.0000 0.0000 0.0000 0.0000 0.0000 0.0000 0.0000 0.0000 0.0000 0.0290 0.0734 0.0635 0.0086 0.0000 0.0057 0.0121 0.0000 0.0000 0.0000 0.0000 0.0000 0.0000 0.0000 0.0000 0.0000 0.0105 0.0003 0.0000 0.0000 0.0000 0.0000 0.0000 0.0000 0.0000 0.0000 0.0000 0.0000 0.0000 0.0000 0.0002 0.0001 0.0006 0.0002 0.0000 0.0001 0.0002 0.0000 0.0000 0.0000 0.0000 0.0000 0.0000 0.0000 0.0000
0.0000 0.0000 0.0000 0.0000 0.0000 0.0000 0.0000 0.0000 0.0005 0.0007 0.0000 0.0000 0.0000 0.0000 0.0000 0.0000 0.0000 0.0000 0.0000 0.0000 0.0000 0.0000 0.0000 0.0000 0.0000 0.0000 0.0000 0.0000 0.0000 0.0000 0.0000 0.0000 0.0000 0.0000 0.0000 0.0000 0.0000 0.0000 0.0000 0.0000 0.0000 0.0000 0.0000 0.0025 0.0000 0.0000 0.0000 0.0000 0.0000 0.0000 0.0000 0.0000 0.0000 0.0000 0.0000 0.0000 0.0009 0.0047 0.0000 0.0000 0.0000 0.0000 0.0000 0.0000
0.0000 0.0000 0.0000 0.0000 0.0000 0.0000 0.0000 0.0000 0.0000 0.0000 0.0000 0.0000 0.0000 0.0000 0.0000 0.0000 0.0000 0.0000 0.0000 0.0000 0.0000 0.0000 0.0000 0.0000 0.0000 0.0000 0.0000 0.0000 0.0000 0.0000 0.0000 0.0000 0.0000 0.0000 0.0000 0.0000 0.0000 0.0000 0.0000 0.0000 0.0000 0.0000 0.0000 0.0000 0.0000 0.0000 0.0000 0.0000 0.0000 0.0030 0.0067 0.0020 0.0017 0.0242 0.0000 0.0042 0.0219 0.0269 0.0042 0.0109 0.0037 0.0025 0.0087 0.0069
0.0000 0.0000 0.0000 0.0000 0.0000 0.0000 0.0000 0.0000 0.0000 0.0000 0.0000 0.0000 0.0000 0.0001 0.0001 0.0000 0.0000 0.0000 0.0000 0.0000 0.0006 0.0000 0.0000 0.0000 0.0000 0.0000 0.0000 0.0000 0.0000 0.0000 0.0000 0.0000 0.0000 0.0076 0.0121 0.0000 0.0000 0.0000 0.0001 0.0002 0.0000 0.0000 0.0000 0.0000 0.0000 0.0000 0.0000 0.0000 0.0000 0.0000 0.0000 0.0000 0.0000 0.0000 0.0000 0.0000 0.0000 0.0000 0.0000 0.0000 0.0000 0.0000 0.0000 0.0000
0.0000 0.0000 0.0000 0.0000 0.0000 0.0000 0.0000 0.0000 0.0001 0.0000 0.0001 0.0001 0.0000 0.0000 0.0000 0.0000 0.0000 0.0000 0.0000 0.0000 0.0000 0.0000 0.0000 0.0000 0.0000 0.0000 0.0000 0.0000 0.0000 0.0000 0.0000 0.0000 0.0000 0.0000 0.0000 0.0000 0.0000 0.0000 0.0000 0.0000 0.0000 0.0000 0.0000 0.0000 0.0000 0.0000 0.0000 0.0000 0.0000 0.0000 0.0000 0.0000 0.0000 0.0000 0.0000 0.0000 0.0000 0.0000 0.0001 0.0000 0.0000 0.0000 0.0000 0.0000
0.0000 0.0009 0.0009 0.0112 0.0000 0.0006 0.0000 0.0006 0.0000 0.0000 0.0000 0.0000 0.0000 0.0000 0.0000 0.0006 0.0227 0.0018 0.0147 0.0154 0.0000 0.0000 0.0476 0.0001 0.0001 0.0001 0.0001 0.0002 0.0023 0.0100 0.0058 0.0122 0.0107 0.0000 0.0005 0.0000 0.0000 0.0000 0.0000 0.0000 0.0000 0.0000 0.0000 0.0000 0.0000 0.0000 0.0000 0.0000 0.0000 0.0000 0.0000 0.0000 0.0008 0.0003 0.0003 0.0000 0.0000 0.0000 0.0000 0.0000 0.0000 0.0000 0.0000 0.0000
0.0000 0.0000 0.0000 0.0000 0.0000 0.0000 0.0000 0.0000 0.0000 0.0000 0.0000 0.0000 0.0000 0.0000 0.0000 0.0000 0.0000 0.0000 0.0000 0.0000 0.0000 0.0000 0.0000 0.0000 0.0000 0.0000 0.0000 0.0000 0.0000 0.0000 0.0000 0.0000 0.0000 0.0000 0.0000 0.0000 0.0000 0.0000 0.0000 0.0000 0.0000 0.0000 0.0000 0.0000 0.0000 0.0000 0.0000 0.0000 0.0000 0.0000 0.0000 0.0000 0.0000 0.0000 0.0000 0.0000 0.0000 0.0000 0.0000 0.0000 0.0000 0.0000 0.0000 0.0000
0.0000 0.0000 0.0000 0.0000 0.0000 0.0000 0.0000 0.0000 0.0310 0.0390 0.0008 0.0000 0.0000 0.0000 0.0000 0.0000 0.0000 0.0000 0.0000 0.0000 0.0000 0.1231 0.3586 0.5419 0.7852 0.5838 0.5150 0.7839 0.0007 0.7071 0.0000 0.7246 0.7755 0.8784 0.7629 0.8423 0.8633 0.8367 0.7593 0.5983 0.5689 0.0683 0.0035 0.0045 0.0226 0.0190 0.1328 0.3849 0.0890 0.0758 0.0734 0.0809 0.0021 0.0000 0.0000 0.0034 0.0338 0.0095 0.0077 0.0000 0.0000 0.0000 0.0000 0.0000
0.0000 0.0000 0.0000 0.0000 0.0000 0.0000 0.0000 0.0000 0.0000 0.0000 0.0000 0.0000 0.0000 0.0000 0.0000 0.0000 0.0000 0.0000 0.0000 0.0000 0.0000 0.0000 0.0000 0.0000 0.0000 0.0000 0.0000 0.0000 0.0000 0.0000 0.0000 0.0000 0.0000 0.0000 0.0000 0.0000 0.0000 0.0000 0.0000 0.0000 0.0000 0.0000 0.0000 0.0000 0.0000 0.0000 0.0000 0.0001 0.0000 0.0000 0.0000 0.0000 0.0011 0.0137 0.0000 0.0000 0.0000 0.0000 0.0000 0.0000 0.0000 0.0000 0.0000 0.0000
