0.1946 0.0773 0.3198 0.0325 0.0000 0.0000 0.0000 0.0000 0.0000 0.0000 0.0000 0.0000 0.0000 0.0000 0.0000 0.0000 0.0000 0.0000 0.0000 0.0000 0.0000 0.0000 0.0000 0.0000 0.0000 0.0000 0.0000 0.0000 0.0000 0.0000 0.0000 0.0000 0.0000 0.0000 0.0000 0.0000 0.0000 0.0000 0.0000 0.0000 0.0000 0.0001 0.0000 0.0000 0.0000 0.0074 0.0122 0.0287 0.0465 0.0894 0.0302 0.0514 0.0013 0.0080 0.0146 0.0006 0.0004 0.0003 0.0010 0.0006 0.0010 0.0003 0.0000 0.0000
0.0000 0.0000 0.0000 0.0000 0.0000 0.0000 0.0000 0.0000 0.0000 0.0001 0.0004 0.0000 0.0000 0.0000 0.0000 0.0001 0.0000 0.0000 0.0000 0.0000 0.0255 0.0000 0.0000 0.0167 0.0000 0.0000 0.0000 0.0001 0.0002 0.0002 0.0004 0.0006 0.0001 0.0000 0.0000 0.0000 0.0000 0.0001 0.0559 0.0015 0.0017 0.0007 0.0003 0.0022 0.0004 0.0003 0.0000 0.0000 0.0004 0.0000 0.0004 0.0001 0.0000 0.0000 0.0000 0.0000 0.0000 0.0106 0.0000 0.0000 0.0000 0.0000 0.0003 0.0003
0.0000 0.0000 0.0000 0.0000 0.0000 0.0000 0.0000 0.0000 0.0000 0.0000 0.0000 0.0000 0.0000 0.2822 0.0000 0.0000 0.0000 0.0000 0.0000 0.0000 0.0255 0.0000 0.0054 0.0000 0.0089 0.0042 0.0000 0.0000 0.0008 0.0024 0.0000 0.0082 0.0000 0.0000 0.0000 0.0001 0.0001 0.0000 0.0074 0.0767 0.0504 0.0768 0.0592 0.0519 0.0491 0.0485 0.0373 0.0674 0.0995 0.0968 0.0477 0.0074 0.0020 0.0003 0.0000 0.0000 0.0000 0.0000 0.0000 0.0000 0.0000 0.0000 0.0000 0.0000
0.0000 0.0000 0.0000 0.0000 0.0000 0.0001 0.0000 0.0000 0.0000 0.0000 0.0000 0.0000 0.0000 0.0000 0.0000 0.0000 0.0000 0.0000 0.0000 0.0000 0.0000 0.0000 0.0000 0.0000 0.0000 0.0000 0.0000 0.0000 0.0000 0.0000 0.0000 0.0000 0.0000 0.0000 0.0000 0.0000 0.0000 0.0000 0.0000 0.0000 0.0000 0.0000 0.0000 0.0000 0.0000 0.0000 0.0000 0.0000 0.0000 0.0000 0.0000 0.0000 0.0000 0.0000 0.0000 0.0000 0.0000 0.0000 0.0000 0.0000 0.0000 0.0000 0.0000 0.0000
0.0001 0.0117 0.0001 0.0003 0.0000 0.0001 0.0000 0.0000 0.0000 0.0000 0.0000 0.0000 0.0000 0.0000 0.0000 0.0000 0.0000 0.0001 0.0007 0.0000 0.0000 0.0000 0.0000 0.0000 0.0000 0.0002 0.0001 0.0001 0.0000 0.0001 0.0001 0.0225 0.0000 0.0000 0.0217 0.0234 0.0184 0.0190 0.0185 0.0452 0.1113 0.0776 0.2667 0.4351 0.6785 0.6412 0.7201 0.4601 0.0000 0.0000 0.0034 0.0000 0.0000 0.0000 0.0004 0.0001 0.0000 0.0000 0.0000 0.0000 0.0000 0.0000 0.0001 0.3360
0.1085 0.1369 0.1690 0.1219 0.0604 0.0602 0.0641 0.0160 0.0406 0.0285 0.0407 0.0115 0.0010 0.0466 0.0247 0.0264 0.0054 0.0006 0.0008 0.0008 0.0006 0.0006 0.0000 0.0011 0.0004 0.0005 0.0002 0.0005 0.0098 0.0000 0.0170 0.0001 0.0011 0.0002 0.0001 0.0003 0.0002 0.0002 0.0012 0.0000 0.0000 0.0000 0.0000 0.0000 0.0000 0.0000 0.0000 0.0000 0.0000 0.0000 0.0000 0.0000 0.0000 0.0000 0.0000 0.0000 0.0000 0.0000 0.0000 0.0000 0.0000 0.0000 0.0000 0.0001
0.0000 0.0000 0.0000 0.0007 0.0279 0.0068 0.0082 0.0029 0.0000 0.0000 0.0000 0.0343 0.0468 0.0038 0.0000 0.0002 0.0000 0.0000 0.0007 0.0012 0.0000 0.0007 0.0015 0.0000 0.0001 0.0001 0.0000 0.0000 0.0000 0.0000 0.0101 0.0028 0.0010 0.0023 0.0001 0.0000 0.0000 0.0000 0.0000 0.0000 0.0000 0.0001 0.2736 0.2289 0.0211 0.0000 0.0000 0.0008 0.0001 0.0025 0.0000 0.0000 0.0003 0.0113 0.0556 0.0552 0.0826 0.0532 0.0269 0.0000 0.0000 0.0000 0.0000 0.0000
0.0000 0.0000 0.0000 0.0001 0.0000 0.0000 0.0000 0.0693 0.0000 0.0000 0.0000 0.0000 0.0000 0.0001 0.0000 0.0002 0.0000 0.0000 0.0000 0.0000 0.0007 0.0000 0.0000 0.0000 0.0000 0.0000 0.0000 0.0000 0.0000 0.0000 0.0000 0.0000 0.0000 0.0000 0.0000 0.0000 0.0000 0.0000 0.0000 0.0000 0.0000 0.0000 0.0000 0.0000 0.0000 0.0000 0.0000 0.0000 0.0000 0.0000 0.0276 0.0000 0.0235 0.0493 0.0604 0.1021 0.0169 0.0000 0.0000 0.0000 0.0000 0.0000 0.0000 0.0000
0.0000 0.0000 0.0000 0.0000 0.0000 0.0000 0.0000 0.0000 0.0000 0.0000 0.1153 0.1830 0.2830 0.3940 0.0000 0.0000 0.0000 0.0000 0.0000 0.0000 0.0000 0.0000 0.0000 0.0000 0.0000 0.0000 0.0007 0.0003 0.0010 0.0068 0.0022 0.0039 0.0022 0.0013 0.0342 0.0050 0.0000 0.0000 0.0000 0.0000 0.0000 0.0000 0.0000 0.0000 0.0000 0.0000 0.0000 0.0000 0.0000 0.0000 0.0000 0.0000 0.0000 0.0635 0.1691 0.0000 0.0407 0.0000 0.0000 0.0002 0.0000 0.0000 0.0000 0.0000
0.0000 0.0000 0.0000 0.0000 0.0000 0.0004 0.0000 0.0000 0.0000 0.0000 0.0000 0.0000 0.0000 0.0000 0.1241 0.0000 0.1932 0.0000 0.0000 0.0000 0.0939 0.0000 0.0000 0.1653 0.0000 0.0062 0.1184 0.0080 0.0081 0.0409 0.0119 0.0974 0.0361 0.0861 0.2557 0.0204 0.1245 0.1252 0.0018 0.0095 0.0017 0.0012 0.0113 0.0035 0.0043 0.0092 0.0087 0.0214 0.0240 0.0826 0.0103 0.0106 0.0049 0.0016 0.0032 0.0034 0.0012 0.0008 0.0008 0.0007 0.0006 0.0005 0.0000 0.0003
0.0000 0.0000 0.0000 0.0000 0.0000 0.0000 0.0000 0.0000 0.0000 0.0000 0.0000 0.0000 0.0000 0.0000 0.0000 0.0000 0.0000 0.0000 0.0000 0.0000 0.0000 0.0000 0.0000 0.0000 0.0000 0.0000 0.0000 0.0000 0.0000 0.0000 0.0000 0.0000 0.0000 0.0000 0.0000 0.0000 0.0000 0.0000 0.0000 0.0000 0.0000 0.0000 0.0000 0.0000 0.0000 0.0000 0.0000 0.0000 0.0000 0.0000 0.0000 0.0000 0.0000 0.0000 0.0000 0.0000 0.0000 0.0000 0.0000 0.0000 0.0000 0.0000 0.0000 0.0000
0.0237 0.0241 0.0180 0.0142 0.0075 0.0090 0.0089 0.0357 0.0617 0.0800 0.0885 0.3381 0.2312 0.0131 0.0426 0.2918 0.2331 0.4722 0.1220 0.0421 0.0704 0.2882 0.0681 0.0070 0.0760 0.3554 0.2865 0.1834 0.0084 0.0311 0.0138 0.0308 0.0234 0.0056 0.0022 0.0001 0.0006 0.0008 0.0373 0.0005 0.0002 0.0001 0.0027 0.0317 0.0139 0.0000 0.0000 0.0000 0.0153 0.0000 0.0000 0.0000 0.0000 0.0000 0.0000 0.0000 0.0000 0.0000 0.0000 0.0000 0.0001 0.0000 0.0282 0.0680
0.0000 0.0000 0.0000 0.0000 0.0000 0.0000 0.0000 0.0000 0.0000 0.0000 0.0000 0.0000 0.0000 0.0000 0.0000 0.0386 0.0000 0.0000 0.0000 0.0000 0.0000 0.0000 0.0991 0.3157 0.0256 0.3671 0.0000 0.0000 0.0000 0.0000 0.0000 0.0000 0.0000 0.0000 0.0000 0.0000 0.0000 0.0004 0.0005 0.0009 0.0009 0.0007 0.0004 0.0003 0.0001 0.0000 0.0000 0.0000 0.0000 0.0000 0.0000 0.0000 0.0000 0.0001 0.0761 0.0496 0.0000 0.0064 0.0000 0.0000 0.0000 0.0000 0.0000 0.0000
0.0000 0.0221 0.0000 0.0000 0.0000 0.0000 0.0000 0.0000 0.2683 0.1303 0.0000 0.0000 0.0000 0.0000 0.2912 0.1538 0.0000 0.0000 0.0000 0.0000 0.0000 0.0000 0.0000 0.0580 0.0000 0.0000 0.0000 0.0000 0.0000 0.0000 0.0000 0.0000 0.0010 0.0000 0.0041 0.0008 0.0017 0.0021 0.0041 0.0045 0.0338 0.0065 0.0024 0.0032 0.0012 0.0016 0.0014 0.0139 0.0038 0.0026 0.0013 0.0032 0.0000 0.0000 0.0000 0.0000 0.0000 0.0000 0.0001 0.0000 0.0000 0.0011 0.0016 0.0089
0.0000 0.0000 0.0000 0.0000 0.0000 0.0000 0.0000 0.0000 0.0000 0.0000 0.0000 0.0000 0.0000 0.0000 0.0000 0.0000 0.0000 0.0000 0.0000 0.0000 0.0000 0.0000 0.0000 0.0000 0.0000 0.0000 0.0000 0.0001 0.0003 0.0000 0.0000 0.0000 0.0000 0.0000 0.0000 0.0000 0.0000 0.0000 0.0000 0.0000 0.0000 0.0000 0.0000 0.0000 0.0000 0.0000 0.0004 0.0000 0.0979 0.0411 0.0005 0.0008 0.0036 0.0000 0.0000 0.0000 0.0000 0.0000 0.0000 0.0000 0.0001 0.0001 0.0001 0.0008
0.0000 0.0000 0.0000 0.0000 0.0000 0.0000 0.0000 0.0000 0.0000 0.0000 0.0000 0.0000 0.0000 0.0000 0.0000 0.0000 0.0000 0.0000 0.0000 0.0000 0.0000 0.0000 0.0000 0.0000 0.0000 0.0001 0.0000 0.0000 0.0000 0.0000 0.0000 0.0002 0.0000 0.0000 0.0000 0.0000 0.0000 0.0000 0.0000 0.0000 0.0109 0.0079 0.0002 0.0016 0.0042 0.0045 0.0055 0.0315 0.0002 0.0013 0.0000 0.0000 0.0000 0.0000 0.0000 0.0000 0.0000 0.0000 0.0011 0.0000 0.0000 0.0000 0.0000 0.0000
0.0000 0.0001 0.0002 0.0003 0.0002 0.0002 0.0001 0.0002 0.0002 0.0005 0.0006 0.0156 0.0003 0.0005 0.0003 0.0001 0.0006 0.0006 0.0009 0.0011 0.0007 0.0004 0.0001 0.0000 0.0002 0.0000 0.0000 0.0000 0.0000 0.0000 0.0000 0.0000 0.0000 0.0000 0.0000 0.0000 0.0000 0.0000 0.0000 0.0000 0.0000 0.0000 0.0000 0.0000 0.0000 0.0020 0.0012 0.0054 0.0696 0.1537 0.0668 0.0002 0.0641 0.1110 0.0000 0.0000 0.0000 0.0020 0.0005 0.0002 0.0000 0.0000 0.0000 0.0000
0.0000 0.0549 0.0020 0.0039 0.0216 0.0129 0.0011 0.0006 0.0004 0.0006 0.0006 0.0005 0.0000 0.0004 0.0004 0.0003 0.0016 0.0003 0.0001 0.0000 0.0000 0.0000 0.0000 0.0000 0.0000 0.0000 0.0000 0.0000 0.0000 0.0000 0.0000 0.0000 0.0000 0.0000 0.0000 0.0000 0.0000 0.0004 0.0000 0.0000 0.0001 0.0000 0.0000 0.0000 0.0000 0.0000 0.0000 0.0000 0.0000 0.0000 0.0000 0.0000 0.0000 0.0000 0.0000 0.0000 0.0000 0.0000 0.0000 0.0000 0.0000 0.0000 0.0001 0.0002
0.0000 0.0000 0.0000 0.0002 0.0005 0.0007 0.0005 0.0003 0.0001 0.0000 0.0001 0.0000 0.0000 0.0000 0.0000 0.0000 0.0000 0.0000 0.0000 0.0000 0.0000 0.0000 0.0000 0.0000 0.0000 0.0000 0.0000 0.0000 0.0000 0.0000 0.0000 0.0000 0.0000 0.0000 0.0000 0.0000 0.0000 0.0000 0.0000 0.0000 0.0000 0.0351 0.0312 0.0000 0.0000 0.0000 0.0000 0.0000 0.0000 0.0000 0.0000 0.0000 0.0206 0.0000 0.0001 0.0000 0.0000 0.0121 0.0000 0.0000 0.0000 0.0000 0.0000 0.0076
0.0005 0.0000 0.0141 0.0060 0.0032 0.0086 0.0049 0.0039 0.0064 0.0000 0.0000 0.0000 0.0000 0.0002 0.0004 0.0000 0.0000 0.0000 0.0000 0.0089 0.0007 0.0000 0.0001 0.0000 0.0000 0.0000 0.0000 0.0000 0.0079 0.0008 0.0000 0.0000 0.0000 0.0021 0.0000 0.0000 0.0000 0.0000 0.0000 0.0000 0.0000 0.0000 0.0038 0.0000 0.0000 0.0010 0.0003 0.0000 0.0000 0.0000 0.0000 0.0000 0.0000 0.0000 0.0000 0.0000 0.0000 0.0250 0.0536 0.0718 0.0628 0.0744 0.0696 0.0319
0.5378 0.4707 0.2235 0.1751 0.0181 0.0000 0.0000 0.0000 0.0000 0.0000 0.0000 0.0000 0.0000 0.0000 0.0000 0.0000 0.0000 0.0000 0.0000 0.0706 0.0006 0.0000 0.0000 0.0001 0.0000 0.0000 0.0000 0.0000 0.0000 0.0000 0.0000 0.0000 0.0000 0.0000 0.0000 0.0000 0.0000 0.0000 0.0000 0.0000 0.0000 0.0000 0.0000 0.0000 0.0000 0.0000 0.0000 0.0000 0.0000 0.0000 0.0000 0.0000 0.0000 0.0003 0.0000 0.0000 0.0000 0.0000 0.0000 0.0000 0.0000 0.0000 0.0002 0.0226
0.0000 0.0000 0.0000 0.0000 0.0000 0.0000 0.0000 0.0955 0.0000 0.0000 0.0000 0.0000 0.0000 0.0000 0.0000 0.0000 0.0000 0.0000 0.0000 0.0000 0.0000 0.0000 0.0000 0.0000 0.0000 0.0000 0.0000 0.0000 0.0000 0.0000 0.0000 0.0000 0.0000 0.0000 0.0000 0.0000 0.0000 0.0000 0.0000 0.0000 0.0000 0.0000 0.0000 0.0000 0.0000 0.0000 0.0000 0.0017 0.0050 0.0125 0.0143 0.0157 0.0155 0.0217 0.0280 0.0226 0.0267 0.0189 0.0251 0.0197 0.0097 0.0169 0.0110 0.0000
0.0000 0.0000 0.0000 0.0000 0.0000 0.0805 0.5118 0.2662 0.0000 0.0000 0.0000 0.0000 0.0000 0.0000 0.0000 0.0000 0.2582 0.0758 0.0994 0.1694 0.1191 0.2316 0.0000 0.0046 0.0000 0.0000 0.0000 0.0055 0.0000 0.0129 0.5627 0.1359 0.3504 0.0038 0.0058 0.0005 0.0000 0.0317 0.0435 0.0000 0.0448 0.0000 0.0000 0.0000 0.0000 0.0000 0.0105 0.0000 0.0178 0.0147 0.0000 0.0016 0.0013 0.0003 0.0000 0.0000 0.0000 0.0000 0.0000 0.0000 0.0000 0.0000 0.0076 0.0000
0.0000 0.0000 0.0000 0.0000 0.0000 0.0000 0.0000 0.0000 0.0000 0.0000 0.0000 0.0000 0.0000 0.0000 0.0000 0.0000 0.0000 0.0000 0.0000 0.0000 0.0000 0.0000 0.0000 0.0000 0.0000 0.0000 0.0000 0.0000 0.0000 0.0000 0.0000 0.0001 0.0000 0.0001 0.0001 0.0000 0.0001 0.0001 0.0000 0.0000 0.0973 0.0000 0.0002 0.0001 0.0001 0.0002 0.0001 0.0037 0.0000 0.0000 0.0000 0.0000 0.0000 0.0000 0.0000 0.0002 0.0041 0.0024 0.0000 0.0000 0.0000 0.0000 0.0000 0.0000
0.0697 0.1150 0.1551 0.2239 0.3965 0.2584 0.0978 0.0755 0.1247 0.0969 0.0884 0.1103 0.0774 0.0873 0.0947 0.0715 0.1375 0.1047 0.2423 0.0980 0.1553 0.1052 0.0386 0.0549 0.0292 0.0473 0.0363 0.1325 0.0955 0.0711 0.0514 0.3743 0.2074 0.7010 0.4511 0.4935 0.5416 0.4748 0.4882 0.2514 0.0495 0.0494 0.0208 0.0001 0.0000 0.0000 0.0000 0.0273 0.0001 0.0000 0.0000 0.0010 0.0028 0.0003 0.0000 0.0001 0.0003 0.3596 0.4707 0.5847 0.6354 0.4546 0.4085 0.3009
0.0001 0.0000 0.0000 0.0000 0.0000 0.0000 0.0000 0.0000 0.0000 0.0000 0.0000 0.0000 0.0000 0.0000 0.0000 0.0000 0.0000 0.0000 0.0000 0.0000 0.0000 0.0000 0.0000 0.0004 0.0000 0.0001 0.0001 0.0002 0.0004 0.0004 0.0000 0.0001 0.0000 0.0000 0.0000 0.0000 0.0000 0.0000 0.0000 0.0000 0.0000 0.0000 0.0000 0.0000 0.0000 0.0000 0.0000 0.0000 0.0000 0.0000 0.1574 0.0000 0.0000 0.0000 0.0000 0.0000 0.0000 0.0000 0.0000 0.0000 0.0000 0.0000 0.0000 0.0000
0.0000 0.0000 0.0000 0.0000 0.0000 0.0000 0.0000 0.0000 0.0000 0.0000 0.0000 0.0000 0.0000 0.0000 0.0000 0.0000 0.0000 0.0000 0.0000 0.0000 0.0000 0.0000 0.0000 0.0000 0.0000 0.0000 0.0000 0.0000 0.0000 0.0000 0.0000 0.0796 0.0000 0.0000 0.0000 0.0000 0.0000 0.0000 0.0000 0.1245 0.0735 0.0000 0.0112 0.0098 0.0000 0.0000 0.0000 0.0000 0.0000 0.0000 0.0000 0.0000 0.0000 0.0000 0.0000 0.0000 0.0000 0.0000 0.0000 0.0000 0.0000 0.0014 0.0001 0.0281
0.0000 0.0000 0.0000 0.0000 0.0000 0.0000 0.0000 0.0000 0.0000 0.0000 0.3660 0.1460 0.2487 0.0000 0.0000 0.0000 0.0000 0.0000 0.0000 0.0000 0.0000 0.0000 0.0000 0.0000 0.0000 0.0000 0.0000 0.0000 0.0000 0.0000 0.0001 0.0000 0.0000 0.0001 0.0000 0.0000 0.0000 0.0000 0.0000 0.0000 0.0827 0.0000 0.0008 0.0000 0.0000 0.0000 0.0030 0.0044 0.0040 0.0001 0.0000 0.0000 0.0000 0.0720 0.0000 0.0296 0.4435 0.1376 0.0938 0.0016 0.0000 0.0000 0.0000 0.0000
0.0000 0.0000 0.0000 0.0000 0.0000 0.0000 0.0000 0.0000 0.0000 0.0000 0.0000 0.0000 0.0000 0.0000 0.0000 0.0000 0.0000 0.0000 0.0000 0.0000 0.0000 0.0000 0.0000 0.0000 0.0000 0.0000 0.0000 0.0000 0.0000 0.0005 0.0000 0.0000 0.0000 0.0000 0.0000 0.0000 0.0000 0.0000 0.0000 0.0000 0.0000 0.0000 0.0000 0.0000 0.0000 0.0000 0.0000 0.0000 0.0000 0.0000 0.0000 0.0000 0.0000 0.0000 0.0000 0.0000 0.0000 0.0000 0.0000 0.0000 0.0000 0.0000 0.0000 0.0000
0.0000 0.0001 0.0000 0.0000 0.0001 0.0000 0.1459 0.1482 0.1986 0.1845 0.0568 0.0163 0.0103 0.0065 0.0202 0.0000 0.1297 0.1203 0.0000 0.0000 0.0000 0.0000 0.0000 0.0087 0.0000 0.0006 0.0000 0.0024 0.0000 0.0000 0.0000 0.0000 0.0000 0.0000 0.0000 0.0000 0.0000 0.0000 0.0000 0.0000 0.0000 0.0002 0.0210 0.0023 0.0033 0.0041 0.0030 0.0028 0.0082 0.0006 0.0071 0.0075 0.0042 0.0051 0.0099 0.0109 0.0058 0.0070 0.0067 0.0058 0.0058 0.0017 0.0029 0.0009
0.0000 0.0000 0.0000 0.0000 0.0000 0.0000 0.0000 0.0000 0.1151 0.0000 0.0000 0.0000 0.0000 0.0000 0.0000 0.0000 0.0000 0.0000 0.0000 0.0000 0.0106 0.1901 0.2400 0.0043 0.0011 0.0005 0.0003 0.0019 0.0088 0.0294 0.0147 0.0206 0.0000 0.0017 0.0000 0.0000 0.0000 0.0000 0.0000 0.0000 0.0001 0.0000 0.0136 0.0000 0.0000 0.0000 0.0000 0.0000 0.0000 0.0000 0.0000 0.0000 0.0000 0.0000 0.0000 0.0000 0.0000 0.0000 0.0000 0.0000 0.0000 0.0000 0.0000 0.0000
0.0000 0.0000 0.0000 0.0000 0.0000 0.0000 0.0037 0.0000 0.0000 0.0000 0.0000 0.0000 0.0000 0.0000 0.0000 0.0000 0.0000 0.0000 0.0000 0.0000 0.0000 0.0000 0.0001 0.0000 0.0000 0.0000 0.0000 0.0000 0.0001 0.0000 0.0000 0.0000 0.0000 0.0000 0.0000 0.0000 0.0000 0.0000 0.0000 0.0000 0.0000 0.0000 0.0000 0.0000 0.0000 0.0000 0.0000 0.0000 0.1402 0.0811 0.2634 0.0000 0.0000 0.0000 0.0000 0.0000 0.0000 0.0000 0.0000 0.0000 0.0000 0.0000 0.0000 0.0000
0.0069 0.0123 0.0000 0.0027 0.0197 0.0088 0.0078 0.0122 0.0053 0.0076 0.0052 0.0001 0.0000 0.0000 0.1538 0.0000 0.0000 0.0000 0.0490 0.0287 0.0108 0.0023 0.0887 0.0471 0.1368 0.0954 0.3191 0.4672 0.6002 0.4245 0.0000 0.0000 0.0000 0.0248 0.0000 0.0000 0.1177 0.0255 0.1336 0.0024 0.0098 0.0006 0.0002 0.0036 0.0002 0.0019 0.0020 0.0023 0.0028 0.0027 0.0532 0.0559 0.0513 0.0678 0.0613 0.0519 0.0601 0.0231 0.0011 0.0000 0.0015 0.0083 0.0077 0.0232
0.0000 0.0000 0.0000 0.0000 0.0000 0.0000 0.0000 0.0000 0.0000 0.0000 0.0000 0.0000 0.0000 0.0000 0.0000 0.0000 0.0000 0.0000 0.0000 0.0000 0.0000 0.0000 0.0000 0.0000 0.0000 0.0000 0.0000 0.0000 0.0000 0.0000 0.0000 0.0000 0.0000 0.0000 0.0000 0.0000 0.0000 0.0003 0.0008 0.0002 0.0001 0.0000 0.0000 0.0000 0.0000 0.0014 0.0000 0.0000 0.0000 0.0000 0.0000 0.0000 0.0000 0.0000 0.0000 0.0000 0.0000 0.0000 0.0000 0.0000 0.0000 0.0000 0.0000 0.0001
0.0000 0.0002 0.0000 0.1416 0.2638 0.3506 0.1137 0.0000 0.0002 0.0000 0.0000 0.0000 0.0000 0.0000 0.0000 0.0000 0.0000 0.0105 0.1519 0.0000 0.2361 0.0877 0.0000 0.0000 0.0000 0.0000 0.0000 0.0000 0.0955 0.0000 0.0001 0.0011 0.0007 0.0003 0.0009 0.0108 0.0000 0.0000 0.0001 0.0001 0.0000 0.0003 0.0001 0.0001 0.0000 0.0000 0.0000 0.0000 0.0000 0.0011 0.0018 0.0036 0.0000 0.0112 0.0009 0.0233 0.0000 0.0285 0.0093 0.0000 0.0000 0.1315 0.0317 0.0000
0.0000 0.0000 0.0031 0.0018 0.0000 0.0029 0.0006 0.0003 0.0008 0.0016 0.0006 0.0000 0.0000 0.0019 0.0117 0.0004 0.0008 0.0901 0.1549 0.1058 0.0467 0.0035 0.0005 0.0009 0.0001 0.0010 0.0011 0.0003 0.0007 0.0106 0.0342 0.0100 0.0156 0.0066 0.0000 0.0010 0.0001 0.0001 0.0002 0.0000 0.0000 0.0000 0.0161 0.0122 0.0488 0.0835 0.0347 0.0094 0.0216 0.0211 0.0007 0.0001 0.0023 0.0000 0.0002 0.0000 0.0000 0.0000 0.0000 0.0000 0.0001 0.0007 0.0000 0.0000
0.0000 0.0000 0.0000 0.0000 0.0000 0.0000 0.0000 0.0000 0.0000 0.0000 0.0000 0.0000 0.0000 0.0000 0.0000 0.0000 0.0000 0.0000 0.0000 0.0000 0.0000 0.0000 0.0000 0.0000 0.0000 0.0000 0.0000 0.0000 0.0000 0.0000 0.0000 0.0000 0.0000 0.0000 0.0000 0.0000 0.0000 0.0000 0.0000 0.0000 0.0000 0.0000 0.0000 0.0000 0.0000 0.0000 0.0000 0.0000 0.0000 0.0000 0.0000 0.0000 0.0000 0.0000 0.0000 0.0000 0.0000 0.0000 0.0000 0.0000 0.0000 0.0000 0.0000 0.0000
0.0000 0.0000 0.0000 0.0000 0.0000 0.0000 0.0000 0.0000 0.0000 0.0000 0.0000 0.1279 0.0818 0.0000 0.0000 0.0000 0.0000 0.0000 0.0000 0.0283 0.0000 0.0000 0.0000 0.0010 0.0000 0.0047 0.0022 0.0035 0.0000 0.0048 0.0000 0.0056 0.0043 0.0000 0.0051 0.0011 0.0009 0.0000 0.0000 0.0000 0.0000 0.0003 0.0000 0.0000 0.0000 0.0000 0.0000 0.0023 0.0032 0.0041 0.0076 0.0123 0.0298 0.0071 0.0121 0.0095 0.0046 0.0035 0.0000 0.0000 0.0000 0.0000 0.0000 0.0000
0.0000 0.0000 0.0000 0.0000 0.0000 0.0000 0.0000 0.0000 0.0000 0.0000 0.0000 0.0000 0.0000 0.0000 0.0000 0.0000 0.0000 0.0000 0.0000 0.0000 0.0000 0.0000 0.0001 0.0003 0.0005 0.0000 0.0000 0.0000 0.0000 0.0000 0.0000 0.0000 0.0000 0.0000 0.0000 0.0000 0.0000 0.0000 0.0064 0.0000 0.0595 0.0000 0.0002 0.0000 0.0000 0.0000 0.0000 0.0000 0.0507 0.0008 0.0006 0.0863 0.0000 0.0000 0.0000 0.0000 0.0000 0.0000 0.0001 0.0010 0.0001 0.0000 0.0001 0.0001
0.0000 0.0000 0.0000 0.0000 0.0000 0.0000 0.0000 0.0000 0.0000 0.0000 0.0001 0.0019 0.0000 0.0088 0.0114 0.0089 0.0000 0.0104 0.0000 0.0000 0.0270 0.0000 0.0502 0.0379 0.0000 0.0000 0.0000 0.0000 0.0000 0.0000 0.0000 0.0000 0.0145 0.0000 0.0000 0.0000 0.0000 0.0000 0.0118 0.0774 0.0558 0.1010 0.0763 0.0492 0.0303 0.0133 0.0011 0.0000 0.0001 0.0000 0.0000 0.0000 0.0000 0.0000 0.0000 0.0004 0.0000 0.0000 0.0361 0.0350 0.0062 0.0000 0.0000 0.0002
0.0000 0.0000 0.0000 0.0000 0.0000 0.0000 0.0000 0.0000 0.0000 0.0000 0.0000 0.0002 0.0000 0.0000 0.0000 0.0000 0.0000 0.0000 0.0000 0.0000 0.0000 0.0000 0.0000 0.0000 0.0000 0.0000 0.0000 0.0000 0.0000 0.0000 0.0000 0.0000 0.0000 0.0000 0.0000 0.0000 0.0000 0.0000 0.0000 0.0000 0.0000 0.0000 0.0000 0.0000 0.0000 0.0000 0.0000 0.0000 0.0000 0.0000 0.0000 0.0000 0.0000 0.0000 0.0000 0.0000 0.0000 0.0000 0.0000 0.0000 0.0000 0.0000 0.0000 0.0000
0.0000 0.0000 0.0000 0.0000 0.0000 0.0000 0.0000 0.0050 0.0062 0.0053 0.0030 0.0000 0.0000 0.0000 0.0000 0.0016 0.0000 0.0000 0.0000 0.0000 0.0000 0.0065 0.0000 0.0000 0.0000 0.0001 0.0001 0.0003 0.0107 0.0000 0.0000 0.0000 0.0001 0.0001 0.0000 0.0000 0.0000 0.0000 0.0000 0.0001 0.0000 0.0000 0.0000 0.0003 0.0000 0.0000 0.0000 0.0000 0.0000 0.0000 0.0000 0.0000 0.0000 0.0000 0.0048 0.0000 0.0000 0.0000 0.0000 0.0000 0.0000 0.0000 0.0000 0.0000
0.0000 0.0000 0.0000 0.0000 0.0000 0.0000 0.0000 0.0000 0.0000 0.0000 0.0000 0.0000 0.0000 0.0000 0.0000 0.0000 0.0000 0.0000 0.0001 0.0001 0.0000 0.0000 0.0000 0.0000 0.0000 0.0000 0.0000 0.0000 0.0000 0.0000 0.0000 0.0000 0.0000 0.0000 0.0000 0.0000 0.0000 0.0000 0.0000 0.0000 0.0000 0.0000 0.0000 0.0000 0.0000 0.0000 0.0000 0.0000 0.0000 0.0000 0.0000 0.0000 0.0000 0.0000 0.0000 0.0000 0.0000 0.0000 0.0000 0.0000 0.0000 0.0000 0.0000 0.0000
0.0000 0.0000 0.0000 0.0000 0.0000 0.0000 0.0000 0.1252 0.0605 0.0000 0.0000 0.0000 0.0000 0.0000 0.0000 0.0000 0.0000 0.0000 0.0000 0.0000 0.0002 0.0000 0.0000 0.0001 0.0001 0.0000 0.0000 0.0000 0.0000 0.0031 0.0002 0.0002 0.0001 0.0081 0.0002 0.0000 0.0000 0.0000 0.0000 0.0171 0.0000 0.0169 0.0000 0.0000 0.0000 0.0000 0.0000 0.0000 0.0000 0.0000 0.0000 0.0001 0.0000 0.0000 0.0026 0.0023 0.0000 0.0000 0.0000 0.0001 0.0000 0.0000 0.0000 0.0000
0.0197 0.0145 0.0109 0.0142 0.0055 0.0073 0.0111 0.0059 0.0061 0.0197 0.0093 0.0080 0.0148 0.0124 0.2113 0.0124 0.0310 0.0085 0.1541 0.1279 0.0106 0.0000 0.0337 0.0000 0.0032 0.0024 0.0000 0.0000 0.0199 0.0062 0.0433 0.0006 0.0000 0.0107 0.0000 0.0000 0.0000 0.0001 0.0001 0.0000 0.0000 0.0002 0.0021 0.0001 0.0000 0.0002 0.0032 0.0887 0.1197 0.1711 0.1447 0.1451 0.1024 0.2202 0.2025 0.2343 0.1135 0.1153 0.1470 0.1495 0.1005 0.0946 0.0962 0.0956
0.0000 0.0000 0.0000 0.0000 0.0000 0.0000 0.0000 0.0000 0.0000 0.0054 0.0000 0.0000 0.0000 0.0000 0.0000 0.0000 0.0000 0.0000 0.0000 0.0000 0.0000 0.0000 0.1079 0.0001 0.0146 0.0010 0.0662 0.0000 0.0302 0.0600 0.0196 0.0504 0.0204 0.0000 0.0436 0.0693 0.0412 0.0414 0.0368 0.1358 0.0296 0.0370 0.0324 0.0416 0.0360 0.0323 0.0276 0.0146 0.0450 0.0213 0.0258 0.0301 0.0262 0.0302 0.0366 0.0534 0.0308 0.0242 0.0180 0.0137 0.0124 0.0173 0.0149 0.0197
0.0010 0.0208 0.0025 0.0202 0.0086 0.0344 0.0001 0.0000 0.0014 0.0000 0.0000 0.0000 0.0000 0.0000 0.0000 0.2767 0.0000 0.0000 0.0000 0.0000 0.0000 0.0000 0.0000 0.0000 0.0000 0.0000 0.0000 0.0000 0.0000 0.0000 0.0000 0.0000 0.0000 0.0000 0.0000 0.0000 0.0000 0.0001 0.0000 0.0000 0.0000 0.0000 0.0000 0.0000 0.0000 0.0000 0.0000 0.0000 0.0000 0.0000 0.0000 0.2207 0.3848 0.0000 0.1859 0.1507 0.0000 0.0000 0.0000 0.0000 0.0000 0.0000 0.0000 0.0000
0.0000 0.0000 0.0000 0.0000 0.0000 0.0000 0.0000 0.0000 0.0000 0.0000 0.0000 0.0000 0.0000 0.0000 0.0000 0.0000 0.0000 0.0000 0.0000 0.0000 0.0000 0.0000 0.0000 0.0000 0.0000 0.0000 0.0000 0.0000 0.0000 0.0000 0.0000 0.0000 0.0032 0.0051 0.0062 0.0053 0.0041 0.0055 0.0038 0.0101 0.0079 0.0105 0.0081 0.0034 0.0023 0.0055 0.0062 0.0046 0.0154 0.0134 0.0000 0.1333 0.1256 0.1387 0.0000 0.0000 0.0000 0.0000 0.0000 0.0000 0.0000 0.0000 0.0000 0.0000
0.0349 0.0167 0.0303 0.0278 0.0133 0.0000 0.0000 0.0000 0.0000 0.0000 0.0000 0.0000 0.0000 0.0000 0.0000 0.0000 0.0000 0.1016 0.0000 0.0000 0.0000 0.0000 0.0000 0.0000 0.0000 0.0000 0.0000 0.0000 0.0061 0.0003 0.0029 0.0012 0.0293 0.0000 0.0185 0.0090 0.0030 0.0002 0.0000 0.0000 0.0000 0.3528 0.0000 0.0000 0.0000 0.0000 0.0000 0.0003 0.0000 0.0000 0.0000 0.0000 0.0000 0.0000 0.0000 0.0001 0.0000 0.0000 0.0284 0.0703 0.1391 0.1916 0.3045 0.0005
0.0000 0.0000 0.0000 0.0000 0.0000 0.0000 0.0000 0.0000 0.0000 0.0000 0.0000 0.0000 0.0000 0.0000 0.0000 0.1084 0.0004 0.0000 0.0000 0.0000 0.0467 0.0006 0.0947 0.0061 0.0000 0.0000 0.0000 0.0013 0.0000 0.0002 0.0000 0.0000 0.0001 0.0001 0.0000 0.0002 0.0005 0.0019 0.0061 0.0905 0.0566 0.1167 0.1177 0.0937 0.0873 0.1302 0.1022 0.1555 0.1383 0.0723 0.0691 0.0036 0.0006 0.0000 0.0000 0.0000 0.0000 0.0000 0.0000 0.0002 0.0026 0.0000 0.0000 0.0000
0.0000 0.0055 0.0000 0.0114 0.0026 0.0000 0.0000 0.0000 0.0047 0.0055 0.0025 0.0026 0.0024 0.0036 0.0109 0.0054 0.0041 0.0027 0.0212 0.0147 0.0065 0.0034 0.0070 0.0029 0.0023 0.0000 0.0000 0.0008 0.0903 0.0056 0.2053 0.0000 0.0000 0.0000 0.0000 0.0000 0.0000 0.0000 0.0000 0.0002 0.0000 0.0000 0.0010 0.0000 0.0042 0.0000 0.0000 0.0000 0.0000 0.0000 0.0003 0.0002 0.0000 0.0000 0.0270 0.0008 0.0045 0.0398 0.0000 0.0000 0.0000 0.0000 0.0001 0.0374
0.0000 0.0000 0.0000 0.0000 0.0000 0.0000 0.0000 0.0000 0.0000 0.0000 0.0000 0.0000 0.0000 0.0000 0.0000 0.0000 0.0000 0.0000 0.0000 0.0000 0.0000 0.0000 0.0000 0.0000 0.0000 0.0000 0.0000 0.0000 0.0000 0.0000 0.0000 0.0000 0.0000 0.0000 0.0000 0.0000 0.0000 0.0000 0.0000 0.0000 0.0000 0.0000 0.0000 0.0000 0.0000 0.0000 0.0000 0.0000 0.0000 0.0000 0.0000 0.0000 0.0000 0.0000 0.0000 0.0000 0.0000 0.0000 0.0000 0.0000 0.0000 0.0000 0.0000 0.0000
0.0000 0.0000 0.0000 0.0000 0.0000 0.0000 0.0000 0.0000 0.0000 0.2751 0.2181 0.0000 0.0000 0.1340 0.0000 0.0001 0.0000 0.0000 0.0000 0.0000 0.0000 0.0000 0.0000 0.1152 0.0000 0.0000 0.0000 0.0000 0.0000 0.0000 0.0000 0.0000 0.0000 0.0000 0.0000 0.0000 0.0000 0.0000 0.0000 0.0000 0.0000 0.0000 0.0000 0.0000 0.0000 0.0000 0.0000 0.0000 0.0000 0.0000 0.0000 0.0000 0.0000 0.0700 0.0000 0.0000 0.0000 0.0000 0.0000 0.0000 0.0000 0.0000 0.0000 0.0000
0.0000 0.0000 0.0000 0.0000 0.0000 0.0001 0.0000 0.0000 0.0002 0.0002 0.0002 0.0002 0.0000 0.0000 0.0000 0.0000 0.0000 0.0000 0.0000 0.0000 0.0000 0.0000 0.0000 0.0000 0.0000 0.0000 0.0000 0.0000 0.0000 0.0000 0.0000 0.0000 0.0000 0.0000 0.0000 0.0000 0.0000 0.0000 0.0000 0.0000 0.0000 0.0000 0.0000 0.0000 0.0000 0.0000 0.0000 0.0000 0.0000 0.0000 0.0000 0.0000 0.0000 0.0000 0.0000 0.0000 0.0000 0.0000 0.0000 0.0000 0.0000 0.0000 0.0000 0.0000
0.0024 0.0050 0.0471 0.0674 0.1457 0.1537 0.0172 0.1349 0.0000 0.0000 0.0000 0.0000 0.0000 0.0000 0.0000 0.0000 0.0000 0.0000 0.0000 0.0000 0.0000 0.0000 0.0000 0.0697 0.0000 0.0000 0.0000 0.0000 0.0000 0.0052 0.0027 0.0000 0.0012 0.0002 0.0000 0.0227 0.0015 0.0119 0.0002 0.0000 0.0000 0.0000 0.0000 0.0000 0.0000 0.0000 0.0000 0.0000 0.0000 0.0000 0.0001 0.0000 0.0000 0.0001 0.0000 0.0000 0.0000 0.0000 0.0000 0.0046 0.0000 0.0021 0.0037 0.0039
0.0001 0.0045 0.0031 0.0024 0.0000 0.0041 0.0000 0.0019 0.0000 0.0000 0.0000 0.0000 0.0000 0.0000 0.0000 0.0000 0.0000 0.0000 0.0000 0.1921 0.1108 0.0722 0.0073 0.0000 0.0058 0.0106 0.0000 0.0000 0.0005 0.0057 0.0008 0.0000 0.0049 0.0000 0.0000 0.1809 0.0025 0.0020 0.0119 0.0377 0.0078 0.0212 0.0170 0.0132 0.0112 0.0079 0.0105 0.0273 0.0314 0.1013 0.0389 0.1399 0.0752 0.0320 0.0482 0.1675 0.0089 0.0213 0.0195 0.0192 0.0166 0.0003 0.0000 0.0000
0.0000 0.0000 0.0000 0.0000 0.0000 0.0000 0.0000 0.0000 0.0006 0.0001 0.0000 0.0000 0.0000 0.0000 0.0000 0.0000 0.0000 0.0000 0.0000 0.0000 0.0000 0.0000 0.0000 0.0000 0.0001 0.0000 0.0001 0.0001 0.0000 0.0000 0.0000 0.0000 0.0000 0.0000 0.0000 0.0000 0.0000 0.0000 0.0000 0.0000 0.0000 0.0000 0.0000 0.0000 0.0000 0.0000 0.0000 0.0000 0.0000 0.0000 0.0000 0.0000 0.0000 0.0000 0.0000 0.0000 0.0000 0.0000 0.0000 0.0000 0.0000 0.0000 0.0000 0.0000
0.0000 0.0000 0.0000 0.0000 0.0000 0.0000 0.0000 0.0000 0.0000 0.0000 0.0000 0.0002 0.0000 0.0030 0.0007 0.0011 0.0008 0.0000 0.0001 0.0000 0.0000 0.0000 0.0000 0.0000 0.0000 0.0000 0.0000 0.0000 0.0000 0.0000 0.0000 0.0000 0.0000 0.0000 0.0001 0.0000 0.0000 0.0000 0.0000 0.0014 0.0000 0.0110 0.0000 0.0009 0.0015 0.0000 0.0007 0.0026 0.0000 0.0059 0.0085 0.0640 0.0449 0.0773 0.0000 0.0312 0.0297 0.0560 0.0223 0.0211 0.0054 0.0026 0.0105 0.0124
0.0000 0.0000 0.0000 0.0000 0.0000 0.0000 0.0000 0.0000 0.0000 0.0000 0.0000 0.0000 0.0000 0.0001 0.0000 0.0000 0.0000 0.0000 0.0000 0.0000 0.0000 0.0000 0.0000 0.0000 0.0000 0.0000 0.0000 0.0000 0.0000 0.0000 0.0000 0.0000 0.0000 0.0000 0.0000 0.0000 0.0000 0.0000 0.0008 0.0012 0.0005 0.0000 0.0000 0.0000 0.0000 0.0000 0.0000 0.0000 0.0000 0.0000 0.0000 0.0000 0.0000 0.0000 0.0000 0.0000 0.0000 0.0000 0.0000 0.0000 0.0000 0.0000 0.0000 0.0000
0.0000 0.0052 0.0000 0.0000 0.0046 0.0001 0.0025 0.0000 0.0040 0.0028 0.0033 0.0031 0.0022 0.0014 0.0015 0.0019 0.0034 0.0015 0.0015 0.0010 0.0011 0.0008 0.0006 0.0012 0.0005 0.0007 0.0005 0.0000 0.0000 0.0000 0.0001 0.0000 0.0000 0.0000 0.0000 0.0000 0.0000 0.0000 0.0000 0.0000 0.0000 0.0000 0.0000 0.0000 0.0000 0.0000 0.0000 0.0000 0.0000 0.0000 0.0000 0.0000 0.0000 0.0000 0.0000 0.0000 0.0000 0.0000 0.0001 0.0000 0.0000 0.0000 0.0000 0.0001
0.0000 0.0024 0.0011 0.1312 0.0000 0.0001 0.0000 0.0001 0.0000 0.0000 0.0000 0.0000 0.0000 0.0000 0.0000 0.0000 0.0001 0.0000 0.0003 0.1093 0.0000 0.0000 0.1068 0.0002 0.0002 0.0002 0.0001 0.0006 0.0043 0.0400 0.0063 0.0009 0.0001 0.0001 0.0020 0.0000 0.0000 0.0000 0.0000 0.0000 0.0000 0.0000 0.0000 0.0000 0.0000 0.0000 0.0000 0.0000 0.0000 0.0000 0.0000 0.0000 0.0013 0.0005 0.0004 0.0000 0.0000 0.0000 0.0000 0.0000 0.0000 0.0000 0.0000 0.0000
0.0000 0.0000 0.0000 0.0000 0.0000 0.0000 0.0000 0.0000 0.0000 0.0000 0.0000 0.0000 0.0000 0.0000 0.0000 0.0002 0.0000 0.0000 0.0000 0.0000 0.0000 0.0000 0.0000 0.0000 0.0000 0.0000 0.0000 0.0000 0.0000 0.0000 0.0000 0.0000 0.0000 0.0000 0.0000 0.0000 0.0000 0.0000 0.0000 0.0000 0.0000 0.0000 0.0000 0.0000 0.0000 0.0000 0.0000 0.0000 0.0000 0.0000 0.0000 0.0000 0.0000 0.0000 0.0000 0.0000 0.0000 0.0000 0.0000 0.0000 0.0000 0.0000 0.0000 0.0000
0.0000 0.0000 0.0000 0.0000 0.0000 0.0000 0.0000 0.0000 0.0939 0.1553 0.0001 0.0000 0.0000 0.0000 0.0000 0.0000 0.0000 0.0000 0.0000 0.0000 0.0000 0.0062 0.0494 0.0803 0.6941 0.1015 0.1680 0.1908 0.0002 0.2371 0.0000 0.1529 0.2828 0.1395 0.1482 0.1555 0.1412 0.2564 0.1291 0.1110 0.2134 0.0749 0.0091 0.0109 0.0020 0.0037 0.0082 0.0227 0.0392 0.0055 0.0180 0.0051 0.0047 0.0000 0.0000 0.0001 0.1256 0.0523 0.0376 0.0000 0.0000 0.0000 0.0000 0.0000
0.0000 0.0000 0.0000 0.0000 0.0000 0.0000 0.0000 0.0000 0.0000 0.0000 0.0000 0.0000 0.0000 0.0000 0.0000 0.0000 0.0000 0.0000 0.0000 0.0000 0.0000 0.0000 0.0000 0.0000 0.0000 0.0000 0.0000 0.0000 0.0000 0.0000 0.0000 0.0000 0.0000 0.0000 0.0000 0.0000 0.0000 0.0000 0.0000 0.0000 0.0000 0.0000 0.0000 0.0000 0.0000 0.0000 0.0000 0.0004 0.0000 0.0001 0.0000 0.0000 0.0068 0.0000 0.0000 0.0000 0.0000 0.0000 0.0000 0.0000 0.0000 0.0000 0.0000 0.0000
