0.0076 0.0486 0.0314 0.0382 0.0200 0.0628 0.0477 0.0512 0.0732 0.1557 0.3676 0.3029 0.1681 0.1491 0.1860 0.1783 0.1441 0.2141 0.1723 0.1093 0.1478 0.1108 0.1340 0.0466 0.0373 0.1034 0.2700 0.0906 0.1622 0.1588 0.0425 0.0568 0.0007 0.0001 0.0001 0.0000 0.0000 0.0000 0.0001 0.0001 0.0001 0.0040 0.0030 0.0021 0.0042 0.0002 0.0008 0.0006 0.0085 0.0043 0.0031 0.0153 0.0009 0.0011 0.0213 0.0227 0.0177 0.0193 0.0137 0.0146 0.0163 0.0329 0.0424 0.0176
0.0000 0.0000 0.0000 0.0000 0.0000 0.0000 0.0000 0.0000 0.0002 0.0005 0.0111 0.0002 0.0000 0.0000 0.0000 0.0001 0.0000 0.0000 0.0000 0.0000 0.0042 0.0000 0.0000 0.0010 0.0000 0.0001 0.0000 0.0000 0.0000 0.0000 0.0000 0.0000 0.0000 0.0000 0.0000 0.0000 0.0000 0.0000 0.0001 0.0001 0.0000 0.0000 0.0000 0.0002 0.0000 0.0000 0.0000 0.0000 0.0001 0.0000 0.0000 0.0000 0.0000 0.0000 0.0000 0.0000 0.0000 0.0000 0.0001 0.0000 0.0000 0.0000 0.0000 0.0000
0.0000 0.0000 0.0000 0.0000 0.0000 0.0000 0.0000 0.0000 0.0000 0.0000 0.0000 0.0001 0.0000 0.0103 0.0000 0.0000 0.0000 0.0000 0.0000 0.0001 0.0005 0.0000 0.0003 0.0000 0.0003 0.0002 0.0005 0.0000 0.0000 0.0001 0.0000 0.0001 0.0300 0.0000 0.0000 0.0002 0.0001 0.0000 0.0000 0.0000 0.0000 0.0000 0.0000 0.0000 0.0000 0.0000 0.0000 0.0000 0.0000 0.0000 0.0000 0.0001 0.0001 0.0000 0.0093 0.0146 0.0055 0.0000 0.0000 0.0000 0.0000 0.0000 0.0000 0.0000
0.0000 0.0000 0.0000 0.0000 0.0000 0.0001 0.0003 0.0000 0.0000 0.0000 0.0000 0.0000 0.0000 0.0000 0.0000 0.0000 0.0000 0.0000 0.0000 0.0000 0.0000 0.0000 0.0000 0.0000 0.0000 0.0000 0.0000 0.0000 0.0000 0.0000 0.0000 0.0003 0.0118 0.0198 0.0046 0.0000 0.0000 0.0223 0.0000 0.0000 0.0000 0.0000 0.0000 0.0000 0.0000 0.0000 0.0000 0.0000 0.0000 0.0000 0.0000 0.0000 0.0000 0.0000 0.0000 0.0000 0.0000 0.0000 0.0000 0.0000 0.0000 0.0000 0.0000 0.0000
0.0001 0.0005 0.0001 0.0001 0.0001 0.0001 0.0001 0.0001 0.0001 0.0000 0.0003 0.0272 0.0000 0.0000 0.0000 0.0008 0.0000 0.0000 0.1093 0.0001 0.0007 0.0002 0.0119 0.0010 0.0002 0.0003 0.0006 0.0006 0.0008 0.0439 0.0407 0.0005 0.0987 0.0035 0.0007 0.0010 0.0007 0.0006 0.0014 0.0008 0.0007 0.0022 0.0006 0.0001 0.0001 0.0000 0.0001 0.0000 0.0000 0.0001 0.0058 0.0550 0.0586 0.0409 0.0100 0.0288 0.0660 0.0292 0.0123 0.0422 0.0316 0.0669 0.0138 0.0001
0.0000 0.0000 0.0000 0.0000 0.0000 0.0000 0.0001 0.0000 0.0000 0.0000 0.0000 0.0000 0.0000 0.0000 0.0000 0.0000 0.0000 0.0000 0.0000 0.0000 0.0000 0.0000 0.0000 0.0000 0.0000 0.0000 0.0000 0.0000 0.0000 0.0000 0.0000 0.0000 0.0000 0.0000 0.0000 0.0000 0.0000 0.0000 0.0000 0.0000 0.0681 0.1675 0.2117 0.2224 0.2402 0.1590 0.1908 0.2091 0.2722 0.3462 0.2076 0.1872 0.1245 0.1383 0.1903 0.2199 0.1497 0.1731 0.1550 0.1996 0.2475 0.4177 0.3663 0.4465
0.0133 0.0129 0.0102 0.0015 0.0000 0.0000 0.0000 0.0000 0.0000 0.0000 0.0000 0.0000 0.0000 0.0000 0.0000 0.0068 0.0000 0.0000 0.0094 0.0138 0.0086 0.0000 0.0001 0.0000 0.0001 0.0000 0.0000 0.0001 0.0000 0.0000 0.0000 0.0267 0.0620 0.0561 0.0080 0.0000 0.0000 0.0000 0.0000 0.0000 0.0001 0.0001 0.0001 0.0000 0.0000 0.0023 0.0083 0.0483 0.0593 0.0014 0.0000 0.0000 0.0085 0.0001 0.0034 0.0034 0.0031 0.0054 0.0093 0.0001 0.0002 0.0003 0.0002 0.0001
0.0000 0.0001 0.0001 0.0002 0.0000 0.0000 0.0000 0.0000 0.0000 0.0000 0.0000 0.0000 0.0007 0.0001 0.0000 0.0001 0.0000 0.0000 0.0000 0.0001 0.0008 0.0012 0.0159 0.0136 0.0049 0.0040 0.0356 0.0396 0.0128 0.0107 0.0144 0.0169 0.0103 0.0000 0.0000 0.0000 0.0000 0.0000 0.0000 0.0000 0.0000 0.0000 0.0000 0.0001 0.0000 0.0000 0.0000 0.0000 0.0002 0.0079 0.0010 0.0447 0.0104 0.0013 0.0030 0.0073 0.0007 0.0000 0.0000 0.0000 0.0000 0.0722 0.0939 0.0000
0.0191 0.0002 0.0158 0.0000 0.0004 0.0140 0.0001 0.0005 0.0019 0.0001 0.0001 0.0001 0.0000 0.0000 0.0156 0.0148 0.0008 0.0553 0.0638 0.0638 0.0708 0.0535 0.1093 0.0003 0.0182 0.0006 0.0053 0.0647 0.0078 0.0124 0.0089 0.0103 0.0030 0.0074 0.0199 0.2020 0.0013 0.0024 0.0010 0.0004 0.0000 0.0001 0.0000 0.0000 0.0000 0.0000 0.0000 0.0000 0.0000 0.0002 0.0000 0.0365 0.0000 0.0000 0.0000 0.0000 0.0000 0.0000 0.0000 0.0002 0.0000 0.0568 0.0002 0.0000
0.0000 0.0000 0.0000 0.0008 0.0006 0.0100 0.0208 0.0412 0.0485 0.0690 0.1226 0.1074 0.0593 0.0422 0.0000 0.0259 0.0084 0.0000 0.0000 0.0000 0.0120 0.0000 0.0000 0.0081 0.0000 0.0002 0.0025 0.0126 0.0021 0.0071 0.0072 0.0147 0.0038 0.0168 0.0247 0.0079 0.0134 0.0327 0.0001 0.0008 0.0002 0.0000 0.0008 0.0000 0.0002 0.0000 0.0000 0.0000 0.0001 0.0002 0.0001 0.0002 0.0001 0.0000 0.0000 0.0001 0.0000 0.0000 0.0001 0.0000 0.0000 0.0001 0.0003 0.0000
0.0062 0.0075 0.0036 0.0000 0.0000 0.0050 0.0000 0.0000 0.0000 0.0000 0.0000 0.0000 0.0000 0.0000 0.0000 0.0000 0.0638 0.1566 0.0533 0.0618 0.0004 0.0002 0.0000 0.0045 0.0081 0.0595 0.0095 0.0179 0.0225 0.0000 0.0000 0.0000 0.0000 0.0000 0.0000 0.0000 0.0000 0.0000 0.0000 0.0000 0.0000 0.0000 0.0000 0.0000 0.0000 0.0000 0.0000 0.0000 0.0064 0.0086 0.0150 0.0127 0.0083 0.0043 0.0065 0.0083 0.0034 0.0023 0.0019 0.0031 0.0000 0.0000 0.0000 0.0000
0.0000 0.0000 0.0000 0.0000 0.0000 0.0001 0.0000 0.0015 0.0018 0.0010 0.0033 0.0046 0.0014 0.0000 0.0000 0.0000 0.0000 0.0001 0.0000 0.0000 0.0000 0.0101 0.0000 0.0000 0.0039 0.0034 0.0016 0.0042 0.0002 0.0004 0.0004 0.0020 0.0021 0.0026 0.0000 0.0000 0.0001 0.0001 0.0091 0.0471 0.0596 0.0403 0.0240 0.0044 0.0073 0.0349 0.0482 0.0552 0.0113 0.0592 0.0664 0.0558 0.0743 0.0722 0.1282 0.1076 0.0564 0.0664 0.0570 0.0571 0.0484 0.0383 0.0000 0.0001
0.0000 0.0000 0.0000 0.0000 0.0000 0.0000 0.0001 0.0000 0.0000 0.0000 0.0000 0.0001 0.0001 0.0000 0.1637 0.0001 0.0701 0.0000 0.0001 0.0001 0.0001 0.0000 0.0000 0.0000 0.0000 0.0000 0.0000 0.0000 0.0000 0.0000 0.0000 0.0000 0.0000 0.0000 0.0000 0.0000 0.0000 0.0001 0.0002 0.0004 0.0007 0.0002 0.0001 0.0001 0.0001 0.0000 0.0000 0.0000 0.0000 0.0000 0.0000 0.0000 0.0000 0.0000 0.0000 0.0001 0.0000 0.0000 0.0000 0.0000 0.0000 0.0000 0.0000 0.0000
0.0000 0.0000 0.0000 0.0000 0.0000 0.0000 0.0000 0.0000 0.0000 0.0000 0.0000 0.0000 0.0000 0.0000 0.0000 0.0000 0.0001 0.0000 0.0000 0.0000 0.0000 0.0000 0.0000 0.0000 0.0028 0.0000 0.0000 0.0000 0.0000 0.0000 0.0000 0.0002 0.0005 0.0000 0.0035 0.0014 0.0023 0.0032 0.0102 0.0077 0.0073 0.0076 0.0051 0.0037 0.0022 0.0014 0.0014 0.0009 0.0009 0.0005 0.0005 0.0001 0.0198 0.0239 0.0000 0.0002 0.0004 0.0339 0.0143 0.0000 0.0000 0.0012 0.0014 0.0021
0.0000 0.0136 0.0117 0.0165 0.0387 0.0000 0.0413 0.0373 0.0000 0.0186 0.0668 0.0703 0.0416 0.0000 0.0000 0.0000 0.0000 0.0000 0.0001 0.0072 0.0000 0.0019 0.0053 0.0000 0.0000 0.0000 0.0001 0.0001 0.0019 0.0459 0.0002 0.0131 0.0243 0.0001 0.0038 0.0031 0.0161 0.0046 0.0181 0.0002 0.0000 0.0000 0.0011 0.0162 0.0088 0.0000 0.0635 0.0000 0.0004 0.0039 0.0047 0.0072 0.0134 0.0175 0.0000 0.0001 0.0000 0.0000 0.0001 0.0004 0.0075 0.0061 0.0078 0.0080
0.0359 0.0464 0.0861 0.0758 0.0954 0.0889 0.1475 0.1960 0.0980 0.0827 0.0594 0.0001 0.0000 0.0000 0.0000 0.0000 0.0000 0.0000 0.0000 0.0002 0.0676 0.0001 0.1627 0.0013 0.0107 0.0028 0.0086 0.0002 0.0001 0.0035 0.0042 0.0472 0.0355 0.1014 0.0296 0.0223 0.0942 0.0444 0.0001 0.0000 0.0001 0.0001 0.0001 0.0002 0.0000 0.0001 0.0001 0.0000 0.0007 0.0006 0.0000 0.0000 0.0000 0.0000 0.0000 0.0000 0.0001 0.0001 0.0038 0.0002 0.0004 0.0005 0.0005 0.0002
0.1227 0.0791 0.0267 0.0206 0.0401 0.0249 0.0268 0.0186 0.0253 0.0185 0.0210 0.0128 0.0226 0.0268 0.0304 0.0244 0.0172 0.0195 0.0211 0.0095 0.0153 0.0102 0.0033 0.0205 0.0678 0.0169 0.0000 0.0005 0.0000 0.0000 0.0005 0.0006 0.0064 0.0002 0.0015 0.0002 0.0020 0.0016 0.0012 0.0111 0.0039 0.0105 0.0070 0.0097 0.0071 0.0013 0.0024 0.0480 0.0442 0.0467 0.0418 0.0349 0.0008 0.0002 0.0331 0.0291 0.0096 0.0115 0.0123 0.0331 0.0246 0.0448 0.0258 0.0179
0.0000 0.0000 0.0000 0.0000 0.0020 0.0011 0.0000 0.0000 0.0000 0.0000 0.0000 0.0000 0.0000 0.0000 0.0001 0.0000 0.1476 0.0014 0.0000 0.0000 0.0000 0.0000 0.0000 0.0000 0.0000 0.0000 0.0000 0.0000 0.0003 0.0048 0.0012 0.0024 0.0000 0.0000 0.0000 0.0001 0.0001 0.0422 0.0065 0.0000 0.0000 0.0094 0.0000 0.0000 0.0000 0.0002 0.0012 0.0346 0.0098 0.0647 0.1133 0.1288 0.2475 0.1136 0.1024 0.1455 0.0672 0.1178 0.0762 0.0716 0.0289 0.1266 0.2013 0.2296
0.0000 0.0000 0.0000 0.0000 0.0000 0.0000 0.0000 0.0000 0.0000 0.0000 0.0000 0.0000 0.0000 0.0000 0.0000 0.0000 0.0000 0.0000 0.0000 0.0008 0.0000 0.0076 0.0000 0.0000 0.0000 0.0000 0.0000 0.0000 0.0000 0.0000 0.0000 0.0000 0.0000 0.0000 0.0000 0.0000 0.0000 0.0000 0.0000 0.0000 0.0000 0.0047 0.0044 0.0423 0.0278 0.0888 0.0904 0.0903 0.1270 0.1201 0.0681 0.0081 0.0009 0.0265 0.0056 0.0000 0.0000 0.0003 0.0000 0.0000 0.0000 0.0000 0.0000 0.0011
0.0139 0.0200 0.0024 0.0028 0.0027 0.0034 0.0089 0.0142 0.0027 0.0000 0.0000 0.0000 0.0002 0.0430 0.0453 0.0000 0.0000 0.0000 0.0000 0.0000 0.0000 0.0001 0.0000 0.0000 0.0034 0.0000 0.0000 0.0000 0.0148 0.0112 0.0000 0.0000 0.0001 0.0014 0.0000 0.0001 0.0001 0.0001 0.0001 0.0000 0.0000 0.0002 0.0001 0.0001 0.0001 0.0005 0.0000 0.0000 0.0000 0.0000 0.0000 0.0000 0.0264 0.0534 0.0000 0.0000 0.0000 0.0000 0.0000 0.0000 0.0000 0.0000 0.0000 0.0000
0.0004 0.0006 0.0004 0.0001 0.0001 0.0009 0.0368 0.0442 0.0388 0.0536 0.0512 0.0702 0.0350 0.0374 0.0424 0.0259 0.0290 0.0147 0.0270 0.0009 0.0482 0.3655 0.1910 0.0231 0.2951 0.0919 0.0943 0.0234 0.0045 0.0054 0.0068 0.0092 0.0054 0.1215 0.2731 0.1760 0.1211 0.0038 0.0474 0.1049 0.0105 0.0074 0.0005 0.0001 0.0000 0.0000 0.0000 0.0000 0.0000 0.0001 0.0000 0.0001 0.0007 0.0047 0.0000 0.0000 0.0000 0.0002 0.0015 0.0000 0.0000 0.0000 0.0000 0.0002
0.0000 0.0000 0.0000 0.0000 0.0000 0.0000 0.0000 0.0000 0.0000 0.0000 0.0000 0.0000 0.0000 0.0000 0.0000 0.0000 0.0000 0.0000 0.0000 0.0000 0.0000 0.0000 0.0096 0.0130 0.0000 0.0000 0.0000 0.0000 0.0000 0.0000 0.0000 0.0000 0.0000 0.0000 0.0000 0.0000 0.0000 0.0000 0.0000 0.0000 0.0000 0.0001 0.0001 0.0000 0.0000 0.0000 0.0000 0.0000 0.0001 0.0001 0.0007 0.0013 0.0016 0.0013 0.0017 0.0022 0.0007 0.0006 0.0012 0.0012 0.0005 0.0004 0.0006 0.0000
0.0000 0.0000 0.0000 0.0000 0.0000 0.0000 0.0000 0.0000 0.0000 0.0000 0.0000 0.0000 0.0000 0.0000 0.0000 0.0000 0.0000 0.0000 0.0000 0.0000 0.0000 0.0000 0.0000 0.0001 0.0000 0.0000 0.0000 0.0001 0.0000 0.0003 0.0002 0.0001 0.0002 0.0003 0.0006 0.0004 0.0000 0.0000 0.0000 0.0000 0.0000 0.0000 0.0000 0.0000 0.0000 0.0000 0.0002 0.0000 0.0003 0.0005 0.0000 0.0001 0.0002 0.0001 0.0000 0.0001 0.0001 0.0000 0.0000 0.0002 0.0001 0.0000 0.0003 0.0000
0.0001 0.0001 0.0000 0.0000 0.0000 0.0001 0.0000 0.0000 0.0000 0.0000 0.0000 0.0000 0.0000 0.0000 0.0000 0.0757 0.0395 0.0652 0.0469 0.0006 0.0000 0.0002 0.0010 0.0005 0.0323 0.0000 0.0000 0.0000 0.0000 0.0000 0.0000 0.0014 0.0014 0.0073 0.0060 0.0027 0.0057 0.0023 0.0000 0.0000 0.0000 0.0000 0.0015 0.0039 0.0057 0.0042 0.0030 0.0007 0.0000 0.0000 0.0000 0.0000 0.0000 0.0000 0.0000 0.0045 0.0053 0.0028 0.0000 0.0000 0.0000 0.0000 0.0000 0.0000
0.0006 0.0010 0.0003 0.0003 0.0003 0.0003 0.0007 0.0005 0.0004 0.0004 0.0008 0.0012 0.0007 0.0005 0.0006 0.0007 0.0005 0.0005 0.0005 0.0003 0.0009 0.0006 0.0012 0.0011 0.0007 0.0015 0.0009 0.0008 0.0009 0.0011 0.0023 0.0023 0.0023 0.0013 0.0002 0.0001 0.0001 0.0004 0.0002 0.0028 0.0016 0.0023 0.0011 0.0007 0.0000 0.0000 0.0000 0.0008 0.0001 0.0000 0.0000 0.0001 0.0024 0.0001 0.0000 0.0002 0.0001 0.0001 0.0001 0.0001 0.0003 0.0002 0.0004 0.0006
0.0037 0.0067 0.0066 0.0075 0.0060 0.0076 0.0095 0.0178 0.0171 0.0131 0.0361 0.0431 0.0111 0.0756 0.0916 0.0623 0.0575 0.0256 0.0203 0.0062 0.0157 0.0124 0.0112 0.0051 0.0044 0.0064 0.0045 0.0067 0.0052 0.0059 0.0047 0.0028 0.0023 0.0000 0.0000 0.0000 0.0000 0.0000 0.0000 0.0000 0.0000 0.0000 0.0000 0.0000 0.0023 0.0019 0.0025 0.0000 0.0000 0.0003 0.0000 0.0000 0.0033 0.0022 0.0000 0.0200 0.0187 0.0514 0.0343 0.0044 0.0021 0.0011 0.0121 0.0044
0.0000 0.0000 0.0000 0.0000 0.0000 0.0000 0.0000 0.0000 0.0000 0.0000 0.0000 0.0000 0.0000 0.0000 0.0000 0.0000 0.0000 0.0000 0.0055 0.0056 0.0000 0.0000 0.0000 0.0000 0.0000 0.0000 0.0000 0.0000 0.0000 0.0000 0.0000 0.0002 0.0000 0.0000 0.0000 0.0000 0.0000 0.0000 0.0000 0.0007 0.0029 0.0001 0.0012 0.0017 0.0000 0.0000 0.0000 0.0000 0.0000 0.0000 0.0000 0.0000 0.0000 0.0000 0.0000 0.0000 0.0000 0.0003 0.0000 0.0000 0.0000 0.0011 0.0001 0.0003
0.0283 0.0335 0.0636 0.2271 0.0802 0.3144 0.3205 0.3023 0.2069 0.3297 0.0003 0.0068 0.0002 0.3376 0.1533 0.0843 0.0915 0.0525 0.0412 0.0423 0.0001 0.0402 0.0498 0.0015 0.0508 0.0033 0.0007 0.0067 0.0021 0.0001 0.0094 0.0064 0.0004 0.0106 0.0035 0.0002 0.0049 0.0183 0.0318 0.0169 0.0001 0.0513 0.0005 0.0136 0.0103 0.0001 0.0001 0.0000 0.0001 0.0001 0.0000 0.0000 0.0029 0.0000 0.0016 0.0001 0.0000 0.0000 0.0001 0.0000 0.0000 0.0000 0.0000 0.0000
0.0000 0.0000 0.0000 0.0000 0.0001 0.0000 0.0000 0.0000 0.0000 0.0000 0.0000 0.0000 0.0000 0.0000 0.0000 0.0000 0.0000 0.0000 0.0000 0.0558 0.0483 0.0000 0.0000 0.0000 0.0000 0.0770 0.0000 0.2284 0.2411 0.0052 0.2107 0.1138 0.1937 0.1450 0.0771 0.1058 0.1722 0.1268 0.0009 0.0000 0.0000 0.0000 0.0000 0.0000 0.0000 0.0000 0.0000 0.0000 0.0000 0.0000 0.0000 0.0000 0.0000 0.0000 0.0000 0.0000 0.0000 0.0000 0.0000 0.0000 0.0000 0.0000 0.0000 0.0000
0.0554 0.0718 0.0524 0.0295 0.0409 0.0436 0.0006 0.0000 0.0001 0.0000 0.0007 0.0005 0.0002 0.0001 0.0001 0.0001 0.0000 0.0001 0.0000 0.0000 0.0000 0.0000 0.0001 0.0000 0.0001 0.0011 0.0000 0.0029 0.0000 0.0000 0.0330 0.0774 0.2174 0.4056 0.3477 0.3639 0.3644 0.2229 0.2764 0.1703 0.1204 0.0370 0.0014 0.0014 0.0002 0.0001 0.0002 0.0003 0.0005 0.0001 0.0020 0.0218 0.0226 0.0096 0.0201 0.0310 0.0106 0.0184 0.0123 0.0156 0.0023 0.0065 0.0208 0.0153
0.0000 0.0000 0.0000 0.0000 0.0000 0.0000 0.0000 0.0000 0.0000 0.0000 0.0000 0.0000 0.0000 0.0000 0.0000 0.0000 0.0000 0.0003 0.0006 0.2700 0.1992 0.0009 0.0007 0.2924 0.2289 0.3051 0.2188 0.1465 0.1847 0.2195 0.2299 0.3141 0.0061 0.0027 0.0222 0.0137 0.0697 0.0001 0.0009 0.0001 0.0015 0.0001 0.0013 0.0000 0.0000 0.0000 0.0000 0.0000 0.0000 0.0000 0.0000 0.0000 0.0000 0.0000 0.0000 0.0000 0.0000 0.0000 0.0000 0.0000 0.0000 0.0000 0.0000 0.0000
0.0000 0.0000 0.0000 0.0000 0.0000 0.0000 0.0117 0.0000 0.0000 0.0000 0.0000 0.0000 0.0021 0.0000 0.0001 0.0000 0.0000 0.0000 0.0000 0.0000 0.0000 0.0000 0.0001 0.0000 0.0000 0.0000 0.0000 0.0000 0.0004 0.0000 0.0000 0.0000 0.0000 0.0000 0.0000 0.0034 0.0000 0.0000 0.0001 0.0000 0.0000 0.0000 0.0000 0.0000 0.0000 0.0000 0.0000 0.0000 0.0000 0.0001 0.0000 0.0001 0.0000 0.0000 0.0000 0.0000 0.0000 0.0000 0.0000 0.0000 0.0000 0.0000 0.0000 0.0000
0.0000 0.0002 0.0000 0.0008 0.0011 0.0009 0.0014 0.0016 0.0023 0.0049 0.0060 0.0214 0.0000 0.0000 0.0000 0.0000 0.0000 0.0000 0.0000 0.0000 0.0003 0.0001 0.0000 0.0003 0.0000 0.0000 0.0000 0.0000 0.0000 0.0000 0.0000 0.0000 0.0000 0.0005 0.0000 0.0000 0.0000 0.0001 0.0001 0.0013 0.0002 0.0002 0.0001 0.0000 0.0001 0.0000 0.0001 0.0003 0.0004 0.0004 0.0000 0.0000 0.0000 0.0000 0.0000 0.0000 0.0000 0.0000 0.0006 0.0000 0.0000 0.0000 0.0000 0.0000
0.0006 0.0008 0.0194 0.0125 0.0265 0.0114 0.0002 0.0000 0.0000 0.0254 0.0359 0.0000 0.0004 0.0000 0.0000 0.0000 0.0000 0.0002 0.0000 0.0000 0.0071 0.0000 0.0000 0.1144 0.0803 0.0841 0.0001 0.0560 0.0000 0.0192 0.0174 0.0992 0.0112 0.0158 0.0129 0.0068 0.0113 0.0091 0.0247 0.0247 0.0289 0.0127 0.0154 0.0645 0.0157 0.0002 0.0282 0.1023 0.0603 0.1013 0.0847 0.0451 0.0239 0.0204 0.0287 0.0638 0.0139 0.0190 0.0143 0.0144 0.0119 0.0002 0.0002 0.0001
0.0000 0.0001 0.0000 0.0000 0.0000 0.0000 0.0002 0.0000 0.0000 0.0000 0.0000 0.0000 0.0002 0.0000 0.0000 0.0001 0.0000 0.0001 0.0000 0.0000 0.0000 0.0000 0.0000 0.0000 0.0000 0.0000 0.0000 0.0000 0.0000 0.0001 0.0003 0.0002 0.0005 0.0006 0.0030 0.0003 0.0000 0.0000 0.0058 0.0034 0.0025 0.0036 0.0035 0.0019 0.0000 0.0000 0.0000 0.0001 0.0000 0.0002 0.0002 0.0004 0.0043 0.0085 0.0056 0.0028 0.0000 0.0000 0.0003 0.0000 0.0000 0.0004 0.0000 0.0000
0.0000 0.0000 0.0000 0.0000 0.0000 0.0000 0.0000 0.0000 0.0000 0.0000 0.0000 0.0000 0.0000 0.0001 0.0002 0.0000 0.0000 0.0000 0.0000 0.0000 0.0000 0.0000 0.0000 0.0000 0.0000 0.0001 0.0002 0.0000 0.0000 0.0007 0.0029 0.0099 0.0039 0.0016 0.0001 0.0001 0.0000 0.0000 0.0000 0.0001 0.0003 0.0010 0.0001 0.0001 0.0001 0.0000 0.0006 0.0062 0.0013 0.0043 0.0057 0.0206 0.0057 0.0309 0.0413 0.0621 0.0150 0.0312 0.0311 0.0226 0.0160 0.0082 0.0242 0.0059
0.0000 0.0000 0.0000 0.0000 0.0000 0.0000 0.0000 0.0000 0.0000 0.0001 0.0000 0.0001 0.0001 0.0000 0.0000 0.0000 0.0000 0.0000 0.0000 0.0000 0.0000 0.0000 0.0000 0.0000 0.0001 0.0000 0.0000 0.0000 0.0000 0.0000 0.0000 0.0000 0.0129 0.0495 0.0603 0.0481 0.0536 0.0260 0.0105 0.0000 0.0000 0.0000 0.0001 0.0000 0.0000 0.0000 0.0000 0.0000 0.0000 0.0002 0.0000 0.0000 0.0000 0.0000 0.0003 0.0001 0.0001 0.0000 0.0000 0.0000 0.0000 0.0000 0.0000 0.0000
0.0000 0.0000 0.0000 0.0000 0.0000 0.0000 0.0000 0.0000 0.0000 0.0000 0.0000 0.0001 0.0000 0.0525 0.0513 0.0410 0.0534 0.0473 0.0345 0.0000 0.0724 0.0370 0.0683 0.0373 0.0449 0.0171 0.0233 0.0151 0.0000 0.0083 0.0000 0.0138 0.0092 0.0000 0.0043 0.0013 0.0008 0.0000 0.0002 0.0000 0.0000 0.0000 0.0001 0.0000 0.0000 0.0000 0.0000 0.0000 0.0000 0.0000 0.0001 0.0002 0.0003 0.0001 0.0002 0.0002 0.0000 0.0000 0.0000 0.0000 0.0000 0.0000 0.0000 0.0000
0.0183 0.0536 0.0000 0.0000 0.0000 0.0000 0.0000 0.0000 0.0000 0.0000 0.0016 0.0017 0.0954 0.0000 0.0001 0.0762 0.0235 0.0126 0.0002 0.0016 0.0007 0.0014 0.0008 0.0012 0.0003 0.0001 0.0020 0.0001 0.0000 0.0006 0.0003 0.0001 0.0000 0.0002 0.0000 0.0000 0.0000 0.0000 0.0011 0.0000 0.0000 0.0005 0.0002 0.0000 0.0000 0.0000 0.0000 0.0030 0.0010 0.0045 0.0014 0.0000 0.0425 0.0139 0.0000 0.0174 0.0000 0.0000 0.0029 0.0090 0.0093 0.0056 0.0027 0.0021
0.0000 0.0000 0.0000 0.0000 0.0000 0.0000 0.0000 0.0000 0.0000 0.0001 0.0008 0.0233 0.0000 0.0001 0.0000 0.0001 0.0000 0.0003 0.0000 0.0000 0.0003 0.0000 0.0002 0.0000 0.0000 0.0001 0.0000 0.0000 0.0000 0.0000 0.0000 0.0037 0.0001 0.0054 0.0001 0.0000 0.0000 0.0000 0.0000 0.0000 0.0002 0.0001 0.0000 0.0000 0.0000 0.0000 0.0000 0.0000 0.0000 0.0000 0.0000 0.0000 0.0000 0.0000 0.0001 0.0006 0.0001 0.0009 0.0000 0.0000 0.0000 0.0000 0.0000 0.0000
0.0010 0.0012 0.0006 0.0016 0.0021 0.0033 0.0009 0.0008 0.0009 0.0019 0.0018 0.0335 0.0132 0.0018 0.0024 0.0012 0.0007 0.0009 0.0013 0.0007 0.0004 0.0000 0.0000 0.0486 0.0000 0.0163 0.0000 0.0000 0.0000 0.0000 0.0000 0.0000 0.0000 0.0000 0.0000 0.0000 0.0000 0.0000 0.0000 0.0000 0.0000 0.0000 0.0000 0.0000 0.0001 0.0000 0.0000 0.0000 0.0000 0.0000 0.0000 0.0000 0.0000 0.0000 0.0424 0.0000 0.0000 0.0000 0.0011 0.0000 0.0000 0.0000 0.0000 0.0000
0.0000 0.0000 0.0000 0.0000 0.0000 0.0000 0.0000 0.0000 0.0000 0.0000 0.0000 0.0000 0.0000 0.0001 0.0000 0.0000 0.0000 0.0000 0.0000 0.0000 0.0000 0.0000 0.0000 0.0000 0.0000 0.0000 0.0000 0.0000 0.0000 0.0000 0.0000 0.0000 0.0000 0.0000 0.0000 0.0000 0.0000 0.0000 0.0001 0.0000 0.0000 0.0000 0.0000 0.0062 0.0000 0.0000 0.0000 0.0000 0.0000 0.0000 0.0000 0.0000 0.0000 0.0000 0.0026 0.0001 0.0000 0.0000 0.0000 0.0000 0.0000 0.0000 0.0000 0.0000
0.0960 0.1215 0.1594 0.1138 0.0999 0.1646 0.2583 0.2355 0.1750 0.1959 0.1402 0.1456 0.1186 0.1158 0.0907 0.0313 0.0067 0.0035 0.0044 0.0017 0.0041 0.0219 0.0001 0.0010 0.0000 0.0000 0.0000 0.0000 0.0000 0.0000 0.0000 0.0000 0.0000 0.0000 0.0000 0.0000 0.0000 0.0000 0.0006 0.0003 0.0000 0.0000 0.0000 0.0000 0.0000 0.0000 0.0000 0.0000 0.0000 0.0000 0.0000 0.0000 0.0000 0.0000 0.0021 0.0047 0.0016 0.0019 0.0000 0.0000 0.0000 0.0000 0.0000 0.0000
0.0000 0.0000 0.0000 0.0000 0.0000 0.0000 0.0000 0.0000 0.0000 0.0000 0.0000 0.0000 0.0001 0.0000 0.0000 0.0001 0.0281 0.0000 0.0211 0.0244 0.0000 0.0026 0.0029 0.0000 0.0002 0.0563 0.0015 0.0003 0.0002 0.0027 0.0055 0.0047 0.0008 0.0001 0.0267 0.0001 0.0000 0.0000 0.0000 0.0005 0.0001 0.0009 0.0010 0.0003 0.0000 0.0000 0.0000 0.0000 0.0000 0.0000 0.0000 0.0007 0.0082 0.0039 0.0003 0.0007 0.0016 0.0001 0.0000 0.0002 0.0001 0.0000 0.0000 0.0000
0.0043 0.0086 0.0080 0.0083 0.0078 0.0126 0.0143 0.0191 0.0113 0.0095 0.0144 0.0193 0.0043 0.0031 0.0042 0.0003 0.0002 0.0004 0.0019 0.0011 0.0002 0.0000 0.0001 0.0000 0.0001 0.0001 0.0000 0.0000 0.0000 0.0000 0.0000 0.0000 0.0000 0.0003 0.0000 0.0000 0.0000 0.0001 0.0001 0.0000 0.0000 0.0000 0.0013 0.0000 0.0000 0.0000 0.0000 0.0000 0.0000 0.0000 0.0000 0.0000 0.0000 0.0000 0.0000 0.0000 0.0000 0.0000 0.0000 0.0000 0.0000 0.0000 0.0000 0.0000
0.0000 0.0000 0.0000 0.0000 0.0000 0.0045 0.0065 0.0000 0.0012 0.0031 0.0264 0.0368 0.3474 0.0002 0.0346 0.2521 0.0022 0.1146 0.0929 0.0659 0.0428 0.0101 0.0000 0.0358 0.0000 0.0001 0.0000 0.0000 0.0007 0.0011 0.0009 0.0006 0.0005 0.0000 0.0013 0.0017 0.0015 0.0015 0.0031 0.0020 0.0010 0.0014 0.0026 0.0023 0.0017 0.0011 0.0010 0.0004 0.0019 0.0017 0.0012 0.0016 0.0018 0.0007 0.0019 0.0022 0.0008 0.0013 0.0011 0.0013 0.0009 0.0019 0.0011 0.0016
0.5112 0.4696 0.5001 0.4362 0.5322 0.2219 0.0434 0.0117 0.2870 0.0002 0.0001 0.0000 0.0000 0.0001 0.0000 0.0000 0.0221 0.0142 0.0171 0.0339 0.0017 0.0000 0.0000 0.0000 0.0000 0.0000 0.0000 0.0000 0.0000 0.0000 0.0000 0.0000 0.0000 0.0000 0.0000 0.0000 0.0000 0.0006 0.0001 0.0000 0.0000 0.0000 0.0000 0.0000 0.0000 0.0000 0.0001 0.0002 0.0000 0.0003 0.0009 0.0001 0.0000 0.0007 0.0000 0.0011 0.0004 0.0010 0.0005 0.0012 0.0008 0.0015 0.0015 0.0009
0.0000 0.0000 0.0000 0.0000 0.0000 0.0000 0.0001 0.0000 0.0000 0.0000 0.0000 0.0033 0.0005 0.0073 0.0158 0.0277 0.0743 0.0642 0.0758 0.0684 0.0218 0.0000 0.0000 0.0000 0.0000 0.0000 0.0000 0.0053 0.0005 0.0000 0.0000 0.0000 0.0081 0.0121 0.0158 0.0195 0.0146 0.0162 0.0342 0.0211 0.0151 0.0153 0.0096 0.0109 0.0055 0.0019 0.0033 0.0019 0.0014 0.0055 0.0055 0.0000 0.0000 0.0000 0.0097 0.0136 0.0001 0.0000 0.0001 0.0292 0.0110 0.0024 0.0007 0.0001
0.0001 0.0001 0.0001 0.0001 0.0000 0.0000 0.0000 0.0000 0.0000 0.0000 0.0000 0.0002 0.0000 0.0000 0.0000 0.0001 0.0000 0.0000 0.0000 0.0000 0.0087 0.0133 0.0095 0.0098 0.0033 0.0000 0.0042 0.0068 0.0012 0.0066 0.0043 0.0075 0.0005 0.0000 0.0004 0.0004 0.0013 0.0075 0.0747 0.1044 0.1008 0.0002 0.0420 0.0039 0.0000 0.0095 0.0000 0.0000 0.0000 0.0018 0.0021 0.0011 0.0000 0.0000 0.0000 0.0013 0.0000 0.0000 0.0036 0.0102 0.0115 0.0014 0.0006 0.0000
0.0000 0.0000 0.0000 0.0000 0.0000 0.0000 0.0000 0.0000 0.0000 0.0000 0.0000 0.0000 0.0524 0.0000 0.0000 0.0076 0.0000 0.0000 0.0000 0.0000 0.0076 0.0000 0.0076 0.0024 0.0008 0.0294 0.0243 0.0047 0.0198 0.0522 0.0000 0.0000 0.0000 0.0000 0.0000 0.0000 0.0000 0.0000 0.0001 0.0000 0.0000 0.0000 0.0000 0.0000 0.0000 0.0000 0.0000 0.0000 0.0000 0.0000 0.0000 0.0000 0.0001 0.0000 0.0000 0.0000 0.0000 0.0000 0.0000 0.0008 0.0015 0.0000 0.0000 0.0000
0.0000 0.0004 0.0000 0.0007 0.0020 0.0000 0.0000 0.0000 0.0034 0.0115 0.0242 0.0369 0.0199 0.0205 0.0185 0.0242 0.0180 0.0172 0.0308 0.0205 0.0279 0.0190 0.0245 0.0110 0.0126 0.0000 0.0000 0.0037 0.0062 0.0097 0.0014 0.0000 0.0000 0.0000 0.0160 0.0000 0.0000 0.0000 0.0000 0.0013 0.0001 0.0001 0.0002 0.0000 0.0008 0.0000 0.0000 0.0000 0.0000 0.0000 0.0000 0.0000 0.0000 0.0000 0.0000 0.0022 0.0000 0.0000 0.0001 0.0000 0.0000 0.0000 0.0000 0.0000
0.0000 0.0000 0.0000 0.0000 0.0000 0.0000 0.0000 0.0000 0.0000 0.0000 0.0000 0.0000 0.0000 0.0000 0.0000 0.0000 0.0000 0.0000 0.0000 0.0000 0.0000 0.0000 0.0000 0.1198 0.0000 0.0000 0.0000 0.0000 0.0000 0.0063 0.0000 0.0000 0.0000 0.0000 0.0000 0.0000 0.0000 0.0000 0.0000 0.0000 0.0000 0.0000 0.0000 0.0000 0.0000 0.0000 0.0000 0.0015 0.0000 0.0000 0.0000 0.0000 0.0000 0.0000 0.0000 0.0000 0.0000 0.0000 0.0000 0.0000 0.0000 0.0000 0.0000 0.0955
0.0505 0.0000 0.0000 0.0000 0.0000 0.0000 0.0000 0.0000 0.0000 0.0000 0.0000 0.0000 0.0000 0.0000 0.0000 0.0000 0.0000 0.0000 0.0000 0.0000 0.0000 0.0000 0.0000 0.0000 0.0000 0.0000 0.0000 0.0000 0.0000 0.0000 0.0000 0.0000 0.0000 0.0000 0.0000 0.0000 0.0000 0.0000 0.0000 0.0000 0.0000 0.0000 0.0000 0.0000 0.0000 0.0000 0.0000 0.0000 0.0000 0.0000 0.0000 0.0000 0.0000 0.0000 0.0000 0.0000 0.0000 0.0000 0.0000 0.0000 0.0000 0.0000 0.0000 0.0000
0.0000 0.0000 0.0000 0.0000 0.0000 0.0001 0.0002 0.0032 0.0005 0.0009 0.0022 0.0023 0.0000 0.0000 0.0000 0.0017 0.0000 0.0000 0.0000 0.0000 0.0126 0.0000 0.0075 0.0769 0.0000 0.0000 0.0000 0.0000 0.0000 0.0000 0.0000 0.0043 0.0000 0.0000 0.0053 0.0056 0.0084 0.0087 0.0330 0.0172 0.0164 0.0317 0.0918 0.1390 0.2091 0.2201 0.1858 0.0268 0.0429 0.0866 0.0951 0.0475 0.0002 0.0000 0.0025 0.0034 0.0007 0.0000 0.0001 0.0196 0.1735 0.0760 0.1775 0.1396
0.0000 0.0000 0.0000 0.0003 0.0001 0.0026 0.0001 0.0008 0.0000 0.0000 0.0000 0.0001 0.0000 0.0000 0.0000 0.0000 0.0000 0.0000 0.0000 0.0000 0.0000 0.0000 0.0002 0.0001 0.0043 0.0000 0.0047 0.0000 0.0005 0.0017 0.0004 0.0000 0.0012 0.0003 0.0001 0.0087 0.0369 0.0436 0.1028 0.0506 0.0279 0.0770 0.0750 0.0584 0.0508 0.0007 0.0000 0.0000 0.0000 0.0000 0.0000 0.0000 0.0002 0.0030 0.0000 0.0000 0.0000 0.0000 0.0001 0.0012 0.0000 0.0006 0.0007 0.0001
0.0002 0.0005 0.0007 0.0002 0.0000 0.0004 0.0000 0.0004 0.0000 0.0000 0.0000 0.0000 0.0000 0.0000 0.0000 0.0000 0.0000 0.0000 0.0000 0.0000 0.0002 0.0000 0.0003 0.0000 0.0002 0.0003 0.0003 0.0002 0.0705 0.1304 0.0596 0.0029 0.2241 0.0028 0.0003 0.0003 0.0018 0.3294 0.2710 0.4002 0.4749 0.3865 0.3608 0.3709 0.3855 0.3831 0.3376 0.3631 0.3432 0.1243 0.2691 0.2605 0.2560 0.4000 0.3144 0.1462 0.5498 0.4040 0.5370 0.4450 0.3519 0.0232 0.0019 0.0000
0.0000 0.0000 0.0000 0.0000 0.0000 0.0000 0.0000 0.0000 0.0008 0.0000 0.0000 0.0000 0.0000 0.0000 0.0000 0.0000 0.0000 0.0000 0.0000 0.0000 0.0000 0.0000 0.0000 0.0000 0.0080 0.0410 0.0521 0.0289 0.0000 0.0000 0.0000 0.0000 0.0000 0.0000 0.0000 0.0000 0.0000 0.0000 0.0000 0.0000 0.0000 0.0000 0.0000 0.0000 0.0000 0.0000 0.0000 0.0000 0.0000 0.0000 0.0000 0.0000 0.0000 0.0000 0.0000 0.0000 0.0002 0.0000 0.0000 0.0000 0.0000 0.0000 0.0000 0.0000
0.0000 0.0000 0.0000 0.0000 0.0000 0.0000 0.0000 0.0004 0.0000 0.0000 0.0002 0.0208 0.0003 0.0731 0.0473 0.0205 0.0856 0.0930 0.1056 0.1134 0.1195 0.2047 0.1387 0.0577 0.0155 0.0621 0.1982 0.1878 0.2241 0.2194 0.2740 0.1281 0.0064 0.0013 0.0156 0.0000 0.0001 0.0118 0.0010 0.0055 0.0506 0.1059 0.1138 0.0165 0.0031 0.0869 0.0284 0.0020 0.0000 0.0002 0.0003 0.0054 0.0067 0.0003 0.0077 0.0031 0.0002 0.0002 0.0009 0.0006 0.0009 0.0048 0.0003 0.0002
0.0102 0.0000 0.0000 0.0000 0.0000 0.0000 0.0000 0.0000 0.0000 0.0000 0.0000 0.0001 0.0000 0.0001 0.0000 0.0000 0.0104 0.0143 0.0180 0.0016 0.0002 0.0507 0.0256 0.0281 0.0494 0.0054 0.0139 0.0238 0.0023 0.0001 0.0000 0.0000 0.0000 0.0001 0.0001 0.0008 0.0001 0.0155 0.0288 0.0021 0.0015 0.0143 0.0145 0.0003 0.0093 0.0000 0.0000 0.0000 0.0000 0.0000 0.0001 0.0031 0.0130 0.0056 0.0021 0.0101 0.0000 0.0070 0.0003 0.0000 0.0000 0.0000 0.0000 0.0000
0.0001 0.0005 0.0000 0.0000 0.0003 0.0001 0.0004 0.0001 0.0018 0.0031 0.0034 0.0061 0.0026 0.0021 0.0015 0.0037 0.0031 0.0022 0.0019 0.0007 0.0035 0.0019 0.0013 0.0014 0.0008 0.0005 0.0005 0.0037 0.0000 0.0000 0.0001 0.0000 0.0000 0.0000 0.0000 0.0000 0.0000 0.0000 0.0000 0.0000 0.0000 0.0000 0.0000 0.0000 0.0000 0.0000 0.0000 0.0000 0.0000 0.0000 0.0000 0.0000 0.0000 0.0000 0.0000 0.0000 0.0000 0.0000 0.0001 0.0000 0.0000 0.0000 0.0000 0.0095
0.0000 0.0000 0.0000 0.0000 0.0000 0.0001 0.0000 0.0000 0.0000 0.0000 0.0000 0.0000 0.0000 0.0000 0.0000 0.0000 0.0000 0.0002 0.0002 0.0000 0.0230 0.0186 0.0002 0.0160 0.0067 0.0067 0.0184 0.0147 0.0082 0.0025 0.0094 0.0042 0.0004 0.0029 0.0099 0.0001 0.0000 0.0000 0.0001 0.0000 0.0000 0.0000 0.0000 0.0000 0.0000 0.0000 0.0000 0.0000 0.0000 0.0000 0.0000 0.0000 0.0002 0.0001 0.0001 0.0000 0.0000 0.0000 0.0000 0.0000 0.0000 0.0000 0.0000 0.0000
0.0000 0.0001 0.0003 0.0042 0.0000 0.0000 0.0000 0.0000 0.0003 0.0003 0.0007 0.0000 0.0008 0.0002 0.0035 0.0114 0.0011 0.0015 0.0007 0.0010 0.0034 0.0028 0.0039 0.0040 0.0025 0.0021 0.0027 0.0019 0.0006 0.0015 0.0013 0.0010 0.0017 0.0026 0.0008 0.0017 0.0009 0.0005 0.0013 0.0007 0.0016 0.0027 0.0019 0.0016 0.0012 0.0011 0.0012 0.0018 0.0021 0.0009 0.0009 0.0006 0.0005 0.0003 0.0000 0.0183 0.0001 0.0000 0.0000 0.0006 0.0000 0.0000 0.0000 0.0000
0.0000 0.0000 0.0000 0.0000 0.0000 0.0000 0.0001 0.0000 0.0000 0.0000 0.0001 0.0004 0.0000 0.0000 0.0000 0.0000 0.0000 0.0000 0.0000 0.0000 0.0000 0.0000 0.0000 0.0000 0.0000 0.0000 0.0000 0.0000 0.0000 0.0000 0.0046 0.0000 0.0000 0.0000 0.0000 0.0000 0.0000 0.0000 0.0000 0.0000 0.0000 0.0003 0.0001 0.0001 0.0000 0.0001 0.0001 0.0000 0.0000 0.0000 0.0000 0.0000 0.0000 0.0000 0.0000 0.0001 0.0000 0.0000 0.0000 0.0000 0.0000 0.0000 0.0000 0.0000
0.0000 0.0000 0.0000 0.0000 0.0000 0.0000 0.0004 0.0002 0.0000 0.0000 0.0000 0.0000 0.0000 0.0000 0.0000 0.0000 0.0000 0.0069 0.0219 0.0164 0.0000 0.0000 0.0007 0.0000 0.0000 0.0000 0.0000 0.0000 0.0000 0.0000 0.0000 0.0000 0.0000 0.0000 0.0000 0.0000 0.0000 0.0000 0.0000 0.0000 0.0000 0.0000 0.0000 0.0000 0.0000 0.0000 0.0000 0.0012 0.0031 0.0019 0.0022 0.0027 0.0078 0.0001 0.0012 0.0000 0.0000 0.0001 0.0000 0.0000 0.0000 0.0000 0.0000 0.0000
