0.1442 0.1660 0.2180 0.0448 0.0000 0.0115 0.0000 0.0000 0.0000 0.0006 0.0013 0.0000 0.0000 0.0000 0.0000 0.0000 0.0000 0.0000 0.0000 0.0000 0.0000 0.0000 0.0000 0.0000 0.0000 0.0000 0.0000 0.0000 0.0000 0.0000 0.0000 0.0000 0.0005 0.0002 0.0003 0.0003 0.0006 0.0001 0.0061 0.0120 0.0229 0.0001 0.0008 0.0001 0.0001 0.0000 0.0000 0.0014 0.0029 0.0013 0.0125 0.0010 0.0042 0.0000 0.0131 0.0000 0.0010 0.0002 0.0000 0.0000 0.0000 0.0000 0.0000 0.0000
0.0000 0.0000 0.0000 0.0000 0.0000 0.0017 0.0032 0.0000 0.0325 0.0102 0.0192 0.0188 0.0000 0.0000 0.0000 0.0325 0.0000 0.0000 0.0000 0.0000 0.0263 0.0000 0.0000 0.0074 0.0088 0.0116 0.0000 0.0000 0.0002 0.0001 0.0002 0.0001 0.0000 0.0000 0.0000 0.0000 0.0000 0.0000 0.0028 0.0000 0.0000 0.0000 0.0001 0.0001 0.0000 0.0000 0.0000 0.0009 0.0120 0.0000 0.0000 0.0001 0.0000 0.0000 0.0000 0.0000 0.0001 0.0002 0.0037 0.0118 0.0000 0.0000 0.0000 0.0000
0.0001 0.0000 0.0000 0.0000 0.0001 0.0000 0.0000 0.0000 0.0000 0.0105 0.0000 0.0000 0.0000 0.0903 0.0000 0.0000 0.0000 0.0000 0.0000 0.0148 0.0000 0.0000 0.0000 0.0000 0.0000 0.0000 0.0044 0.0008 0.0617 0.0000 0.0181 0.0186 0.0000 0.0000 0.0000 0.1614 0.2792 0.0000 0.0007 0.0015 0.0002 0.0230 0.0003 0.0002 0.0004 0.0003 0.0014 0.0003 0.0004 0.0005 0.2016 0.1231 0.1680 0.2681 0.0000 0.0000 0.0000 0.0000 0.0055 0.0000 0.0000 0.0014 0.0000 0.0000
0.0000 0.0000 0.0210 0.0118 0.2749 0.1340 0.5561 0.3148 0.0291 0.0551 0.0846 0.0915 0.0986 0.0579 0.0800 0.0796 0.0593 0.0555 0.0133 0.0000 0.0000 0.0000 0.0000 0.0000 0.0000 0.0000 0.0000 0.0000 0.0000 0.0000 0.0027 0.0009 0.0013 0.0008 0.0002 0.0000 0.0004 0.0001 0.0000 0.0000 0.0000 0.0000 0.0000 0.0000 0.0000 0.0000 0.0000 0.0000 0.0000 0.0000 0.0000 0.0149 0.0291 0.0185 0.0380 0.0220 0.0484 0.0513 0.0000 0.0165 0.0259 0.0146 0.0000 0.0000
0.0005 0.0014 0.0097 0.0033 0.0031 0.0003 0.0004 0.0002 0.0007 0.0006 0.0044 0.0011 0.0004 0.0002 0.0003 0.0004 0.0003 0.0000 0.0246 0.0726 0.0002 0.0014 0.0006 0.0298 0.0085 0.3711 0.3806 0.3773 0.1820 0.0601 0.0416 0.0000 0.0005 0.1216 0.0000 0.0000 0.0000 0.0000 0.0000 0.0000 0.0001 0.0000 0.0013 0.0002 0.0034 0.0008 0.0155 0.0003 0.0000 0.0000 0.0139 0.0064 0.0000 0.0000 0.0073 0.0014 0.0000 0.0000 0.0005 0.0000 0.0233 0.1548 0.2232 0.0277
0.0012 0.0017 0.0016 0.0002 0.0028 0.0003 0.0032 0.0003 0.0026 0.0017 0.0035 0.0022 0.0001 0.0003 0.0005 0.0003 0.0001 0.0000 0.0000 0.0000 0.0000 0.0000 0.0000 0.0000 0.0000 0.0000 0.0000 0.0000 0.0003 0.0000 0.0007 0.0000 0.0000 0.0000 0.0001 0.0000 0.0000 0.0000 0.0001 0.0008 0.0000 0.0000 0.0000 0.0000 0.0000 0.0000 0.0000 0.0000 0.0000 0.0001 0.0000 0.0000 0.0000 0.0000 0.0000 0.0000 0.0000 0.0000 0.0000 0.0000 0.0000 0.0000 0.0006 0.0005
0.0000 0.0000 0.0000 0.4949 0.0027 0.0001 0.0008 0.0001 0.0014 0.0000 0.0028 0.0027 0.0028 0.0000 0.0000 0.0245 0.0000 0.0000 0.0000 0.0000 0.0199 0.0000 0.0000 0.0066 0.0718 0.0000 0.0000 0.0005 0.0000 0.0000 0.0006 0.1041 0.0554 0.0346 0.0475 0.0098 0.0040 0.0021 0.0065 0.0033 0.0007 0.0014 0.0002 0.0001 0.0003 0.0000 0.0000 0.0494 0.0300 0.0117 0.0000 0.0024 0.0192 0.0092 0.0484 0.0768 0.0335 0.0345 0.0237 0.0003 0.0001 0.0003 0.0003 0.0004
0.0013 0.0003 0.0024 0.2530 0.0000 0.0000 0.0000 0.0000 0.0000 0.0000 0.0000 0.0000 0.0268 0.3521 0.0000 0.1269 0.0000 0.0000 0.0213 0.0046 0.0076 0.0252 0.0000 0.0000 0.0000 0.0000 0.0000 0.0000 0.0000 0.0000 0.0000 0.0000 0.0000 0.0000 0.0000 0.0000 0.0000 0.0000 0.0000 0.0000 0.0000 0.0034 0.0000 0.0000 0.0000 0.0000 0.0000 0.0000 0.0002 0.0000 0.0294 0.0000 0.0639 0.0151 0.0556 0.1051 0.0148 0.0000 0.0000 0.0000 0.0000 0.0006 0.0001 0.0000
0.0000 0.0003 0.0000 0.0005 0.0010 0.0003 0.0007 0.0029 0.0020 0.0013 0.0001 0.0003 0.0001 0.0001 0.0000 0.0000 0.0000 0.0000 0.0000 0.0002 0.0000 0.0000 0.0000 0.0199 0.0003 0.0344 0.0002 0.0011 0.0000 0.0000 0.0000 0.0000 0.0001 0.0002 0.0014 0.0008 0.0011 0.0002 0.0001 0.0001 0.0001 0.0002 0.0019 0.0000 0.0000 0.0000 0.0000 0.0000 0.0003 0.0000 0.0002 0.0001 0.0004 0.0001 0.0004 0.0008 0.0001 0.0001 0.0016 0.2502 0.0000 0.0007 0.0001 0.0000
0.0000 0.0066 0.0337 0.0062 0.0004 0.0000 0.0000 0.0000 0.0000 0.0000 0.0000 0.0000 0.0000 0.0000 0.0000 0.0000 0.0261 0.0000 0.0011 0.0410 0.0286 0.0014 0.0000 0.0201 0.0003 0.0701 0.0338 0.0428 0.0369 0.0305 0.0459 0.0311 0.0836 0.0258 0.0939 0.0368 0.0843 0.0768 0.0452 0.0003 0.0000 0.0000 0.0000 0.0000 0.0000 0.0000 0.0000 0.0002 0.0002 0.0001 0.0000 0.0006 0.0008 0.0000 0.0000 0.0002 0.0000 0.0000 0.0001 0.0000 0.0000 0.0000 0.0000 0.0000
0.0007 0.0001 0.0001 0.0000 0.0000 0.0001 0.0000 0.0000 0.0000 0.0000 0.0000 0.0000 0.0000 0.0000 0.0000 0.0000 0.0004 0.0004 0.0022 0.0012 0.0920 0.0534 0.0940 0.0381 0.0016 0.0025 0.0062 0.0019 0.0264 0.0000 0.0475 0.0000 0.0226 0.0095 0.0358 0.0000 0.0382 0.0000 0.0000 0.0136 0.0000 0.0000 0.0000 0.0000 0.0000 0.0000 0.0000 0.0000 0.0023 0.0025 0.0002 0.0004 0.0020 0.0008 0.0030 0.0062 0.0045 0.0028 0.0083 0.0024 0.0000 0.0268 0.0025 0.0106
0.0004 0.0000 0.0000 0.0000 0.0000 0.0000 0.0004 0.0131 0.0350 0.0212 0.0656 0.0797 0.0773 0.0004 0.0009 0.0007 0.0286 0.0253 0.0019 0.0011 0.0003 0.0437 0.0001 0.0000 0.0467 0.0331 0.0377 0.0477 0.0232 0.0135 0.0128 0.0135 0.0377 0.0000 0.0023 0.0000 0.0000 0.0000 0.1360 0.1095 0.0787 0.0400 0.0224 0.0194 0.0181 0.0000 0.0000 0.0000 0.0195 0.0000 0.0000 0.0000 0.0006 0.0000 0.0000 0.0000 0.0000 0.0000 0.0000 0.0206 0.0096 0.0000 0.0000 0.0001
0.0000 0.0000 0.0000 0.0000 0.0000 0.0747 0.0000 0.0000 0.0000 0.0000 0.0001 0.0002 0.0009 0.0003 0.0005 0.0001 0.0004 0.0002 0.0004 0.0017 0.0035 0.0000 0.0009 0.0000 0.0008 0.0002 0.0000 0.0000 0.0000 0.0000 0.0000 0.0000 0.0000 0.0000 0.0001 0.0000 0.0000 0.2328 0.3064 0.5215 0.6382 0.3064 0.2532 0.1481 0.1800 0.0000 0.0000 0.0000 0.0000 0.0004 0.0007 0.0011 0.0006 0.0001 0.0002 0.0031 0.0740 0.0297 0.0000 0.0000 0.0000 0.0000 0.0000 0.0000
0.0000 0.0000 0.0001 0.0000 0.0000 0.0000 0.0000 0.0000 0.0000 0.0000 0.0001 0.0002 0.1818 0.2596 0.0000 0.0001 0.1093 0.1165 0.0052 0.0000 0.0006 0.0048 0.0020 0.0000 0.0000 0.0000 0.0000 0.0000 0.0000 0.0000 0.0000 0.0000 0.0000 0.0016 0.0004 0.0001 0.0001 0.0002 0.0001 0.0000 0.0000 0.0001 0.0000 0.0000 0.0000 0.0000 0.0000 0.0000 0.0000 0.0000 0.0000 0.0000 0.0004 0.0003 0.0012 0.0016 0.0068 0.0016 0.0212 0.0001 0.0000 0.3787 0.2152 0.2128
0.0000 0.0000 0.0000 0.0000 0.0000 0.1022 0.0000 0.0000 0.0020 0.0000 0.0000 0.0000 0.0000 0.0291 0.0191 0.0134 0.0109 0.0132 0.0125 0.0001 0.0035 0.0149 0.0111 0.0000 0.0040 0.0316 0.2625 0.2792 0.0106 0.0135 0.0065 0.0026 0.0001 0.0000 0.0001 0.0002 0.0008 0.0000 0.0013 0.0014 0.0000 0.0012 0.0008 0.0002 0.0001 0.0000 0.0089 0.0019 0.0193 0.0115 0.0000 0.0000 0.0472 0.0174 0.0001 0.0047 0.0003 0.0031 0.0016 0.0009 0.2213 0.0001 0.0002 0.2490
0.0000 0.0000 0.0000 0.0000 0.0000 0.0000 0.0000 0.0000 0.0000 0.0000 0.0000 0.0000 0.0232 0.0000 0.0058 0.0033 0.0002 0.0140 0.0116 0.0452 0.0296 0.0045 0.0079 0.0920 0.0421 0.0950 0.0048 0.0960 0.0094 0.0056 0.0042 0.0847 0.0323 0.0205 0.0007 0.0008 0.0008 0.0001 0.0003 0.0077 0.0000 0.0000 0.0009 0.0000 0.0000 0.0000 0.0000 0.0002 0.0276 0.0120 0.0027 0.0073 0.0136 0.0063 0.0063 0.0028 0.0004 0.0004 0.0001 0.0001 0.0001 0.0001 0.0001 0.0006
0.0011 0.0002 0.0002 0.0000 0.0003 0.0000 0.0000 0.0000 0.0000 0.0000 0.0003 0.0042 0.0001 0.0002 0.0000 0.0000 0.0000 0.0000 0.0000 0.0003 0.0123 0.1563 0.1259 0.1578 0.2050 0.1112 0.1146 0.0563 0.0336 0.1501 0.1628 0.2149 0.0219 0.0112 0.0283 0.0183 0.0011 0.0005 0.0027 0.0002 0.0012 0.0006 0.0013 0.0004 0.0561 0.0060 0.0003 0.0026 0.0029 0.0079 0.0025 0.0031 0.0024 0.0002 0.0041 0.0076 0.0057 0.2005 0.3090 0.2584 0.2216 0.0117 0.0020 0.0006
0.0000 0.0001 0.0000 0.0000 0.0357 0.0140 0.0001 0.0000 0.0000 0.0001 0.0001 0.0000 0.0004 0.0000 0.0004 0.0000 0.0512 0.0088 0.0000 0.0001 0.0000 0.0000 0.0000 0.0000 0.0000 0.0000 0.0000 0.0000 0.0000 0.0000 0.0000 0.0000 0.0000 0.0000 0.0000 0.0005 0.0001 0.0503 0.0000 0.0000 0.0005 0.0000 0.0047 0.0000 0.0000 0.0001 0.0000 0.0000 0.0001 0.0000 0.0000 0.0014 0.0391 0.0000 0.0000 0.0000 0.0000 0.0000 0.0000 0.0000 0.0000 0.0000 0.0769 0.1068
0.0000 0.0000 0.0000 0.0000 0.0000 0.0000 0.0002 0.0000 0.0000 0.0002 0.0001 0.0006 0.0004 0.0006 0.0006 0.0009 0.0005 0.0057 0.0024 0.0000 0.0000 0.0000 0.0025 0.0000 0.0000 0.0000 0.0000 0.0000 0.0000 0.0000 0.0000 0.0000 0.0000 0.0002 0.0005 0.0001 0.0001 0.0000 0.0000 0.0095 0.0000 0.0308 0.0168 0.0000 0.0000 0.0000 0.0000 0.0000 0.0000 0.0000 0.0000 0.0280 0.0260 0.0001 0.0000 0.0000 0.0000 0.0184 0.0000 0.0000 0.0000 0.0000 0.0000 0.0000
0.0002 0.0000 0.0000 0.0000 0.0000 0.0000 0.0000 0.0000 0.0000 0.0000 0.0001 0.0000 0.0820 0.0379 0.0898 0.0000 0.0000 0.0030 0.0000 0.0009 0.0018 0.0166 0.0000 0.0000 0.0002 0.0000 0.0000 0.0000 0.0005 0.0227 0.0000 0.0000 0.0001 0.0000 0.0000 0.0004 0.0001 0.0003 0.0059 0.0017 0.0001 0.0003 0.0730 0.0049 0.0620 0.3077 0.1433 0.0004 0.0003 0.0000 0.0000 0.0006 0.0045 0.0202 0.0005 0.0001 0.0096 0.0001 0.0001 0.0001 0.0000 0.0003 0.0001 0.0003
0.7427 0.5999 0.6192 0.0008 0.0754 0.2141 0.0000 0.0000 0.0000 0.0000 0.0000 0.0000 0.0000 0.0000 0.0000 0.0000 0.0000 0.0000 0.0000 0.0000 0.0528 0.0384 0.0093 0.0086 0.0100 0.0024 0.0062 0.0011 0.3094 0.0188 0.2023 0.0639 0.1307 0.0003 0.0004 0.0221 0.0002 0.0084 0.0280 0.0425 0.0809 0.0441 0.0635 0.0577 0.0682 0.0601 0.0706 0.0653 0.0644 0.0651 0.0260 0.0203 0.0241 0.0000 0.0000 0.0000 0.0002 0.0005 0.0215 0.0000 0.0000 0.0000 0.0000 0.3149
0.0000 0.0000 0.0000 0.0000 0.0000 0.0000 0.0000 0.0000 0.0000 0.0000 0.0060 0.0000 0.0000 0.0004 0.0001 0.0000 0.0000 0.0000 0.0000 0.0000 0.0000 0.0000 0.0000 0.0000 0.0000 0.0000 0.0000 0.0000 0.0000 0.0000 0.0002 0.0000 0.0000 0.0000 0.0000 0.0000 0.0000 0.0000 0.0000 0.0000 0.0007 0.0001 0.0004 0.0006 0.0000 0.0000 0.0001 0.0000 0.0000 0.0000 0.0000 0.0000 0.0002 0.0000 0.0000 0.0000 0.0000 0.0001 0.0000 0.0000 0.0000 0.0000 0.0000 0.0000
0.0000 0.0000 0.0000 0.0000 0.0000 0.0000 0.0000 0.0000 0.0000 0.0000 0.0000 0.0000 0.0000 0.0000 0.0000 0.0000 0.0000 0.0001 0.0000 0.0001 0.0001 0.0002 0.0000 0.0000 0.0000 0.0000 0.0000 0.0000 0.0000 0.0000 0.0011 0.0002 0.1524 0.3947 0.5006 0.4471 0.0000 0.0057 0.0024 0.0000 0.0004 0.0001 0.0000 0.0000 0.0000 0.0000 0.0000 0.0000 0.0000 0.0000 0.0000 0.1737 0.1326 0.1028 0.0557 0.0009 0.0005 0.0003 0.0000 0.0008 0.0009 0.0000 0.0000 0.0000
0.0001 0.0001 0.0000 0.0000 0.0024 0.0001 0.0000 0.0000 0.0000 0.0000 0.0000 0.0000 0.0000 0.0000 0.0005 0.0003 0.0003 0.0003 0.0021 0.0037 0.0000 0.0093 0.0066 0.0201 0.0005 0.0000 0.0000 0.0000 0.0617 0.0000 0.0000 0.0000 0.0002 0.0000 0.0001 0.0001 0.0000 0.0000 0.0002 0.0000 0.0006 0.0000 0.0000 0.0000 0.0000 0.0000 0.0000 0.0000 0.0000 0.0002 0.0000 0.0031 0.0000 0.0000 0.0000 0.0002 0.5517 0.3159 0.0004 0.0000 0.0000 0.0000 0.0000 0.0000
0.0000 0.0000 0.0000 0.0000 0.0000 0.0000 0.0000 0.0000 0.0000 0.0000 0.0000 0.0000 0.0000 0.0000 0.0000 0.0000 0.0000 0.0000 0.0000 0.0000 0.0000 0.0000 0.0000 0.0000 0.0000 0.0000 0.0000 0.0000 0.0000 0.0000 0.0000 0.0000 0.0000 0.0000 0.0017 0.0013 0.0007 0.3609 0.0633 0.0000 0.0000 0.0000 0.0000 0.0068 0.0000 0.0000 0.0000 0.0000 0.0709 0.0000 0.0954 0.1218 0.0481 0.0880 0.0002 0.0000 0.0000 0.0002 0.0002 0.0002 0.0003 0.0008 0.0005 0.0001
0.0000 0.0001 0.0002 0.0009 0.0006 0.0005 0.0003 0.0005 0.0005 0.0004 0.0012 0.0031 0.0006 0.0006 0.0003 0.0023 0.0432 0.0522 0.0378 0.0875 0.0449 0.0203 0.0057 0.0001 0.0001 0.0000 0.0008 0.0000 0.0000 0.0010 0.0109 0.0000 0.0002 0.0017 0.0000 0.0000 0.0000 0.0088 0.0137 0.0045 0.0000 0.0000 0.0000 0.0000 0.0001 0.0001 0.0003 0.0000 0.0000 0.0001 0.0005 0.0026 0.0008 0.0003 0.0000 0.0007 0.0043 0.0060 0.0181 0.0032 0.0306 0.0127 0.0014 0.0012
0.0000 0.0000 0.0000 0.0000 0.0000 0.0000 0.0000 0.0210 0.0000 0.0000 0.0000 0.0000 0.0000 0.0000 0.0000 0.0000 0.0000 0.0000 0.0000 0.0000 0.0027 0.0000 0.0000 0.0000 0.0000 0.0000 0.0000 0.0019 0.0082 0.0000 0.0000 0.0002 0.0000 0.0000 0.0000 0.0000 0.0000 0.0000 0.0248 0.0369 0.0377 0.0283 0.0169 0.0160 0.0043 0.0074 0.0000 0.0000 0.0000 0.0000 0.0000 0.0043 0.0004 0.0001 0.0000 0.0000 0.0002 0.0240 0.0026 0.0000 0.0000 0.0965 0.3321 0.0548
0.0008 0.0003 0.0003 0.0006 0.0005 0.0084 0.0026 0.0010 0.0008 0.0001 0.0002 0.0005 0.0001 0.0002 0.0001 0.0005 0.0000 0.0002 0.0034 0.0068 0.0001 0.0099 0.0119 0.0315 0.0103 0.0132 0.0194 0.0031 0.0480 0.0422 0.0610 0.0136 0.0048 0.0000 0.0074 0.0063 0.0000 0.0000 0.0000 0.0000 0.0004 0.0000 0.0000 0.0000 0.0000 0.0000 0.0000 0.0001 0.0001 0.0015 0.0000 0.0006 0.0014 0.0001 0.0002 0.0044 0.0001 0.0010 0.0001 0.0001 0.0008 0.0481 0.0015 0.0015
0.0000 0.0000 0.0000 0.0000 0.1470 0.0217 0.2230 0.0000 0.0000 0.0000 0.0000 0.0000 0.0000 0.0000 0.0000 0.0000 0.0000 0.0000 0.0000 0.0025 0.0032 0.0000 0.0000 0.0000 0.0000 0.0002 0.0000 0.0004 0.0006 0.3158 0.0008 0.0008 0.0004 0.0002 0.0001 0.0004 0.0002 0.0002 0.0003 0.0000 0.0000 0.0000 0.0000 0.0000 0.0000 0.0000 0.0000 0.0000 0.0000 0.0000 0.0000 0.0014 0.0000 0.0000 0.0000 0.0000 0.0002 0.0000 0.0000 0.0000 0.0000 0.0000 0.0000 0.0000
0.0000 0.1014 0.0000 0.0000 0.0000 0.0000 0.0018 0.0001 0.0000 0.0000 0.0000 0.0000 0.0000 0.0000 0.0000 0.0000 0.0000 0.0000 0.0000 0.0000 0.0000 0.0000 0.0086 0.0048 0.0104 0.0141 0.0000 0.0000 0.0021 0.0005 0.0000 0.0000 0.0000 0.0000 0.0000 0.0000 0.0000 0.0000 0.0000 0.0000 0.0000 0.0000 0.0000 0.0000 0.0000 0.0000 0.0000 0.0025 0.0069 0.0050 0.0021 0.0037 0.0021 0.0000 0.0000 0.0000 0.0000 0.0000 0.0000 0.0000 0.0001 0.0000 0.0000 0.0000
0.0000 0.0000 0.0000 0.0000 0.0000 0.0000 0.0000 0.0000 0.0000 0.0000 0.0000 0.0000 0.0000 0.0000 0.0000 0.0000 0.0000 0.0005 0.0004 0.0019 0.0026 0.0011 0.0012 0.0010 0.0006 0.0015 0.0014 0.0012 0.0009 0.0010 0.0014 0.0007 0.0000 0.0000 0.0026 0.0000 0.0200 0.0028 0.0019 0.0026 0.0015 0.0004 0.0004 0.0000 0.0000 0.0000 0.0000 0.0000 0.0000 0.0000 0.0000 0.0000 0.0000 0.0000 0.0000 0.0000 0.0000 0.0000 0.0000 0.0000 0.0000 0.0000 0.0000 0.0000
0.0000 0.0000 0.0000 0.0000 0.0005 0.0003 0.0064 0.0000 0.0000 0.0000 0.0000 0.0000 0.0150 0.0003 0.0154 0.0000 0.0000 0.0000 0.0088 0.0000 0.0000 0.0049 0.0968 0.0000 0.0000 0.0000 0.0000 0.0000 0.0088 0.0000 0.0000 0.0000 0.0000 0.0000 0.0000 0.0000 0.0000 0.0000 0.0003 0.0000 0.0000 0.0000 0.0000 0.0000 0.0000 0.0000 0.0069 0.0010 0.0003 0.0141 0.0007 0.0036 0.0000 0.0001 0.0000 0.0000 0.0000 0.0006 0.0000 0.0000 0.0310 0.0000 0.0000 0.0000
0.0085 0.0001 0.0000 0.0000 0.0000 0.0000 0.0000 0.0000 0.0000 0.0001 0.0015 0.0095 0.0000 0.0000 0.0000 0.0000 0.0000 0.0000 0.0008 0.0006 0.0000 0.0000 0.0002 0.0000 0.0013 0.0000 0.0004 0.0002 0.0001 0.0002 0.0000 0.0000 0.0000 0.0000 0.0000 0.0000 0.0003 0.0377 0.0176 0.1351 0.0145 0.2127 0.1186 0.1960 0.3561 0.3010 0.5537 0.8519 0.6882 0.6014 0.1920 0.1125 0.0009 0.0001 0.0002 0.0005 0.0001 0.0001 0.0195 0.0001 0.0633 0.0001 0.0000 0.0002
0.0427 0.0557 0.0007 0.0001 0.0000 0.0000 0.1038 0.1052 0.0017 0.0000 0.0000 0.0161 0.0080 0.0000 0.0342 0.0278 0.0000 0.0048 0.0086 0.0612 0.0032 0.0000 0.0000 0.0000 0.0000 0.0000 0.0032 0.0000 0.0000 0.0040 0.0086 0.0000 0.0003 0.0002 0.0010 0.0012 0.0015 0.0001 0.0032 0.0319 0.0098 0.0279 0.0070 0.0000 0.0000 0.0000 0.0000 0.0008 0.0000 0.0000 0.0000 0.0000 0.0000 0.0000 0.0002 0.0001 0.0000 0.0000 0.0000 0.0000 0.0000 0.0103 0.0010 0.0001
0.0004 0.0008 0.0001 0.0000 0.0004 0.0000 0.0027 0.0000 0.0135 0.0000 0.0060 0.0000 0.0011 0.0002 0.0002 0.0012 0.0015 0.0006 0.0000 0.0001 0.0001 0.0001 0.0000 0.0000 0.0000 0.0000 0.0000 0.0000 0.0000 0.0011 0.0936 0.1759 0.3938 0.3203 0.1195 0.0506 0.0037 0.0000 0.0002 0.0001 0.0002 0.0000 0.0000 0.0000 0.0000 0.0000 0.0143 0.0030 0.0294 0.2438 0.3669 0.2961 0.0000 0.1612 0.0005 0.0959 0.0000 0.0002 0.0020 0.0000 0.0000 0.0022 0.0006 0.0000
0.0015 0.0000 0.0002 0.0000 0.0036 0.0000 0.0002 0.0000 0.0001 0.0004 0.0016 0.0001 0.0000 0.0009 0.0225 0.0000 0.0010 0.0039 0.0076 0.0030 0.0003 0.0002 0.0000 0.0000 0.0000 0.0000 0.0000 0.0000 0.0002 0.0001 0.0002 0.0000 0.0000 0.0000 0.0003 0.0000 0.0000 0.0000 0.0002 0.0063 0.0099 0.0014 0.0002 0.0018 0.0075 0.0101 0.0081 0.0064 0.0145 0.0086 0.0211 0.0000 0.0266 0.0000 0.0101 0.0146 0.0008 0.1388 0.1126 0.0254 0.0237 0.1666 0.1026 0.0079
0.0000 0.0000 0.0000 0.0000 0.0000 0.0000 0.0000 0.0000 0.0001 0.0019 0.0045 0.0022 0.0010 0.0005 0.0000 0.0000 0.0000 0.0000 0.0000 0.0000 0.0000 0.0000 0.0000 0.0000 0.0000 0.0000 0.0000 0.0000 0.0000 0.0000 0.0000 0.0000 0.0000 0.0000 0.0000 0.0000 0.0000 0.0000 0.0000 0.0000 0.0000 0.0000 0.0001 0.0000 0.0000 0.0000 0.0000 0.0000 0.0000 0.0002 0.0016 0.0005 0.0001 0.0004 0.0011 0.0005 0.0002 0.0008 0.0001 0.0007 0.0000 0.0000 0.0000 0.0000
0.0000 0.0000 0.0056 0.0000 0.0413 0.0000 0.0000 0.1107 0.0000 0.0000 0.0015 0.0002 0.0000 0.0000 0.0000 0.0000 0.0000 0.0000 0.0000 0.0005 0.0000 0.0000 0.0000 0.0000 0.0000 0.0000 0.0000 0.0000 0.0000 0.0000 0.0000 0.0000 0.0000 0.0000 0.0000 0.0000 0.0000 0.0000 0.0000 0.0000 0.0000 0.0000 0.0007 0.0004 0.0000 0.0155 0.0000 0.0000 0.0001 0.0000 0.0001 0.0001 0.0017 0.0000 0.0000 0.0000 0.0000 0.0000 0.0000 0.0000 0.0000 0.0000 0.0000 0.0000
0.0002 0.0001 0.0000 0.0000 0.0012 0.0000 0.0000 0.0048 0.0000 0.0000 0.0004 0.0026 0.0001 0.0000 0.0001 0.0003 0.0002 0.0005 0.0211 0.0039 0.0327 0.5410 0.4779 0.4825 0.4967 0.0054 0.0006 0.0001 0.0004 0.0019 0.0006 0.0090 0.0031 0.0001 0.0000 0.0000 0.0062 0.0000 0.0000 0.0000 0.0005 0.0000 0.0068 0.0079 0.0000 0.0000 0.0001 0.0004 0.0022 0.0006 0.0000 0.0005 0.0005 0.0002 0.0019 0.0006 0.0070 0.0000 0.0009 0.2525 0.2657 0.0000 0.0000 0.0001
0.0000 0.0000 0.0000 0.0000 0.0000 0.0000 0.0026 0.0000 0.0000 0.0061 0.0156 0.0251 0.0000 0.0000 0.0000 0.0000 0.0000 0.0000 0.0000 0.0000 0.0000 0.0000 0.0000 0.0000 0.0000 0.0000 0.0000 0.0000 0.0000 0.0000 0.0042 0.0008 0.0053 0.0004 0.0000 0.0000 0.0000 0.0000 0.0172 0.0017 0.0860 0.0305 0.0003 0.0002 0.0002 0.0002 0.0100 0.0003 0.0002 0.0005 0.0009 0.0051 0.0001 0.0000 0.0121 0.0189 0.0013 0.0691 0.0001 0.0000 0.0000 0.0000 0.0000 0.0000
0.0053 0.0014 0.0080 0.0017 0.0048 0.0019 0.0007 0.0081 0.0005 0.0005 0.0015 0.2358 0.2036 0.0003 0.2141 0.0019 0.0000 0.0000 0.0001 0.0002 0.0001 0.0000 0.0000 0.0000 0.0000 0.0000 0.0000 0.0000 0.0000 0.0000 0.0000 0.0000 0.0000 0.0000 0.0000 0.0000 0.0000 0.0000 0.0000 0.0000 0.0000 0.0000 0.0000 0.0005 0.0005 0.0003 0.0000 0.0000 0.0000 0.0001 0.0008 0.0034 0.0000 0.0000 0.0006 0.0000 0.0063 0.0000 0.0043 0.0000 0.0000 0.0000 0.0000 0.0000
0.0000 0.0000 0.0000 0.0000 0.0000 0.0000 0.0000 0.0002 0.0003 0.0003 0.0010 0.0000 0.0000 0.0134 0.0000 0.0004 0.0000 0.0000 0.0115 0.0000 0.0000 0.0002 0.0001 0.0000 0.0000 0.0000 0.0000 0.0000 0.0004 0.0000 0.0000 0.0000 0.0000 0.0000 0.0000 0.0000 0.0000 0.0000 0.0004 0.0010 0.0000 0.0000 0.0000 0.0096 0.0000 0.0000 0.0000 0.0003 0.0000 0.0019 0.0030 0.0021 0.0000 0.0001 0.0214 0.0115 0.0000 0.0000 0.0000 0.0000 0.0000 0.0000 0.0000 0.0000
0.0001 0.0002 0.0002 0.0007 0.0006 0.0007 0.0005 0.0006 0.0005 0.0007 0.0017 0.0036 0.0008 0.0006 0.0004 0.0082 0.6071 0.5388 0.7064 0.5042 0.5980 0.0489 0.0047 0.0713 0.0632 0.1132 0.0825 0.0432 0.0330 0.1648 0.0374 0.0624 0.0153 0.0000 0.0070 0.0079 0.0000 0.0001 0.0002 0.0001 0.0003 0.0000 0.0000 0.0000 0.0000 0.0000 0.0000 0.0010 0.0000 0.0000 0.0000 0.0038 0.0000 0.0000 0.0003 0.0013 0.0009 0.0020 0.0000 0.0054 0.0000 0.0000 0.0000 0.0000
0.0000 0.0000 0.0000 0.0000 0.0000 0.0000 0.0000 0.0000 0.0000 0.1175 0.0001 0.0000 0.0096 0.0003 0.0004 0.0008 0.0000 0.0001 0.0000 0.0000 0.0004 0.0000 0.0008 0.0001 0.0005 0.0012 0.0002 0.0013 0.0114 0.0646 0.0308 0.0069 0.0031 0.0000 0.0521 0.1902 0.0273 0.0010 0.0013 0.0037 0.0015 0.0013 0.0006 0.0001 0.0000 0.0036 0.0000 0.0000 0.0001 0.0001 0.0000 0.0000 0.0000 0.0000 0.4012 0.2330 0.0825 0.0009 0.0000 0.0000 0.0355 0.0262 0.0004 0.0005
0.0001 0.0000 0.0000 0.0000 0.0000 0.0000 0.0000 0.0000 0.0000 0.0000 0.0000 0.0000 0.0000 0.0000 0.0306 0.0000 0.0000 0.0000 0.0188 0.0336 0.0000 0.0000 0.0013 0.0000 0.0000 0.0000 0.0000 0.0000 0.0004 0.0001 0.0019 0.0000 0.0000 0.0000 0.0000 0.0000 0.0000 0.1155 0.1863 0.0000 0.0000 0.0000 0.0091 0.0000 0.0000 0.0000 0.0000 0.0003 0.0005 0.0008 0.0104 0.0167 0.0019 0.0001 0.0004 0.0008 0.0002 0.0003 0.0002 0.0001 0.0001 0.0003 0.0002 0.0006
0.0000 0.0000 0.0000 0.0000 0.0192 0.0000 0.0012 0.1366 0.0016 0.0003 0.0014 0.0014 0.0015 0.0013 0.0007 0.0019 0.0006 0.0004 0.0004 0.0020 0.0014 0.0003 0.0006 0.0005 0.0003 0.0003 0.0001 0.0000 0.0000 0.0000 0.0000 0.0000 0.0000 0.0000 0.0000 0.0000 0.0000 0.0000 0.0000 0.0000 0.0000 0.0000 0.0000 0.0000 0.0000 0.0000 0.0000 0.0000 0.0000 0.0000 0.0000 0.0000 0.0000 0.0000 0.0000 0.0000 0.0000 0.0000 0.0000 0.0000 0.0000 0.0000 0.0000 0.0000
0.0037 0.0022 0.0016 0.0018 0.0006 0.0003 0.0002 0.0003 0.0014 0.0004 0.0952 0.0059 0.0000 0.0013 0.0005 0.0002 0.0000 0.0000 0.0000 0.0031 0.0014 0.0008 0.0000 0.0000 0.0000 0.0000 0.0000 0.0000 0.0000 0.0000 0.0000 0.0000 0.0000 0.0000 0.0001 0.0000 0.0002 0.0000 0.0003 0.0000 0.0000 0.0000 0.0004 0.0000 0.0000 0.0003 0.0011 0.0004 0.0001 0.0000 0.0002 0.0004 0.0009 0.0007 0.0002 0.3092 0.0004 0.0037 0.0002 0.0002 0.0001 0.0000 0.0001 0.0003
0.0036 0.0042 0.0040 0.0026 0.0048 0.0000 0.0001 0.0000 0.0000 0.0000 0.0292 0.1352 0.0001 0.0001 0.0001 0.0007 0.0000 0.0000 0.0000 0.0000 0.0001 0.0000 0.0000 0.0000 0.0000 0.0181 0.0004 0.0070 0.0095 0.0254 0.0000 0.0000 0.0000 0.0000 0.0000 0.0000 0.0000 0.0000 0.0000 0.0000 0.0000 0.0000 0.0001 0.0000 0.0000 0.0000 0.0000 0.0000 0.0003 0.0001 0.0000 0.0006 0.0007 0.0001 0.0007 0.0006 0.0048 0.0000 0.0206 0.0021 0.0073 0.0057 0.0003 0.0000
0.0000 0.0000 0.0000 0.1324 0.0026 0.0000 0.0000 0.0000 0.0000 0.0000 0.0032 0.0040 0.0006 0.0001 0.0086 0.0002 0.0000 0.0000 0.0000 0.0000 0.0000 0.0000 0.0000 0.0000 0.0000 0.0000 0.0000 0.0000 0.0000 0.0000 0.0000 0.0000 0.0000 0.0525 0.0000 0.0000 0.0000 0.0000 0.0000 0.0000 0.0000 0.0018 0.0000 0.0000 0.0000 0.0000 0.0001 0.0002 0.0000 0.0000 0.0000 0.0000 0.0002 0.0000 0.0001 0.0001 0.0100 0.0000 0.0217 0.0239 0.0269 0.0250 0.0349 0.0055
0.0000 0.0000 0.0000 0.0000 0.0000 0.0000 0.0000 0.0000 0.0000 0.0000 0.0000 0.0000 0.0178 0.0000 0.0000 0.1076 0.0000 0.0000 0.0000 0.0000 0.0248 0.0000 0.0465 0.0069 0.0000 0.0000 0.0000 0.0000 0.0000 0.0000 0.0000 0.0024 0.0000 0.0000 0.0000 0.0000 0.0000 0.0000 0.0048 0.0015 0.0001 0.0230 0.0002 0.0003 0.0005 0.0003 0.0018 0.0002 0.0002 0.0004 0.0029 0.0005 0.0003 0.0001 0.0000 0.0037 0.0164 0.0002 0.0000 0.0166 0.0093 0.0000 0.0000 0.0000
0.0061 0.0000 0.0000 0.0000 0.0000 0.0000 0.0000 0.0000 0.0000 0.0001 0.0001 0.0000 0.0000 0.0000 0.0111 0.0000 0.0000 0.0000 0.0000 0.0001 0.0000 0.0000 0.0000 0.0002 0.0000 0.0064 0.0000 0.0000 0.0000 0.0000 0.0001 0.0000 0.0000 0.0000 0.0000 0.0000 0.0000 0.0000 0.0002 0.0393 0.0001 0.0002 0.0017 0.0000 0.0135 0.0000 0.0000 0.0000 0.0000 0.0000 0.0000 0.0001 0.0000 0.0059 0.0001 0.0245 0.0001 0.0002 0.0091 0.0000 0.0000 0.0000 0.0000 0.0003
0.0000 0.0057 0.0000 0.0000 0.0000 0.0000 0.0000 0.0000 0.0000 0.0000 0.0000 0.0000 0.0000 0.0000 0.0000 0.0000 0.0000 0.0000 0.0000 0.0000 0.0000 0.0000 0.0000 0.0001 0.0000 0.0000 0.0000 0.0000 0.0000 0.0042 0.0000 0.0000 0.0000 0.0000 0.0000 0.0000 0.0000 0.0000 0.0000 0.0000 0.0000 0.0000 0.0000 0.0000 0.0000 0.0000 0.0000 0.0047 0.0000 0.0000 0.0000 0.0031 0.0000 0.0000 0.0000 0.0000 0.0000 0.0000 0.0000 0.0000 0.0000 0.0000 0.0000 0.0001
0.0001 0.0001 0.0000 0.0000 0.0000 0.0000 0.0000 0.0000 0.0004 0.0000 0.0001 0.0007 0.0000 0.0000 0.0712 0.1649 0.0000 0.1028 0.0000 0.0000 0.0000 0.0000 0.0525 0.0000 0.0000 0.0000 0.0175 0.0171 0.0072 0.0296 0.0093 0.0219 0.0001 0.0000 0.0096 0.0000 0.0000 0.0000 0.0000 0.0000 0.0000 0.0000 0.0000 0.0000 0.0000 0.0000 0.0000 0.0000 0.0000 0.0000 0.0000 0.0029 0.0002 0.0001 0.0000 0.0000 0.0000 0.0015 0.0998 0.0000 0.0003 0.0000 0.0000 0.0000
0.0184 0.0226 0.0289 0.0297 0.2862 0.1829 0.0004 0.1466 0.6596 0.5315 0.4881 0.2914 0.0950 0.0063 0.0000 0.0305 0.0322 0.0302 0.0625 0.0407 0.0000 0.0000 0.0000 0.0001 0.0000 0.0000 0.0000 0.0000 0.0000 0.0000 0.0000 0.0037 0.0000 0.0000 0.0003 0.0015 0.0012 0.0007 0.0097 0.0019 0.0074 0.0108 0.0054 0.0019 0.0007 0.0012 0.0014 0.0006 0.0004 0.0002 0.0000 0.0001 0.0009 0.0063 0.0312 0.0154 0.0350 0.0855 0.0917 0.0767 0.0008 0.0005 0.0001 0.0001
0.0000 0.0000 0.0001 0.0117 0.0213 0.0039 0.0000 0.0081 0.0844 0.0931 0.0045 0.0003 0.0003 0.0000 0.0002 0.0000 0.0000 0.0000 0.0000 0.0576 0.0031 0.0019 0.0297 0.0000 0.0025 0.0000 0.0019 0.0000 0.1039 0.0197 0.0159 0.0056 0.0275 0.0002 0.0003 0.0361 0.0766 0.0880 0.0788 0.0000 0.0000 0.0000 0.0000 0.0000 0.0000 0.0001 0.0000 0.0000 0.0000 0.0024 0.0018 0.0015 0.0003 0.0199 0.0012 0.0116 0.0004 0.0007 0.0000 0.0000 0.0000 0.0000 0.0000 0.0000
0.0019 0.0001 0.0003 0.0000 0.0186 0.0000 0.0000 0.0000 0.0000 0.0000 0.0000 0.0000 0.0000 0.0000 0.0000 0.0000 0.0000 0.0000 0.0000 0.0001 0.0000 0.0001 0.0000 0.0000 0.0000 0.0000 0.0008 0.0005 0.0009 0.0007 0.0008 0.0004 0.0028 0.0013 0.0024 0.0038 0.4473 0.0037 0.0032 0.0023 0.0022 0.0012 0.0007 0.0005 0.0004 0.0008 0.0007 0.0011 0.0009 0.0028 0.0003 0.0007 0.0078 0.0017 0.0009 0.0017 0.0007 0.0012 0.0010 0.0013 0.0014 0.0020 0.0031 0.0000
0.0000 0.0000 0.0000 0.0012 0.0000 0.0000 0.0000 0.0000 0.1257 0.1390 0.0000 0.0000 0.0000 0.0062 0.0000 0.0000 0.0124 0.0000 0.0009 0.0000 0.0000 0.0000 0.0000 0.0000 0.0069 0.0296 0.0180 0.0167 0.0000 0.0000 0.0000 0.0000 0.0000 0.0000 0.0000 0.0000 0.0000 0.0000 0.0000 0.0000 0.0000 0.0000 0.0022 0.0001 0.0000 0.0000 0.0000 0.0000 0.0000 0.0000 0.0000 0.0021 0.0000 0.0000 0.0065 0.0076 0.0515 0.0006 0.0000 0.0104 0.0000 0.0000 0.0000 0.0000
0.0038 0.0013 0.0153 0.0003 0.0456 0.0000 0.0854 0.0000 0.0034 0.0060 0.0012 0.0024 0.0267 0.0085 0.0005 0.0005 0.0013 0.0001 0.0001 0.0000 0.0000 0.0000 0.0000 0.0000 0.0000 0.0000 0.0000 0.0000 0.0000 0.0000 0.0000 0.0000 0.0002 0.0004 0.0019 0.0002 0.0002 0.0001 0.0008 0.0002 0.0010 0.0000 0.0032 0.0000 0.0000 0.0000 0.0000 0.0000 0.0001 0.0000 0.0010 0.0008 0.0040 0.0000 0.0126 0.0000 0.0000 0.0000 0.0000 0.0000 0.0000 0.0000 0.0000 0.0000
0.0000 0.0000 0.0000 0.0000 0.0000 0.0000 0.0000 0.0000 0.0000 0.0000 0.0045 0.0020 0.1215 0.1195 0.1852 0.1275 0.0000 0.0000 0.0000 0.0023 0.0006 0.0000 0.0000 0.0000 0.0000 0.0000 0.0000 0.0000 0.0000 0.0000 0.0000 0.0000 0.0002 0.0003 0.0008 0.0002 0.0003 0.0001 0.0197 0.0003 0.0004 0.0002 0.0000 0.0003 0.0000 0.0004 0.0000 0.0004 0.0004 0.0000 0.0001 0.0000 0.0024 0.0004 0.0003 0.0023 0.0112 0.0018 0.0161 0.0000 0.0000 0.0000 0.0000 0.0000
0.0017 0.0000 0.0000 0.0000 0.0000 0.0000 0.0001 0.0000 0.0000 0.0000 0.0000 0.0000 0.0000 0.0000 0.0001 0.0000 0.0000 0.0000 0.0000 0.0000 0.0000 0.0000 0.0000 0.0000 0.0000 0.0001 0.0000 0.0003 0.0000 0.0000 0.0257 0.0000 0.0000 0.0000 0.0673 0.0000 0.0000 0.0000 0.0000 0.0000 0.0000 0.0000 0.0000 0.0000 0.0000 0.0000 0.0000 0.0000 0.0000 0.0000 0.0000 0.0030 0.0000 0.0000 0.0000 0.0005 0.0000 0.0000 0.1688 0.0000 0.0000 0.0000 0.0000 0.0025
0.0060 0.0245 0.0225 0.0000 0.0000 0.0976 0.0000 0.0936 0.0000 0.0000 0.0110 0.0000 0.0000 0.0096 0.0011 0.0003 0.0002 0.0077 0.0119 0.0000 0.0011 0.0000 0.0002 0.0004 0.0005 0.0004 0.0004 0.0013 0.0047 0.0058 0.1476 0.1161 0.0019 0.0003 0.0013 0.0003 0.0005 0.0002 0.0010 0.0002 0.0005 0.0000 0.0000 0.0000 0.0000 0.0000 0.0000 0.0000 0.0000 0.0000 0.0000 0.0029 0.3181 0.2533 0.2529 0.0017 0.0000 0.0000 0.0000 0.0000 0.0000 0.0000 0.0000 0.0000
0.0000 0.0002 0.0023 0.0004 0.0000 0.0000 0.0000 0.0000 0.0003 0.0001 0.0047 0.0000 0.0019 0.0001 0.1320 0.2035 0.0001 0.0001 0.0001 0.0003 0.0003 0.0001 0.0000 0.0001 0.0001 0.0001 0.0001 0.0004 0.0008 0.0005 0.0020 0.0441 0.0011 0.0008 0.0106 0.0007 0.0024 0.0018 0.0003 0.0001 0.0002 0.0001 0.0001 0.0003 0.0001 0.0001 0.0003 0.0003 0.0011 0.0000 0.0000 0.0005 0.0001 0.0002 0.0003 0.0006 0.0056 0.0000 0.0000 0.0028 0.0000 0.0000 0.0000 0.0000
0.0000 0.0000 0.0000 0.0000 0.0015 0.0002 0.0028 0.0271 0.0000 0.0000 0.1317 0.0565 0.0000 0.0000 0.0716 0.0358 0.0002 0.0139 0.0000 0.0000 0.0000 0.0002 0.0004 0.0001 0.0060 0.0011 0.0012 0.0006 0.0027 0.0017 0.0000 0.0007 0.0005 0.0001 0.0011 0.0003 0.0004 0.0004 0.0052 0.0044 0.0004 0.2084 0.3833 0.5251 0.2274 0.2825 0.1602 0.0005 0.0001 0.0021 0.0073 0.0135 0.0002 0.0000 0.0082 0.0035 0.0001 0.0005 0.0000 0.0063 0.0000 0.0129 0.0000 0.0000
0.0025 0.0023 0.0033 0.0000 0.0000 0.1282 0.0002 0.0041 0.0000 0.0000 0.0000 0.0000 0.0000 0.0000 0.0000 0.0000 0.0124 0.0000 0.0000 0.0000 0.0000 0.0000 0.0001 0.0000 0.0000 0.0319 0.0000 0.0000 0.0000 0.0000 0.0000 0.0000 0.0000 0.0000 0.0000 0.0000 0.0000 0.0000 0.0000 0.0000 0.0000 0.0000 0.0000 0.0000 0.0000 0.0012 0.0006 0.0005 0.0007 0.0003 0.0006 0.0009 0.0005 0.0013 0.0006 0.0004 0.0082 0.0004 0.0130 0.0097 0.0000 0.0000 0.0000 0.0000
