0.0099 0.0048 0.0068 0.0026 0.0031 0.0033 0.0011 0.0083 0.0010 0.0000 0.0000 0.0026 0.0011 0.0026 0.0002 0.0020 0.0041 0.0071 0.0068 0.0111 0.0186 0.0431 0.0281 0.0273 0.0062 0.0148 0.0441 0.0273 0.0115 0.0194 0.0049 0.0100 0.0000 0.0000 0.0000 0.0000 0.0000 0.0000 0.0000 0.0000 0.0000 0.0003 0.0000 0.0000 0.0000 0.1125 0.1066 0.1664 0.4955 0.3022 0.4829 0.3093 0.0012 0.3425 0.2724 0.3763 0.3102 0.2282 0.3012 0.3044 0.4539 0.2360 0.1512 0.2457
0.0000 0.0000 0.0000 0.0000 0.0000 0.0000 0.0002 0.0000 0.0000 0.0000 0.0000 0.0000 0.0000 0.0000 0.0000 0.0005 0.0000 0.0000 0.0000 0.1105 0.0034 0.0000 0.0000 0.0045 0.0005 0.0049 0.0000 0.0000 0.0001 0.0006 0.0007 0.0004 0.0000 0.0001 0.0000 0.0015 0.0000 0.0000 0.0000 0.0008 0.0005 0.0002 0.0010 0.0025 0.0029 0.0022 0.0000 0.0036 0.0000 0.0006 0.0008 0.0009 0.0000 0.0000 0.0000 0.0000 0.0000 0.0000 0.0000 0.0000 0.0000 0.0000 0.0002 0.0001
0.0000 0.0000 0.0000 0.0219 0.0000 0.0312 0.0000 0.0000 0.0000 0.0000 0.0000 0.0000 0.0000 0.0040 0.0000 0.0000 0.0000 0.0000 0.0000 0.0000 0.0521 0.0000 0.1804 0.0000 0.3442 0.1102 0.0000 0.0000 0.0000 0.0000 0.0034 0.0000 0.0023 0.0000 0.0000 0.0000 0.0000 0.0000 0.0000 0.0000 0.0000 0.0000 0.0000 0.0000 0.0000 0.0000 0.0000 0.0000 0.0000 0.0000 0.0000 0.0000 0.0000 0.0000 0.0545 0.0292 0.0224 0.0000 0.0000 0.0000 0.0000 0.0000 0.0000 0.0000
0.0000 0.0000 0.0000 0.0000 0.0000 0.0000 0.0000 0.0000 0.0000 0.0000 0.0000 0.0000 0.0000 0.0000 0.0000 0.0000 0.0000 0.0000 0.0000 0.0000 0.0000 0.0000 0.0000 0.0000 0.0000 0.0000 0.0000 0.0000 0.0000 0.0000 0.0000 0.0000 0.0000 0.0000 0.0000 0.0000 0.0000 0.0000 0.0000 0.0000 0.0000 0.0000 0.0000 0.0000 0.0000 0.0000 0.0000 0.0000 0.0000 0.0000 0.0000 0.0000 0.0000 0.0000 0.0000 0.0000 0.0000 0.0000 0.0000 0.0000 0.0000 0.0000 0.0000 0.0000
0.0000 0.0001 0.0000 0.0000 0.0000 0.0000 0.0000 0.0000 0.0000 0.0000 0.0000 0.0000 0.0000 0.0000 0.0000 0.0000 0.0000 0.0000 0.0001 0.0000 0.0000 0.0000 0.0000 0.0000 0.0000 0.0000 0.0000 0.0000 0.0000 0.0000 0.0000 0.1542 0.0000 0.0000 0.3802 0.4331 0.6118 0.5489 0.5509 0.5686 0.4541 0.1945 0.2981 0.0000 0.0000 0.0000 0.0000 0.0000 0.0000 0.0000 0.0005 0.0037 0.0034 0.0080 0.0075 0.0000 0.0035 0.0044 0.0005 0.0648 0.0000 0.0860 0.0000 0.0000
0.0000 0.0000 0.0000 0.0000 0.0002 0.0002 0.0003 0.0002 0.0002 0.0001 0.0001 0.0004 0.0007 0.0000 0.0000 0.0000 0.0001 0.0003 0.0003 0.0002 0.0001 0.0000 0.0000 0.0005 0.0022 0.0007 0.0002 0.0000 0.0000 0.0000 0.0000 0.0001 0.0007 0.0003 0.0001 0.0003 0.0002 0.0001 0.0056 0.0000 0.0089 0.0345 0.0058 0.0072 0.0028 0.0046 0.0096 0.0221 0.0209 0.0056 0.0067 0.0054 0.0065 0.0067 0.0184 0.0138 0.0048 0.0051 0.0090 0.0086 0.0210 0.1143 0.1379 0.1027
0.0001 0.0004 0.0008 0.0000 0.0000 0.0000 0.0000 0.0000 0.0000 0.0000 0.0000 0.0000 0.0000 0.0000 0.0000 0.0000 0.0000 0.0000 0.0022 0.0009 0.0000 0.0001 0.0004 0.0000 0.0000 0.0004 0.0000 0.0000 0.0000 0.0000 0.0000 0.0002 0.0002 0.0001 0.0001 0.0000 0.0000 0.0000 0.0000 0.0000 0.0000 0.0000 0.0009 0.0000 0.0000 0.0146 0.0330 0.0642 0.0034 0.0001 0.0000 0.0000 0.0094 0.0026 0.0033 0.0013 0.0078 0.0027 0.0027 0.0000 0.0000 0.0000 0.0000 0.0000
0.0000 0.0000 0.0000 0.0000 0.0000 0.0000 0.0000 0.0000 0.0000 0.0000 0.0000 0.0000 0.0000 0.0000 0.0000 0.0000 0.0000 0.0000 0.0000 0.0000 0.0000 0.0000 0.0234 0.0263 0.0257 0.0265 0.0960 0.1002 0.0309 0.0426 0.0346 0.0482 0.0195 0.0000 0.0000 0.0000 0.0000 0.0436 0.0000 0.0000 0.0000 0.0000 0.0000 0.0001 0.0000 0.0000 0.0000 0.0000 0.0000 0.0029 0.0007 0.0000 0.0064 0.0032 0.0033 0.0013 0.0054 0.0000 0.0000 0.0000 0.0000 0.0000 0.0000 0.0000
0.0001 0.0000 0.0002 0.0000 0.0000 0.0000 0.0000 0.0000 0.0000 0.0000 0.0000 0.0000 0.0000 0.0000 0.0012 0.0057 0.0000 0.0190 0.0243 0.0356 0.0489 0.0242 0.0123 0.0000 0.0246 0.0000 0.0095 0.0021 0.0252 0.0219 0.0197 0.0362 0.0459 0.0222 0.0049 0.0000 0.0000 0.0000 0.0000 0.0000 0.0000 0.0000 0.0000 0.0000 0.0000 0.0000 0.0000 0.0000 0.0000 0.0000 0.0070 0.0000 0.0000 0.0000 0.0000 0.0000 0.0000 0.0000 0.0000 0.0000 0.0000 0.0000 0.0000 0.0000
0.0000 0.0000 0.0000 0.0000 0.0445 0.0311 0.0125 0.0129 0.0090 0.0174 0.0065 0.0063 0.0010 0.0005 0.0000 0.0001 0.0033 0.0000 0.0000 0.0000 0.0033 0.0000 0.0000 0.0104 0.0000 0.0000 0.0030 0.0020 0.0019 0.0017 0.0015 0.0045 0.0033 0.0144 0.0070 0.0026 0.0032 0.0040 0.0061 0.0007 0.0004 0.0002 0.0497 0.0097 0.1871 0.0339 0.0693 0.0564 0.0310 0.1061 0.0117 0.0270 0.0246 0.0018 0.0004 0.0005 0.0010 0.0011 0.0075 0.0006 0.0003 0.0004 0.0003 0.0001
0.0000 0.0000 0.0000 0.0000 0.0000 0.0000 0.0000 0.0000 0.0000 0.0000 0.0000 0.0000 0.0000 0.0000 0.0000 0.0000 0.0000 0.0000 0.0000 0.0000 0.0000 0.0000 0.0000 0.0000 0.0000 0.0000 0.0000 0.0000 0.0000 0.0000 0.0000 0.0000 0.0000 0.0000 0.0000 0.0000 0.0000 0.0000 0.0000 0.0000 0.0000 0.0000 0.0000 0.0000 0.0000 0.0000 0.0000 0.0000 0.0000 0.0000 0.0000 0.0000 0.0000 0.0000 0.0000 0.0000 0.0000 0.0000 0.0000 0.0000 0.0000 0.0000 0.0000 0.0000
0.0029 0.0001 0.0000 0.0001 0.0002 0.0002 0.0006 0.0040 0.0034 0.0020 0.0023 0.0024 0.0016 0.0000 0.0000 0.0000 0.0003 0.0013 0.0004 0.0001 0.0000 0.0779 0.0000 0.0001 0.0043 0.0047 0.0057 0.0025 0.0026 0.0046 0.0017 0.0029 0.0026 0.0008 0.0007 0.0001 0.0002 0.0001 0.0091 0.0084 0.0165 0.0009 0.0152 0.0036 0.0022 0.0024 0.0040 0.0080 0.0064 0.0028 0.0043 0.0039 0.0068 0.0066 0.0271 0.0195 0.0027 0.0046 0.0101 0.0120 0.0153 0.1217 0.0000 0.0000
0.0000 0.0000 0.0000 0.0000 0.0000 0.0000 0.0104 0.0000 0.0000 0.0000 0.0000 0.0000 0.0000 0.0000 0.0000 0.0000 0.0000 0.0000 0.0000 0.0000 0.0000 0.0000 0.0000 0.0000 0.0000 0.0000 0.0000 0.0000 0.0000 0.0000 0.0000 0.0000 0.0000 0.0000 0.0000 0.0000 0.0000 0.0000 0.0000 0.0000 0.0000 0.0000 0.0000 0.0000 0.0000 0.0000 0.0000 0.0000 0.0000 0.0000 0.0001 0.0000 0.0000 0.0000 0.0000 0.0000 0.0000 0.0000 0.0000 0.0000 0.0000 0.0000 0.0000 0.0000
0.0000 0.2038 0.0000 0.0000 0.0000 0.0000 0.0000 0.0000 0.0000 0.0000 0.0000 0.0000 0.0000 0.0000 0.0000 0.0000 0.0000 0.0000 0.0000 0.0100 0.0000 0.0000 0.0000 0.0000 0.0065 0.0132 0.0000 0.0000 0.0000 0.0000 0.0000 0.0112 0.0155 0.0000 0.0162 0.0303 0.0291 0.0228 0.0490 0.0415 0.0553 0.0272 0.0798 0.0267 0.0172 0.0220 0.0450 0.0680 0.0332 0.0240 0.0138 0.0127 0.0000 0.0000 0.0000 0.0000 0.0000 0.0000 0.0009 0.0000 0.0000 0.0000 0.0000 0.0003
0.0000 0.0004 0.0088 0.0143 0.0190 0.0000 0.0442 0.0428 0.0000 0.0236 0.0348 0.0287 0.0005 0.0000 0.0000 0.0000 0.0000 0.0000 0.0000 0.0150 0.0000 0.0000 0.0004 0.0000 0.0000 0.0000 0.0000 0.0000 0.0000 0.0000 0.0000 0.0000 0.0000 0.0000 0.0000 0.0000 0.0000 0.0000 0.0000 0.0000 0.0000 0.0000 0.0000 0.0000 0.0000 0.0000 0.0001 0.0000 0.0063 0.0021 0.0000 0.0000 0.0146 0.0016 0.0000 0.0000 0.0000 0.0000 0.0000 0.0000 0.0000 0.0000 0.0000 0.0000
0.0672 0.0570 0.1066 0.0759 0.1127 0.1129 0.1306 0.1107 0.0402 0.0458 0.0099 0.0000 0.0000 0.0000 0.0000 0.0000 0.0000 0.0000 0.0000 0.0000 0.0000 0.0000 0.0001 0.0000 0.0000 0.0001 0.0000 0.0000 0.0000 0.0000 0.0000 0.0001 0.0000 0.0000 0.0000 0.0000 0.0000 0.0000 0.0000 0.0001 0.0409 0.0143 0.0002 0.1438 0.1205 0.1999 0.1133 0.0000 0.0007 0.0000 0.0000 0.0000 0.0000 0.0000 0.0000 0.0000 0.0000 0.0000 0.0000 0.0000 0.0000 0.0000 0.0000 0.0000
0.0014 0.0003 0.0002 0.0001 0.0009 0.0003 0.0001 0.0000 0.0001 0.0001 0.0001 0.0008 0.0000 0.0000 0.0001 0.0000 0.0000 0.0001 0.0003 0.0000 0.0000 0.0000 0.0000 0.0000 0.0000 0.0000 0.0000 0.0000 0.0000 0.0000 0.0000 0.0000 0.0000 0.0000 0.0000 0.0000 0.0000 0.0000 0.0000 0.0000 0.0000 0.0000 0.0000 0.0000 0.0000 0.0000 0.0000 0.0341 0.0388 0.0005 0.1365 0.0005 0.0008 0.0000 0.0000 0.0000 0.0000 0.0000 0.0000 0.0000 0.0000 0.0000 0.0000 0.0000
0.0000 0.0000 0.0000 0.0000 0.0002 0.0009 0.0001 0.0001 0.0001 0.0001 0.0000 0.0001 0.0000 0.0000 0.0000 0.0001 0.0000 0.0000 0.0000 0.0000 0.0000 0.0000 0.0000 0.0000 0.0000 0.0000 0.0000 0.0000 0.0010 0.0251 0.0170 0.0053 0.0000 0.0000 0.0000 0.0000 0.0000 0.0001 0.0285 0.0000 0.0000 0.0076 0.0001 0.0000 0.0000 0.0000 0.0000 0.0094 0.0005 0.0046 0.0010 0.0049 0.0042 0.0062 0.0114 0.0179 0.0065 0.0071 0.0139 0.0090 0.0050 0.0043 0.0003 0.0001
0.0000 0.0000 0.0000 0.0000 0.0001 0.0001 0.0001 0.0000 0.0000 0.0000 0.0000 0.0000 0.0000 0.0000 0.0000 0.0000 0.0000 0.0000 0.0000 0.0028 0.0000 0.0029 0.0000 0.0000 0.0000 0.0000 0.0000 0.0000 0.0000 0.0000 0.0000 0.0000 0.0000 0.0000 0.0000 0.0144 0.0059 0.0000 0.0000 0.0000 0.0000 0.0006 0.0202 0.0088 0.0009 0.0018 0.0036 0.0156 0.0103 0.0032 0.0046 0.0004 0.0510 0.0000 0.0557 0.0000 0.0000 0.0043 0.0000 0.0000 0.0000 0.0000 0.0000 0.0179
0.0012 0.0000 0.0003 0.0002 0.0006 0.0008 0.0003 0.0005 0.0001 0.0000 0.0000 0.0000 0.0000 0.0000 0.0000 0.0000 0.0000 0.0000 0.0000 0.0000 0.0000 0.0000 0.0000 0.0000 0.0000 0.0000 0.0000 0.0000 0.0000 0.0000 0.0000 0.0000 0.0000 0.0013 0.0000 0.0000 0.0000 0.0000 0.0000 0.0000 0.0000 0.0000 0.0000 0.0000 0.0000 0.0005 0.0000 0.0000 0.0001 0.0000 0.0000 0.0000 0.0000 0.0001 0.0000 0.0000 0.0000 0.0000 0.0000 0.0000 0.0000 0.0000 0.0000 0.0000
0.0000 0.0000 0.0000 0.0001 0.0000 0.0000 0.1000 0.1171 0.1193 0.1551 0.1078 0.1022 0.0870 0.0540 0.0403 0.0364 0.0374 0.0402 0.0097 0.0001 0.0000 0.0003 0.0003 0.0003 0.0000 0.0000 0.0000 0.0000 0.0000 0.0000 0.0000 0.0000 0.0000 0.0000 0.0000 0.0000 0.0000 0.0000 0.0000 0.0000 0.0000 0.0000 0.0000 0.0000 0.0000 0.0000 0.0000 0.0000 0.0000 0.0000 0.0000 0.0000 0.0000 0.0000 0.0000 0.0000 0.0000 0.0000 0.0000 0.0000 0.0000 0.0000 0.0002 0.0000
0.0000 0.0000 0.0000 0.0000 0.0000 0.0000 0.0000 0.0000 0.0000 0.0000 0.0000 0.0000 0.0000 0.0000 0.0000 0.0000 0.0000 0.0000 0.0000 0.0000 0.0000 0.0000 0.0098 0.0228 0.0000 0.0000 0.0000 0.0000 0.0000 0.0000 0.0000 0.0000 0.0157 0.0000 0.0000 0.0000 0.0000 0.0000 0.0000 0.0000 0.0000 0.0000 0.0000 0.0000 0.0000 0.0000 0.0114 0.0273 0.0105 0.0128 0.0248 0.0322 0.0463 0.0387 0.0168 0.0133 0.0694 0.0483 0.0431 0.0568 0.0295 0.0343 0.0366 0.0000
0.0000 0.0000 0.0000 0.0000 0.0000 0.0003 0.0000 0.0000 0.0000 0.0000 0.0000 0.0000 0.0000 0.0000 0.0000 0.0000 0.0000 0.0000 0.0020 0.0000 0.0000 0.0000 0.0000 0.0518 0.0000 0.0000 0.0000 0.0740 0.0000 0.0867 0.0000 0.0006 0.0000 0.0000 0.0000 0.0000 0.0000 0.0000 0.0000 0.0000 0.0000 0.0000 0.0000 0.0000 0.0000 0.0000 0.0378 0.0000 0.0399 0.0331 0.0000 0.0000 0.0000 0.0000 0.0000 0.0000 0.0000 0.0000 0.0000 0.0000 0.0000 0.0000 0.0359 0.0000
0.0000 0.0000 0.0000 0.0000 0.0000 0.0000 0.0000 0.0000 0.0000 0.0000 0.0000 0.0000 0.0000 0.0000 0.0000 0.0000 0.0000 0.0000 0.0000 0.0000 0.0000 0.0000 0.0000 0.0000 0.0000 0.0000 0.0000 0.0000 0.0000 0.0000 0.0000 0.0000 0.0000 0.0001 0.0000 0.0000 0.0000 0.0000 0.0000 0.0000 0.0000 0.0000 0.0000 0.0000 0.0000 0.0000 0.0000 0.0001 0.0000 0.0000 0.0000 0.0000 0.0000 0.0000 0.0000 0.0000 0.0000 0.0000 0.0000 0.0000 0.0000 0.0000 0.0000 0.0000
0.2844 0.3913 0.6071 0.8227 0.7403 0.6723 0.5924 0.6520 0.7655 0.7044 0.5794 0.6413 0.5494 0.5263 0.4815 0.4872 0.7123 0.6286 0.7595 0.6188 0.2611 0.6360 0.1327 0.1314 0.1887 0.1370 0.6225 0.5172 0.4823 0.3620 0.3515 0.3581 0.1983 0.1950 0.0000 0.0000 0.0000 0.0000 0.0000 0.1350 0.1726 0.0920 0.0683 0.0001 0.0000 0.0000 0.0000 0.1186 0.0000 0.0000 0.0000 0.0000 0.0000 0.0000 0.0000 0.0060 0.0461 0.0017 0.0000 0.0000 0.0034 0.0004 0.0123 0.0096
0.0001 0.0000 0.0000 0.0000 0.0000 0.0000 0.0000 0.0000 0.0000 0.0000 0.0000 0.0000 0.0000 0.0000 0.0000 0.0000 0.0000 0.0000 0.0000 0.0000 0.0000 0.0000 0.0000 0.0000 0.0000 0.0000 0.0000 0.0000 0.0000 0.0000 0.0000 0.0000 0.0000 0.0000 0.0000 0.0000 0.0000 0.0000 0.0000 0.0000 0.0000 0.0000 0.0000 0.0000 0.0000 0.0000 0.0000 0.0000 0.0000 0.0000 0.0000 0.0000 0.0000 0.0000 0.0000 0.0000 0.0000 0.0000 0.0000 0.0000 0.0000 0.0000 0.0000 0.0000
0.0000 0.0000 0.0000 0.0000 0.0000 0.0000 0.0000 0.0000 0.0000 0.0000 0.0000 0.0000 0.0000 0.0000 0.0000 0.0000 0.0000 0.0024 0.0030 0.0141 0.0000 0.0000 0.0000 0.0000 0.0000 0.0000 0.0000 0.0000 0.0000 0.0000 0.0000 0.0098 0.0000 0.0000 0.0000 0.0000 0.0000 0.0000 0.0219 0.0018 0.0040 0.0003 0.0079 0.0038 0.0015 0.0009 0.0000 0.0000 0.0000 0.0000 0.0000 0.0000 0.0002 0.0000 0.0000 0.0000 0.0000 0.0000 0.0000 0.0000 0.0000 0.0000 0.0000 0.0002
0.0000 0.0000 0.0000 0.0000 0.0000 0.0000 0.0000 0.0000 0.0000 0.0000 0.0000 0.0003 0.0000 0.0000 0.0000 0.0000 0.0000 0.0000 0.0000 0.0000 0.0000 0.0000 0.0000 0.0000 0.0000 0.0000 0.0000 0.0000 0.0000 0.0000 0.0000 0.0000 0.0000 0.0001 0.0000 0.0000 0.0075 0.0283 0.0652 0.0308 0.0007 0.0583 0.0385 0.3349 0.4660 0.1166 0.1030 0.0505 0.0261 0.0000 0.0000 0.0143 0.0000 0.0000 0.0000 0.0000 0.0000 0.0000 0.0000 0.0000 0.0000 0.0000 0.0000 0.0000
0.0000 0.0000 0.0000 0.0000 0.0000 0.0000 0.0000 0.0000 0.0000 0.0000 0.0000 0.0000 0.0000 0.0000 0.0000 0.0000 0.0000 0.0000 0.0000 0.0000 0.0000 0.0000 0.0000 0.0000 0.0000 0.0000 0.0000 0.0000 0.0000 0.0000 0.0000 0.0000 0.0000 0.0000 0.0000 0.0000 0.0000 0.0000 0.0000 0.0000 0.0000 0.0000 0.0000 0.0000 0.0000 0.0000 0.0000 0.0000 0.0000 0.0000 0.0000 0.0000 0.0000 0.0000 0.0000 0.0000 0.0000 0.0000 0.0000 0.0000 0.0000 0.0000 0.0000 0.0000
0.0009 0.0814 0.0016 0.0064 0.0204 0.0264 0.0007 0.0008 0.0335 0.0079 0.2343 0.2016 0.3323 0.1887 0.2261 0.1541 0.0000 0.0001 0.0000 0.0000 0.0000 0.0000 0.0003 0.0047 0.0006 0.0041 0.0000 0.0004 0.0000 0.0000 0.0031 0.0134 0.0134 0.0167 0.0166 0.0138 0.0101 0.0097 0.0209 0.0806 0.0382 0.4966 0.0843 0.2878 0.0832 0.1867 0.2113 0.1484 0.0143 0.0000 0.0097 0.0230 0.0371 0.0006 0.0006 0.0004 0.0022 0.0008 0.0006 0.0009 0.0002 0.0048 0.3431 0.3946
0.0000 0.0000 0.0000 0.0000 0.0000 0.0000 0.0000 0.0000 0.0000 0.0000 0.0000 0.0000 0.0000 0.0000 0.0000 0.0000 0.0000 0.0000 0.0000 0.0000 0.0000 0.0000 0.0000 0.0000 0.0000 0.0000 0.0000 0.0000 0.0000 0.0000 0.0000 0.0000 0.0111 0.0748 0.0004 0.0034 0.0000 0.0000 0.0000 0.0000 0.0000 0.0000 0.0000 0.0000 0.0000 0.0000 0.0000 0.0000 0.0000 0.0000 0.0000 0.0000 0.0000 0.0000 0.0000 0.0000 0.0000 0.0000 0.0000 0.0000 0.0000 0.0000 0.0000 0.0000
0.0000 0.0000 0.0000 0.0000 0.0000 0.0000 0.0001 0.0000 0.0000 0.0000 0.0000 0.0000 0.0000 0.0000 0.0000 0.0000 0.0000 0.0000 0.0000 0.0000 0.0000 0.0000 0.0000 0.0000 0.0000 0.0000 0.0000 0.0000 0.0000 0.0000 0.0000 0.0000 0.0000 0.0000 0.0000 0.0075 0.0050 0.0000 0.0000 0.0000 0.0000 0.0000 0.0000 0.0506 0.0000 0.0000 0.0000 0.0000 0.0000 0.0000 0.0000 0.0000 0.0000 0.0000 0.0000 0.0000 0.0000 0.0000 0.0000 0.0000 0.0000 0.0000 0.0000 0.0000
0.0119 0.0102 0.0000 0.0003 0.0015 0.0011 0.0001 0.0002 0.0001 0.0001 0.0000 0.0000 0.0000 0.0000 0.0000 0.0000 0.0000 0.0000 0.0000 0.0000 0.1060 0.0515 0.0000 0.4189 0.0000 0.1417 0.0000 0.0000 0.0000 0.0000 0.0751 0.0000 0.0000 0.3477 0.0000 0.0000 0.0000 0.0000 0.0000 0.0005 0.0004 0.0000 0.0000 0.0000 0.0000 0.0000 0.0000 0.0000 0.0000 0.0000 0.0000 0.0000 0.0000 0.0000 0.0000 0.0000 0.0000 0.0000 0.0000 0.0000 0.0000 0.0001 0.0000 0.0000
0.0000 0.0000 0.0003 0.0065 0.0023 0.0314 0.0000 0.0000 0.0000 0.0112 0.0030 0.0000 0.0000 0.0000 0.0000 0.0000 0.0000 0.0000 0.0000 0.0000 0.0000 0.0000 0.0000 0.0744 0.0203 0.0221 0.0000 0.0228 0.0000 0.0000 0.0000 0.0115 0.0000 0.0000 0.0000 0.0000 0.0000 0.0000 0.0004 0.0002 0.0000 0.0000 0.0000 0.0374 0.0636 0.0002 0.1114 0.1022 0.1037 0.2149 0.1065 0.0351 0.0588 0.1038 0.3534 0.1867 0.0952 0.1110 0.1118 0.0840 0.1196 0.0000 0.0000 0.0000
0.0000 0.0000 0.0000 0.0000 0.0035 0.0004 0.0010 0.0000 0.0011 0.0000 0.0000 0.0000 0.0000 0.0000 0.0000 0.0000 0.0000 0.0003 0.0025 0.0000 0.0000 0.0000 0.0000 0.0000 0.0000 0.0000 0.0000 0.0000 0.0000 0.0000 0.0000 0.0000 0.0000 0.0000 0.0000 0.0000 0.0000 0.0000 0.0479 0.0001 0.0000 0.0003 0.0000 0.0000 0.0000 0.0000 0.0000 0.0000 0.0000 0.0000 0.0000 0.0000 0.0218 0.0004 0.0043 0.0000 0.0000 0.0000 0.0002 0.0000 0.0000 0.0002 0.0000 0.0002
0.0000 0.0000 0.0000 0.0000 0.0000 0.0000 0.0001 0.0000 0.0000 0.0000 0.0000 0.0000 0.0000 0.0002 0.0013 0.0000 0.0000 0.0000 0.0004 0.0000 0.0000 0.0000 0.0002 0.0002 0.0005 0.0002 0.0001 0.0000 0.0002 0.0010 0.0004 0.0002 0.0007 0.0013 0.0000 0.0004 0.0002 0.0001 0.0016 0.0000 0.0000 0.0000 0.0045 0.0003 0.0001 0.0003 0.0015 0.0089 0.0058 0.0021 0.0030 0.0001 0.0171 0.0033 0.0056 0.0005 0.0010 0.0002 0.0012 0.0089 0.0013 0.0000 0.0000 0.0000
0.0000 0.0000 0.0000 0.0000 0.0000 0.0000 0.0000 0.0000 0.0000 0.0000 0.0000 0.0000 0.0000 0.0000 0.0000 0.0000 0.0000 0.0000 0.0000 0.0000 0.0000 0.0000 0.0000 0.0000 0.0073 0.0000 0.0000 0.0000 0.0000 0.0000 0.0000 0.0000 0.0370 0.0630 0.0711 0.0694 0.0632 0.0435 0.0129 0.0000 0.0000 0.0000 0.0000 0.0000 0.0000 0.0000 0.0000 0.0000 0.0000 0.0000 0.0043 0.0000 0.0000 0.0000 0.0000 0.0000 0.0000 0.0000 0.0000 0.0000 0.0000 0.0000 0.0000 0.0000
0.0000 0.0000 0.0000 0.0000 0.0000 0.0092 0.0000 0.0000 0.0000 0.0000 0.0000 0.0000 0.0000 0.0006 0.0001 0.0002 0.0008 0.0016 0.0014 0.0000 0.0094 0.0190 0.0135 0.0013 0.0009 0.0007 0.0004 0.0003 0.0000 0.0005 0.0000 0.0002 0.0006 0.0000 0.0003 0.0004 0.0003 0.0000 0.0004 0.0000 0.0000 0.0000 0.0000 0.0053 0.0000 0.0004 0.0000 0.0103 0.0314 0.0254 0.0542 0.1195 0.1093 0.1686 0.0938 0.1149 0.1264 0.1706 0.0789 0.0000 0.0000 0.0000 0.0000 0.0000
0.0000 0.0000 0.0000 0.0000 0.0000 0.0000 0.0000 0.0000 0.0000 0.0000 0.0000 0.0000 0.0000 0.0000 0.0000 0.0000 0.0000 0.0000 0.0000 0.0000 0.0000 0.0000 0.0000 0.0000 0.0000 0.0000 0.0000 0.0000 0.0000 0.0000 0.0000 0.0000 0.0000 0.0000 0.0000 0.0000 0.0000 0.0000 0.0004 0.0000 0.0000 0.0000 0.0018 0.0043 0.0000 0.0000 0.0000 0.0002 0.0001 0.0000 0.0001 0.0000 0.0000 0.0000 0.0000 0.0000 0.0000 0.0000 0.0000 0.0000 0.0000 0.0000 0.0000 0.0000
0.0000 0.0000 0.0000 0.0000 0.0000 0.0000 0.0000 0.0000 0.0000 0.0000 0.0000 0.0000 0.0000 0.2029 0.2123 0.1381 0.0000 0.1121 0.0000 0.0000 0.1424 0.0000 0.2266 0.0007 0.0000 0.0645 0.0000 0.0000 0.0000 0.0000 0.0000 0.0000 0.0000 0.0059 0.0083 0.0000 0.0000 0.0000 0.0000 0.0000 0.0004 0.0000 0.0000 0.0000 0.0000 0.0000 0.0000 0.0000 0.0000 0.0000 0.0000 0.0022 0.0000 0.0000 0.0000 0.0001 0.0000 0.0001 0.0000 0.0000 0.0000 0.0000 0.0000 0.0001
0.0000 0.0000 0.0000 0.0000 0.0000 0.0000 0.0000 0.0000 0.0000 0.0000 0.0000 0.0000 0.0000 0.0000 0.0000 0.0000 0.0000 0.0000 0.0000 0.0000 0.0000 0.0000 0.0000 0.0000 0.0000 0.0649 0.0000 0.0000 0.0000 0.0000 0.0000 0.0000 0.0000 0.0000 0.0000 0.0000 0.0000 0.0000 0.0000 0.0000 0.0000 0.0000 0.0000 0.0000 0.0000 0.0000 0.0000 0.0000 0.0000 0.0000 0.0000 0.0000 0.0000 0.0000 0.0000 0.0000 0.0000 0.0000 0.0000 0.0000 0.0000 0.0000 0.0000 0.0000
0.0000 0.0000 0.0000 0.0000 0.0000 0.0000 0.0000 0.0000 0.0000 0.0000 0.0000 0.0000 0.0000 0.0000 0.0000 0.0000 0.0000 0.0000 0.0000 0.0000 0.0000 0.0000 0.0000 0.0000 0.0001 0.0002 0.0001 0.0000 0.0000 0.0000 0.0000 0.0000 0.0001 0.0002 0.0000 0.0000 0.0001 0.0000 0.0000 0.0000 0.0000 0.0000 0.0000 0.0001 0.0000 0.0000 0.0000 0.0000 0.0000 0.0000 0.0000 0.0000 0.0000 0.0000 0.0000 0.0000 0.0000 0.0000 0.0000 0.0000 0.0000 0.0000 0.0000 0.0000
0.0000 0.0000 0.0000 0.0000 0.0000 0.0000 0.0000 0.0000 0.0000 0.0000 0.0000 0.0000 0.0000 0.0000 0.0000 0.0000 0.0000 0.0000 0.0000 0.0000 0.0000 0.0000 0.0000 0.0000 0.0000 0.0000 0.0000 0.0000 0.0000 0.0000 0.0000 0.0000 0.0000 0.0000 0.0000 0.0000 0.0000 0.0000 0.0000 0.0000 0.0001 0.0000 0.0000 0.0000 0.0000 0.0000 0.0001 0.0000 0.0000 0.0000 0.0000 0.0000 0.0000 0.0000 0.0000 0.0000 0.0000 0.0000 0.0000 0.0000 0.0000 0.0000 0.0000 0.0000
0.0000 0.0000 0.0000 0.0000 0.0000 0.0000 0.0000 0.0000 0.0000 0.0000 0.0000 0.0000 0.0000 0.0000 0.0000 0.0000 0.0009 0.0000 0.0016 0.0096 0.0000 0.0008 0.0000 0.0000 0.0000 0.0001 0.0000 0.0000 0.0000 0.0000 0.0000 0.0000 0.0000 0.0805 0.0000 0.0000 0.0000 0.0000 0.0000 0.0015 0.0000 0.0001 0.0001 0.0000 0.0000 0.0000 0.0013 0.0026 0.0002 0.0085 0.0045 0.0053 0.0029 0.0116 0.0000 0.0000 0.0000 0.0000 0.0726 0.1444 0.0000 0.0000 0.0000 0.0000
0.0017 0.0008 0.0004 0.0007 0.0019 0.0020 0.0006 0.0027 0.0003 0.0008 0.0003 0.0003 0.0011 0.0009 0.0183 0.1597 0.2022 0.1246 0.0725 0.0211 0.0872 0.0000 0.0000 0.0000 0.1120 0.0863 0.0000 0.0000 0.0000 0.0000 0.0000 0.0001 0.0000 0.1738 0.0000 0.0000 0.0000 0.0000 0.0000 0.0000 0.0000 0.0001 0.0002 0.0018 0.0000 0.0020 0.0038 0.0000 0.0000 0.0000 0.0000 0.0000 0.0000 0.0000 0.0000 0.0000 0.0000 0.0000 0.0000 0.0000 0.0000 0.0000 0.0000 0.0000
0.0000 0.0000 0.0000 0.0000 0.0000 0.0000 0.0000 0.0000 0.0000 0.0000 0.0000 0.0000 0.0000 0.0000 0.0000 0.0000 0.0000 0.0000 0.0000 0.0000 0.0000 0.0000 0.0000 0.0000 0.0000 0.0000 0.0000 0.0000 0.0656 0.0525 0.0548 0.0806 0.1655 0.0000 0.1700 0.1471 0.1762 0.1370 0.1475 0.0416 0.0791 0.0458 0.1304 0.0663 0.0498 0.0805 0.1310 0.0687 0.0948 0.0818 0.0479 0.0460 0.0515 0.0968 0.0714 0.0852 0.0657 0.0634 0.1048 0.0780 0.0432 0.0455 0.0517 0.0283
0.0000 0.0000 0.0000 0.0000 0.0000 0.0000 0.0001 0.0000 0.0000 0.0000 0.0000 0.0000 0.0000 0.0000 0.0000 0.0000 0.0035 0.0024 0.0024 0.0001 0.0000 0.0000 0.0000 0.0000 0.0000 0.0000 0.0000 0.0000 0.0000 0.0000 0.0000 0.0000 0.0000 0.0000 0.0000 0.0000 0.0000 0.0000 0.0000 0.0000 0.0000 0.0000 0.0000 0.0000 0.0000 0.0000 0.0000 0.0000 0.0000 0.0000 0.0000 0.0000 0.0000 0.0000 0.0000 0.0000 0.0000 0.0000 0.0000 0.0000 0.0000 0.0000 0.0000 0.0000
0.0000 0.0000 0.0000 0.0000 0.0000 0.0000 0.0000 0.0000 0.0000 0.0000 0.0000 0.0000 0.0000 0.0000 0.0000 0.0000 0.0002 0.0005 0.0032 0.0110 0.0000 0.0000 0.0000 0.0000 0.0000 0.0000 0.0000 0.0000 0.0000 0.0000 0.0000 0.0000 0.0005 0.0011 0.0004 0.0011 0.0005 0.0004 0.0006 0.0006 0.0008 0.0004 0.0066 0.0004 0.0003 0.0012 0.0012 0.0015 0.0163 0.0265 0.0000 0.0000 0.0000 0.0000 0.0000 0.0000 0.0000 0.0000 0.0000 0.0000 0.0000 0.0000 0.0000 0.0000
0.5843 0.2027 0.2572 0.0000 0.0000 0.0000 0.0000 0.0000 0.0000 0.0000 0.0000 0.0000 0.0000 0.0000 0.0000 0.0000 0.0000 0.0000 0.0000 0.0000 0.0163 0.0047 0.0125 0.1003 0.0102 0.0000 0.0725 0.0741 0.3363 0.2923 0.3720 0.2074 0.4657 0.0000 0.3166 0.2721 0.0833 0.1584 0.0056 0.0743 0.1187 0.0000 0.0348 0.0000 0.0000 0.0337 0.0003 0.0112 0.0097 0.0269 0.0033 0.0050 0.0000 0.0000 0.0000 0.0000 0.0048 0.0000 0.0025 0.0027 0.0011 0.0003 0.0021 0.0000
0.0000 0.0000 0.0000 0.0000 0.0000 0.0000 0.0000 0.0000 0.0000 0.0000 0.0000 0.0000 0.0000 0.0000 0.0000 0.0021 0.0000 0.0000 0.0000 0.0000 0.0026 0.0000 0.0055 0.0041 0.0010 0.0069 0.0081 0.0004 0.0020 0.0049 0.0000 0.0000 0.0001 0.0001 0.0000 0.0002 0.0002 0.0001 0.0008 0.0000 0.0000 0.0000 0.0000 0.0000 0.0000 0.0000 0.0000 0.0000 0.0000 0.0000 0.0000 0.0032 0.0113 0.0000 0.0000 0.0000 0.0000 0.0000 0.0000 0.0000 0.0000 0.0009 0.0000 0.0000
0.0047 0.0005 0.0000 0.0003 0.0007 0.0097 0.0000 0.0000 0.0002 0.0002 0.0001 0.0001 0.0004 0.0003 0.0013 0.0003 0.0002 0.0003 0.0016 0.0014 0.0002 0.0006 0.0005 0.0013 0.0017 0.0006 0.0000 0.0004 0.0004 0.0005 0.0006 0.0000 0.0000 0.0000 0.0065 0.0000 0.0000 0.0000 0.0000 0.0006 0.0000 0.0000 0.0021 0.0000 0.0000 0.0000 0.0000 0.0000 0.0000 0.0000 0.0006 0.0015 0.0000 0.0000 0.0000 0.0000 0.0000 0.0000 0.0000 0.0000 0.0000 0.0000 0.0001 0.0000
0.0000 0.0000 0.0000 0.0000 0.0000 0.0000 0.0000 0.0000 0.0000 0.0000 0.0000 0.0000 0.0000 0.0000 0.0000 0.0000 0.0000 0.0000 0.0000 0.0000 0.0000 0.0000 0.0000 0.0000 0.0000 0.0000 0.0000 0.0000 0.0000 0.0000 0.0000 0.0000 0.0000 0.0000 0.0000 0.0000 0.0000 0.0000 0.0000 0.0000 0.0000 0.0000 0.0000 0.0000 0.0000 0.0000 0.0000 0.0000 0.0000 0.0000 0.0000 0.0000 0.0000 0.0000 0.0000 0.0000 0.0000 0.0000 0.0000 0.0000 0.0000 0.0000 0.0000 0.0000
0.0000 0.0000 0.0000 0.0000 0.0000 0.0000 0.0000 0.0000 0.0000 0.0000 0.0000 0.0000 0.0000 0.0000 0.0000 0.0000 0.0000 0.0000 0.0000 0.0000 0.0000 0.0000 0.0000 0.0000 0.0000 0.0000 0.0000 0.0000 0.0000 0.0000 0.0000 0.0000 0.0000 0.0000 0.0000 0.0000 0.0000 0.0000 0.0000 0.0000 0.0000 0.0000 0.0000 0.0000 0.0000 0.0000 0.0000 0.0000 0.0000 0.0000 0.0000 0.0000 0.0000 0.0000 0.0000 0.0000 0.0000 0.0000 0.0000 0.0000 0.0000 0.0000 0.0000 0.0000
0.0000 0.0000 0.0000 0.0000 0.0000 0.0000 0.0000 0.0000 0.0000 0.0000 0.0000 0.0000 0.0000 0.0000 0.0000 0.0000 0.0000 0.0000 0.0000 0.0000 0.0172 0.0000 0.0079 0.0000 0.0000 0.0000 0.0000 0.0000 0.0000 0.0000 0.0000 0.0000 0.0000 0.0000 0.0000 0.0000 0.0000 0.0000 0.0000 0.0000 0.0000 0.0000 0.0000 0.0000 0.0000 0.0000 0.0000 0.0000 0.0000 0.0000 0.0000 0.0000 0.0000 0.0000 0.0000 0.0000 0.0000 0.0000 0.0000 0.0000 0.0000 0.0000 0.0000 0.0000
0.0000 0.0000 0.0000 0.0022 0.0025 0.0043 0.0001 0.0028 0.0000 0.0000 0.0000 0.0000 0.0000 0.0000 0.0000 0.0000 0.0000 0.0000 0.0000 0.0000 0.0000 0.0000 0.0000 0.0000 0.0001 0.0000 0.0000 0.0000 0.0000 0.0000 0.0001 0.0029 0.0010 0.0000 0.0000 0.0021 0.0030 0.0027 0.0193 0.0122 0.0040 0.0256 0.0027 0.0037 0.0005 0.0011 0.0000 0.0000 0.0000 0.0000 0.0000 0.0000 0.0000 0.0000 0.0000 0.0000 0.0000 0.0000 0.0005 0.0002 0.0000 0.0006 0.0019 0.0000
0.0138 0.0247 0.0096 0.0200 0.0000 0.0321 0.0901 0.0210 0.0000 0.0000 0.0000 0.0000 0.0000 0.0000 0.0000 0.0000 0.0000 0.0000 0.0000 0.0000 0.1064 0.0000 0.2356 0.0000 0.1273 0.2022 0.0000 0.0000 0.0000 0.0000 0.0000 0.0000 0.0000 0.0003 0.0002 0.0000 0.0000 0.0000 0.0000 0.0000 0.0000 0.0000 0.0000 0.0000 0.0000 0.0000 0.0000 0.0000 0.0000 0.0000 0.0000 0.0000 0.0000 0.0000 0.0000 0.0000 0.0000 0.0000 0.0000 0.0000 0.0000 0.0000 0.0000 0.0000
0.0000 0.0000 0.0000 0.0000 0.0000 0.0000 0.0000 0.0000 0.0000 0.0000 0.0000 0.0000 0.0000 0.0000 0.0000 0.0000 0.0000 0.0000 0.0000 0.0000 0.0000 0.0000 0.0000 0.0000 0.0001 0.0000 0.0000 0.0000 0.0000 0.0000 0.0000 0.0000 0.0000 0.0000 0.0000 0.0000 0.0000 0.0000 0.0000 0.0000 0.0000 0.0000 0.0000 0.0000 0.0000 0.0000 0.0000 0.0000 0.0000 0.0000 0.0000 0.0000 0.0000 0.0000 0.0000 0.0000 0.0000 0.0000 0.0000 0.0000 0.0000 0.0000 0.0000 0.0000
0.0000 0.0000 0.0000 0.0000 0.0000 0.0000 0.0000 0.0115 0.0000 0.0000 0.0000 0.0000 0.0000 0.0000 0.0002 0.0000 0.0000 0.0050 0.0066 0.0528 0.1109 0.0560 0.0751 0.0704 0.0701 0.0547 0.0903 0.1406 0.0347 0.0723 0.0413 0.0417 0.0003 0.0002 0.0003 0.0000 0.0000 0.0000 0.0000 0.0001 0.0042 0.0002 0.1455 0.0006 0.0002 0.1797 0.0014 0.0016 0.0000 0.1131 0.0703 0.3366 0.5146 0.1968 0.0000 0.1329 0.2246 0.3462 0.2380 0.2247 0.3060 0.3194 0.1843 0.2001
0.0001 0.0000 0.0000 0.0000 0.0000 0.0000 0.0000 0.0000 0.0000 0.0000 0.0000 0.0000 0.0000 0.0000 0.0000 0.0000 0.0076 0.0108 0.0079 0.0000 0.0000 0.0169 0.0053 0.0219 0.0074 0.0104 0.0408 0.0302 0.0052 0.0112 0.0172 0.0000 0.0000 0.0000 0.0000 0.0000 0.0000 0.0000 0.0054 0.0000 0.0000 0.0000 0.0013 0.0000 0.0010 0.0000 0.0000 0.0000 0.0000 0.0000 0.0000 0.0000 0.0000 0.0000 0.0000 0.0000 0.0000 0.0000 0.0000 0.0000 0.0000 0.0000 0.0000 0.0000
0.0156 0.0214 0.0000 0.0254 0.0455 0.0296 0.0141 0.0125 0.0258 0.0313 0.0213 0.0126 0.0250 0.0189 0.0171 0.0134 0.0271 0.0392 0.0731 0.0523 0.0137 0.0603 0.0288 0.0264 0.0374 0.0279 0.0067 0.0053 0.0000 0.0000 0.0000 0.0000 0.0000 0.0000 0.0000 0.0000 0.0000 0.0000 0.0000 0.0000 0.0000 0.0000 0.0000 0.0000 0.0000 0.0000 0.0000 0.0000 0.0000 0.0000 0.0000 0.0000 0.0000 0.0000 0.0000 0.0000 0.0000 0.0000 0.0000 0.0000 0.0000 0.0000 0.0000 0.0000
0.0000 0.0000 0.0000 0.0000 0.0000 0.0000 0.0000 0.0000 0.0000 0.0000 0.0000 0.0000 0.0000 0.0000 0.0000 0.0000 0.0000 0.0000 0.0000 0.0000 0.0001 0.0055 0.0000 0.0000 0.0000 0.0000 0.0000 0.0000 0.0000 0.0000 0.0000 0.0000 0.0000 0.0000 0.0000 0.0000 0.0000 0.0000 0.0000 0.0000 0.0000 0.0000 0.0000 0.0000 0.0000 0.0000 0.0000 0.0000 0.0000 0.0000 0.0000 0.0071 0.0000 0.0000 0.0000 0.0000 0.0000 0.0000 0.0000 0.0000 0.0000 0.0000 0.0000 0.0000
0.0000 0.0000 0.0000 0.0000 0.0000 0.0000 0.0000 0.0000 0.0000 0.0000 0.0000 0.0000 0.0000 0.0000 0.0000 0.0000 0.0000 0.0000 0.0000 0.0000 0.0000 0.0000 0.0000 0.0000 0.0000 0.0000 0.0000 0.0000 0.0000 0.0000 0.0000 0.0000 0.0000 0.0000 0.0000 0.0000 0.0000 0.0000 0.0000 0.0000 0.0000 0.0000 0.0000 0.0000 0.0000 0.0000 0.0000 0.0000 0.0000 0.0000 0.0000 0.0000 0.0000 0.0000 0.0000 0.0000 0.0000 0.0000 0.0000 0.0000 0.0000 0.0000 0.0000 0.0000
0.0000 0.0000 0.0000 0.0000 0.0000 0.0003 0.0000 0.0000 0.0000 0.0000 0.0000 0.0000 0.0000 0.0000 0.0000 0.0000 0.0000 0.0000 0.0000 0.0000 0.0000 0.0000 0.0000 0.0000 0.0000 0.0000 0.0000 0.0000 0.0001 0.0000 0.0002 0.0000 0.0000 0.0000 0.0000 0.0000 0.0000 0.0000 0.0000 0.0000 0.0000 0.0000 0.0000 0.0000 0.0000 0.0000 0.0000 0.0000 0.0000 0.0000 0.0000 0.0000 0.0000 0.0000 0.0000 0.0000 0.0000 0.0000 0.0000 0.0000 0.0000 0.0307 0.0419 0.0000
0.0000 0.0000 0.0000 0.0000 0.0000 0.0000 0.0000 0.0000 0.0000 0.0000 0.0000 0.0000 0.0000 0.0000 0.0000 0.0000 0.0000 0.0041 0.0181 0.0327 0.0000 0.0000 0.0000 0.0000 0.0000 0.0000 0.0000 0.0000 0.0000 0.0000 0.0000 0.0000 0.0000 0.0000 0.0000 0.0000 0.0000 0.0000 0.0000 0.0000 0.0000 0.0000 0.0000 0.0000 0.0000 0.0021 0.0000 0.0000 0.0000 0.0000 0.0000 0.0000 0.0001 0.0000 0.0000 0.0000 0.0000 0.0000 0.0000 0.0000 0.0000 0.0000 0.0000 0.0000
