0.0418 0.0359 0.0258 0.0142 0.0000 0.0037 0.0000 0.0000 0.0000 0.0001 0.0002 0.0000 0.0000 0.0000 0.0001 0.0000 0.0000 0.0000 0.0000 0.0000 0.0000 0.0000 0.0000 0.0000 0.0000 0.0000 0.0000 0.0000 0.0000 0.0000 0.0000 0.0000 0.0307 0.0652 0.0486 0.0002 0.0002 0.0000 0.0001 0.0004 0.0024 0.0064 0.0138 0.0032 0.0005 0.0000 0.0000 0.0045 0.0003 0.0001 0.0504 0.0002 0.0880 0.0000 0.2984 0.0002 0.0000 0.0001 0.0000 0.0000 0.0000 0.0000 0.0000 0.0000
0.0000 0.0000 0.0000 0.0000 0.0000 0.0006 0.0010 0.0000 0.0046 0.0003 0.0005 0.0004 0.0000 0.0000 0.0000 0.0051 0.0000 0.0000 0.0000 0.0000 0.0005 0.0000 0.0000 0.0001 0.0005 0.0013 0.0000 0.0000 0.0000 0.0000 0.0000 0.0000 0.0000 0.0000 0.0000 0.0000 0.0000 0.0155 0.0214 0.0000 0.0000 0.0000 0.0001 0.0000 0.0000 0.0000 0.0000 0.0000 0.0566 0.0000 0.0000 0.0000 0.0000 0.0000 0.0000 0.0000 0.0000 0.0000 0.0311 0.0014 0.0000 0.0000 0.0000 0.0000
0.0000 0.0000 0.0000 0.0000 0.0000 0.0000 0.0000 0.0000 0.0000 0.0003 0.0000 0.0000 0.0000 0.0146 0.0000 0.0000 0.0000 0.0000 0.0000 0.0036 0.0000 0.0000 0.0000 0.0000 0.0000 0.0000 0.0217 0.0188 0.0562 0.0001 0.0306 0.0130 0.0000 0.0000 0.0000 0.1589 0.1236 0.0000 0.0001 0.0020 0.0000 0.0023 0.0001 0.0000 0.0000 0.0000 0.0002 0.0000 0.0000 0.0000 0.1955 0.1470 0.1579 0.2646 0.0001 0.0000 0.0000 0.0000 0.0006 0.0000 0.0000 0.0010 0.0000 0.0000
0.0000 0.0000 0.0000 0.0000 0.0008 0.1402 0.5912 0.0494 0.0001 0.0002 0.0001 0.0000 0.0001 0.0001 0.0001 0.0002 0.0000 0.0001 0.0007 0.0000 0.0000 0.0000 0.0000 0.0000 0.0000 0.0000 0.0000 0.0000 0.0000 0.0000 0.0015 0.0020 0.0104 0.0090 0.0055 0.0000 0.0003 0.0001 0.0000 0.0000 0.0000 0.0000 0.0000 0.0000 0.0000 0.0000 0.0000 0.0000 0.0000 0.0000 0.0000 0.0001 0.0001 0.0001 0.0002 0.0006 0.0004 0.0002 0.0000 0.0008 0.0015 0.0005 0.0000 0.0000
0.1476 0.0876 0.1680 0.1826 0.1754 0.0985 0.1602 0.1652 0.1296 0.0601 0.0671 0.0001 0.0337 0.0441 0.0063 0.0244 0.0087 0.0000 0.0007 0.0042 0.0001 0.0000 0.0004 0.0249 0.0955 0.5913 0.4287 0.4117 0.1827 0.0755 0.0538 0.0000 0.0029 0.0840 0.0000 0.0000 0.0000 0.0000 0.0001 0.0000 0.0008 0.0009 0.0103 0.0044 0.0038 0.0010 0.0118 0.0036 0.0000 0.0000 0.0030 0.0064 0.0000 0.0000 0.0692 0.0006 0.0000 0.0000 0.0000 0.0000 0.0004 0.0832 0.0668 0.0378
0.0001 0.0002 0.0001 0.0000 0.0004 0.0001 0.0010 0.0005 0.0009 0.0006 0.0003 0.0001 0.0000 0.0000 0.0004 0.0000 0.0000 0.0000 0.0000 0.0000 0.0000 0.0000 0.0000 0.0000 0.0000 0.0000 0.0000 0.0000 0.0000 0.0000 0.0000 0.0000 0.0000 0.0000 0.0000 0.0000 0.0000 0.0000 0.0000 0.0133 0.0000 0.0000 0.0000 0.0000 0.0000 0.0000 0.0000 0.0000 0.0000 0.0000 0.0000 0.0000 0.0000 0.0000 0.0000 0.0000 0.0000 0.0000 0.0000 0.0000 0.0000 0.0000 0.0004 0.0001
0.0001 0.0000 0.0000 0.5185 0.0001 0.0000 0.0001 0.0000 0.0000 0.0000 0.0026 0.0001 0.0005 0.0000 0.0000 0.0012 0.0000 0.0000 0.0000 0.0000 0.0000 0.0000 0.0000 0.0000 0.1262 0.0000 0.0000 0.0235 0.0000 0.0000 0.0000 0.0006 0.0015 0.0021 0.0009 0.0001 0.0000 0.0000 0.0000 0.0197 0.0451 0.1011 0.0026 0.0017 0.0003 0.0000 0.0000 0.0244 0.0093 0.0037 0.0000 0.0003 0.0204 0.0079 0.0149 0.0295 0.0027 0.0051 0.0050 0.0412 0.0495 0.0918 0.0801 0.0846
0.0000 0.0000 0.0000 0.1415 0.0000 0.0000 0.0000 0.0001 0.0000 0.0000 0.0000 0.0000 0.0106 0.3901 0.0000 0.1194 0.0000 0.0000 0.0171 0.1456 0.0253 0.0626 0.0000 0.0000 0.0000 0.0000 0.0000 0.0000 0.0000 0.0000 0.0000 0.0000 0.0000 0.0000 0.0000 0.0000 0.0000 0.0000 0.0000 0.0000 0.0000 0.0006 0.0000 0.0000 0.0000 0.0000 0.0000 0.0000 0.0003 0.0000 0.0223 0.0004 0.0319 0.0138 0.0149 0.0473 0.0011 0.0000 0.0000 0.0000 0.0000 0.0010 0.0002 0.0000
0.0001 0.0000 0.0000 0.0000 0.0001 0.0005 0.0142 0.0219 0.0040 0.0029 0.0007 0.0035 0.0013 0.0033 0.0000 0.0000 0.0000 0.0000 0.0000 0.0000 0.0000 0.0000 0.0000 0.0099 0.0000 0.0015 0.0000 0.0000 0.0000 0.0000 0.0000 0.0000 0.0000 0.0000 0.0001 0.0001 0.0000 0.0000 0.0000 0.0000 0.0000 0.0000 0.0000 0.0000 0.0000 0.0000 0.0000 0.0000 0.0004 0.0000 0.0005 0.0004 0.0002 0.0008 0.0021 0.0011 0.0001 0.0000 0.0000 0.2461 0.0000 0.0004 0.0001 0.0000
0.0000 0.0001 0.0021 0.0000 0.0000 0.0001 0.0000 0.0000 0.0000 0.0000 0.0000 0.0000 0.0000 0.0000 0.0009 0.0000 0.0019 0.0000 0.0003 0.0003 0.0007 0.0000 0.0000 0.0004 0.0000 0.1212 0.0031 0.0057 0.0095 0.0014 0.0012 0.0007 0.0499 0.0108 0.0158 0.0022 0.0123 0.0098 0.0189 0.0000 0.0000 0.0000 0.0001 0.0000 0.0000 0.0000 0.0000 0.0007 0.0001 0.0000 0.0001 0.0006 0.0005 0.0000 0.0000 0.0004 0.0000 0.0000 0.0002 0.0000 0.0000 0.0000 0.0000 0.0000
0.0136 0.0012 0.0006 0.0000 0.0000 0.0007 0.0000 0.0000 0.0000 0.0000 0.0000 0.0000 0.0000 0.0000 0.0000 0.0000 0.0002 0.0005 0.0010 0.0004 0.0002 0.0000 0.0021 0.0366 0.0047 0.0093 0.0181 0.0037 0.0277 0.0000 0.0000 0.0000 0.0000 0.0000 0.0001 0.0000 0.0000 0.0000 0.0000 0.0004 0.0000 0.0000 0.0000 0.0000 0.0000 0.0000 0.0000 0.0000 0.0072 0.0080 0.0023 0.0028 0.0052 0.0052 0.0056 0.0231 0.0121 0.0058 0.0684 0.0101 0.0000 0.0016 0.0001 0.0000
0.0000 0.0000 0.0000 0.0000 0.0000 0.0000 0.0001 0.0319 0.0437 0.0116 0.0179 0.0289 0.0178 0.0001 0.0006 0.0003 0.0014 0.0048 0.0007 0.0000 0.0000 0.0007 0.0000 0.0000 0.0050 0.0234 0.0079 0.0028 0.0014 0.0003 0.0001 0.0005 0.0165 0.0000 0.0002 0.0000 0.0000 0.0000 0.1381 0.1414 0.0472 0.0042 0.0125 0.0086 0.0009 0.0000 0.0000 0.0000 0.0243 0.0000 0.0000 0.0000 0.0000 0.0000 0.0000 0.0000 0.0000 0.0000 0.0000 0.0033 0.0003 0.0001 0.0000 0.0000
0.0000 0.0000 0.0000 0.0000 0.0000 0.0533 0.0000 0.0000 0.0000 0.0000 0.0000 0.0010 0.0001 0.0000 0.0002 0.0015 0.0000 0.0001 0.0001 0.0001 0.0001 0.0000 0.0005 0.0001 0.0004 0.0011 0.0000 0.0000 0.0000 0.0000 0.0000 0.0000 0.0000 0.0000 0.0053 0.0000 0.0000 0.2743 0.2701 0.4805 0.6817 0.2120 0.1786 0.0677 0.0489 0.0000 0.0000 0.0000 0.0000 0.0000 0.0026 0.0001 0.0000 0.0045 0.0012 0.0160 0.0978 0.0247 0.0000 0.0000 0.0000 0.0000 0.0000 0.0000
0.0000 0.0000 0.0000 0.0000 0.0000 0.0000 0.0000 0.0001 0.0007 0.0002 0.0000 0.0164 0.1640 0.1820 0.0032 0.0017 0.0629 0.0608 0.0023 0.0000 0.0078 0.0377 0.0234 0.0000 0.0000 0.0000 0.0000 0.0000 0.0000 0.0000 0.0000 0.0000 0.0000 0.0000 0.0000 0.0000 0.0000 0.0000 0.0000 0.0000 0.0000 0.0000 0.0000 0.0000 0.0000 0.0000 0.0000 0.0000 0.0000 0.0000 0.0000 0.0000 0.0001 0.0015 0.0022 0.0004 0.0030 0.0022 0.0126 0.0000 0.0000 0.5442 0.3141 0.1852
0.0000 0.0000 0.0000 0.0000 0.0000 0.0087 0.0000 0.0000 0.0000 0.0000 0.0000 0.0000 0.0000 0.0002 0.0000 0.0000 0.0000 0.0000 0.0013 0.0000 0.0000 0.0001 0.0017 0.0000 0.0003 0.0474 0.2040 0.1857 0.0000 0.0005 0.0127 0.0105 0.0010 0.0019 0.0028 0.0033 0.0036 0.0002 0.0006 0.0006 0.0000 0.0008 0.0396 0.0009 0.0005 0.0000 0.0002 0.0001 0.0218 0.0043 0.0039 0.0083 0.0717 0.0408 0.0000 0.0376 0.0184 0.0029 0.0367 0.0692 0.1977 0.0128 0.0299 0.2806
0.0000 0.0000 0.0000 0.0000 0.0000 0.0000 0.0014 0.0000 0.0000 0.0000 0.0000 0.0000 0.0001 0.0000 0.0005 0.0001 0.0000 0.0000 0.0011 0.0014 0.0001 0.0086 0.0008 0.0910 0.0441 0.0557 0.0000 0.2431 0.0464 0.0364 0.0171 0.0010 0.0042 0.0087 0.0062 0.0010 0.0009 0.0001 0.0002 0.0027 0.0000 0.0000 0.0147 0.0001 0.0000 0.0000 0.0000 0.0013 0.1010 0.0023 0.0000 0.0000 0.0001 0.0000 0.0001 0.0004 0.0001 0.0002 0.0001 0.0002 0.0001 0.0002 0.0001 0.0001
0.0404 0.0451 0.0290 0.0230 0.0388 0.0155 0.0111 0.0277 0.0313 0.0158 0.1922 0.3121 0.1331 0.1160 0.0514 0.0225 0.0071 0.0069 0.0062 0.0261 0.1451 0.3360 0.1813 0.2157 0.2430 0.0104 0.0006 0.0000 0.0000 0.0000 0.0000 0.0000 0.0001 0.0000 0.0001 0.0001 0.0000 0.0000 0.0000 0.0000 0.0000 0.0010 0.0058 0.0017 0.1422 0.0754 0.0248 0.1374 0.0203 0.0534 0.0145 0.0491 0.0099 0.0015 0.0112 0.0876 0.0105 0.1570 0.2935 0.1959 0.2998 0.0214 0.0015 0.0016
0.0000 0.0000 0.0000 0.0000 0.0045 0.0114 0.0000 0.0000 0.0000 0.0000 0.0000 0.0000 0.0841 0.0000 0.0460 0.0000 0.0004 0.0003 0.0000 0.0000 0.0000 0.0000 0.0000 0.0000 0.0000 0.0000 0.0000 0.0000 0.0000 0.0000 0.0000 0.0000 0.0000 0.0000 0.0000 0.0389 0.0500 0.0007 0.0000 0.0000 0.0008 0.0000 0.0016 0.0000 0.0000 0.0085 0.0009 0.0000 0.0000 0.0000 0.0000 0.0002 0.0017 0.0000 0.0000 0.0000 0.0000 0.0000 0.0000 0.0000 0.0000 0.0000 0.0021 0.0011
0.0000 0.0000 0.0000 0.0000 0.0000 0.0000 0.0000 0.0000 0.0000 0.0000 0.0000 0.0252 0.0807 0.1150 0.1094 0.0715 0.0281 0.0292 0.0109 0.0000 0.0000 0.0000 0.0313 0.0000 0.0000 0.0000 0.0000 0.0000 0.0000 0.0000 0.0000 0.0000 0.0000 0.0000 0.0000 0.0000 0.0000 0.0000 0.0000 0.0000 0.0000 0.0032 0.0076 0.0000 0.0000 0.0000 0.0000 0.0000 0.0000 0.0000 0.0000 0.0123 0.0213 0.0009 0.0000 0.0000 0.0000 0.0033 0.0000 0.0000 0.0000 0.0000 0.0000 0.0000
0.0000 0.0005 0.0000 0.0000 0.0000 0.0000 0.0000 0.0000 0.0000 0.0000 0.0000 0.0000 0.0325 0.0011 0.0120 0.0000 0.0000 0.0004 0.0000 0.0000 0.0166 0.0755 0.0000 0.0000 0.0045 0.0000 0.0000 0.0000 0.0000 0.0003 0.0000 0.0000 0.0077 0.0000 0.0000 0.0264 0.0685 0.0975 0.0660 0.0321 0.0163 0.0288 0.0551 0.2715 0.2891 0.3025 0.0968 0.0026 0.0095 0.0000 0.0000 0.0149 0.0007 0.0050 0.0006 0.0000 0.0111 0.0000 0.0000 0.0000 0.0000 0.0000 0.0000 0.0000
0.6240 0.6797 0.7048 0.0263 0.2586 0.1991 0.0001 0.0000 0.0000 0.0000 0.0000 0.0000 0.0000 0.0000 0.0000 0.0000 0.0000 0.0000 0.0000 0.0001 0.0001 0.0009 0.0002 0.0000 0.0019 0.0026 0.0203 0.0027 0.4309 0.3767 0.5712 0.6012 0.2069 0.0010 0.0018 0.0032 0.0005 0.0006 0.0019 0.0065 0.0189 0.0081 0.0002 0.0001 0.0000 0.0000 0.0000 0.0001 0.0001 0.0001 0.0000 0.0001 0.0001 0.0166 0.0000 0.0000 0.0081 0.0350 0.0899 0.0000 0.0000 0.0000 0.0000 0.2732
0.0000 0.0000 0.0000 0.0000 0.0000 0.0000 0.0000 0.0002 0.0000 0.0000 0.0143 0.0000 0.0000 0.0408 0.0174 0.0000 0.0000 0.0000 0.0000 0.0000 0.0000 0.0000 0.0000 0.0000 0.0000 0.0000 0.0000 0.0000 0.0000 0.0000 0.0000 0.0000 0.0000 0.0000 0.0000 0.0000 0.0000 0.0000 0.0000 0.0000 0.0009 0.0001 0.0001 0.0009 0.0000 0.0000 0.0000 0.0000 0.0000 0.0000 0.0000 0.0000 0.0000 0.0000 0.0000 0.0000 0.0000 0.0000 0.0000 0.0000 0.0000 0.0000 0.0000 0.0000
0.0000 0.0000 0.0000 0.0000 0.0000 0.0000 0.0007 0.0005 0.0000 0.0000 0.0000 0.0000 0.0000 0.0000 0.0000 0.0000 0.0006 0.0008 0.0001 0.0005 0.0002 0.0005 0.0000 0.0000 0.0000 0.0000 0.0000 0.0000 0.0000 0.0000 0.0026 0.0003 0.1291 0.3937 0.5568 0.5367 0.0000 0.0189 0.0144 0.0000 0.0011 0.0001 0.0000 0.0000 0.0000 0.0000 0.0000 0.0000 0.0000 0.0000 0.0000 0.1390 0.1112 0.0570 0.0130 0.0006 0.0000 0.0132 0.0000 0.0002 0.0003 0.0000 0.0000 0.0000
0.0008 0.0004 0.0000 0.0000 0.0114 0.0006 0.0000 0.0000 0.0000 0.0000 0.0000 0.0000 0.0000 0.0000 0.0042 0.0013 0.0002 0.0003 0.0009 0.0005 0.0000 0.0000 0.0219 0.0154 0.0001 0.0000 0.0000 0.0000 0.0493 0.0000 0.0000 0.0015 0.0138 0.0118 0.0378 0.0225 0.0321 0.0146 0.0018 0.0000 0.0017 0.0000 0.0037 0.0066 0.0055 0.0053 0.0078 0.0115 0.0000 0.0000 0.0000 0.0002 0.0000 0.0000 0.0000 0.0212 0.6455 0.4639 0.0000 0.0000 0.0000 0.0000 0.0000 0.0000
0.0000 0.0000 0.0000 0.0000 0.0001 0.0000 0.0000 0.0000 0.0000 0.0000 0.0000 0.0000 0.0000 0.0000 0.0000 0.0000 0.0000 0.0000 0.0002 0.0000 0.0000 0.0000 0.0000 0.0000 0.0000 0.0000 0.0000 0.0000 0.0000 0.0000 0.0000 0.0000 0.0000 0.0018 0.0079 0.0047 0.0143 0.3302 0.0953 0.0000 0.0000 0.0000 0.0000 0.0001 0.0000 0.0000 0.0000 0.0000 0.0606 0.0000 0.0390 0.0847 0.0218 0.1080 0.0000 0.0000 0.0000 0.0000 0.0004 0.0004 0.0006 0.0060 0.0008 0.0000
0.0269 0.0035 0.0017 0.0114 0.0055 0.0096 0.0131 0.0265 0.0112 0.0057 0.0119 0.0086 0.0101 0.0078 0.0070 0.0160 0.0590 0.0661 0.0623 0.0164 0.0437 0.0420 0.0791 0.0097 0.0124 0.0077 0.2015 0.0078 0.0024 0.0446 0.0523 0.0040 0.0138 0.0000 0.0000 0.0000 0.0000 0.0000 0.0001 0.0001 0.0000 0.0000 0.0000 0.0000 0.0004 0.0005 0.0010 0.0000 0.0000 0.0003 0.0023 0.0002 0.0009 0.0013 0.0000 0.0011 0.0028 0.0241 0.0672 0.0157 0.0585 0.0027 0.0053 0.0005
0.0000 0.0000 0.0000 0.0000 0.0000 0.0000 0.0000 0.0177 0.0000 0.0000 0.0000 0.0000 0.0000 0.0000 0.0000 0.0000 0.0000 0.0000 0.0000 0.0000 0.0000 0.0000 0.0000 0.0000 0.0000 0.0000 0.0000 0.0550 0.0127 0.0000 0.0000 0.0003 0.0000 0.0000 0.0000 0.0000 0.0000 0.0000 0.0051 0.0200 0.0101 0.0025 0.0076 0.0025 0.0001 0.0009 0.0000 0.0000 0.0000 0.0000 0.0000 0.0013 0.0000 0.0000 0.0000 0.0000 0.0075 0.0016 0.0000 0.0000 0.0000 0.0659 0.2882 0.0142
0.0053 0.0024 0.0009 0.0020 0.0029 0.0102 0.0745 0.0745 0.0100 0.0011 0.0031 0.0001 0.0015 0.0003 0.0007 0.0016 0.0000 0.0003 0.0011 0.0014 0.0000 0.0007 0.0052 0.0184 0.0014 0.0016 0.0035 0.0007 0.0202 0.0000 0.0129 0.0236 0.0000 0.0055 0.0002 0.0000 0.0000 0.0000 0.0000 0.0000 0.0010 0.0000 0.0001 0.0001 0.0000 0.0000 0.0000 0.0001 0.0009 0.0502 0.0000 0.0004 0.0014 0.0012 0.0001 0.0227 0.0010 0.0031 0.0004 0.0002 0.0000 0.0020 0.0000 0.0000
0.0000 0.0000 0.0000 0.0000 0.3755 0.0043 0.0413 0.0000 0.0000 0.0000 0.0000 0.0000 0.0000 0.0000 0.0000 0.0000 0.0000 0.0000 0.0000 0.0003 0.0029 0.0000 0.0000 0.0000 0.0000 0.0003 0.0000 0.0007 0.0001 0.3221 0.0005 0.0008 0.0026 0.0008 0.0003 0.0003 0.0005 0.0004 0.0001 0.0000 0.0000 0.0000 0.0000 0.0000 0.0000 0.0000 0.0000 0.0000 0.0000 0.0000 0.0000 0.0000 0.0000 0.0000 0.0000 0.0000 0.0096 0.0000 0.0000 0.0000 0.0000 0.0000 0.0000 0.0000
0.0002 0.0111 0.0000 0.0002 0.0005 0.0002 0.0005 0.0000 0.0001 0.0000 0.0000 0.0000 0.0000 0.0000 0.0000 0.0000 0.0002 0.0007 0.0000 0.0000 0.0000 0.0000 0.0015 0.0001 0.0004 0.0013 0.0000 0.0000 0.0000 0.0000 0.0000 0.0000 0.0000 0.0000 0.0000 0.0000 0.0000 0.0000 0.0000 0.0000 0.0000 0.0001 0.0002 0.0001 0.0000 0.0000 0.0000 0.0460 0.0717 0.0506 0.0005 0.0011 0.0001 0.0000 0.0000 0.0000 0.0000 0.0000 0.0000 0.0000 0.0000 0.0000 0.0000 0.0000
0.0000 0.0000 0.0000 0.0000 0.0000 0.0000 0.0000 0.0000 0.0003 0.0002 0.0000 0.0000 0.0000 0.0000 0.0000 0.0000 0.0000 0.0001 0.0001 0.0001 0.0001 0.0001 0.0001 0.0000 0.0000 0.0002 0.0001 0.0000 0.0000 0.0000 0.0000 0.0000 0.0000 0.0000 0.0003 0.0000 0.0053 0.0002 0.0001 0.0004 0.0001 0.0000 0.0000 0.0000 0.0000 0.0000 0.0000 0.0000 0.0000 0.0000 0.0000 0.0000 0.0000 0.0000 0.0000 0.0000 0.0000 0.0000 0.0000 0.0000 0.0000 0.0000 0.0000 0.0000
0.0000 0.0000 0.0000 0.0000 0.0000 0.0000 0.0014 0.0000 0.0000 0.0000 0.0000 0.0000 0.0015 0.0007 0.0035 0.0001 0.0000 0.0000 0.0124 0.0000 0.0000 0.0000 0.0603 0.0000 0.0000 0.0000 0.0000 0.0000 0.0000 0.0000 0.0000 0.0000 0.0000 0.0000 0.0000 0.0000 0.0000 0.0000 0.0099 0.0000 0.0000 0.0000 0.0000 0.0001 0.0000 0.0000 0.0826 0.0603 0.0050 0.1244 0.0036 0.0706 0.0000 0.0000 0.0000 0.0000 0.0000 0.0291 0.0000 0.0000 0.0017 0.0000 0.0000 0.0000
0.0000 0.0000 0.0000 0.0000 0.0000 0.0000 0.0000 0.0000 0.0000 0.0000 0.0000 0.0001 0.0000 0.0000 0.0006 0.0000 0.0000 0.0000 0.0001 0.0000 0.0000 0.0000 0.0000 0.0000 0.0003 0.0000 0.0022 0.0011 0.0004 0.0007 0.0000 0.0000 0.0000 0.0000 0.0000 0.0000 0.0050 0.0527 0.0358 0.1108 0.0082 0.1644 0.1225 0.1110 0.1829 0.1701 0.3644 0.5065 0.4913 0.5060 0.2153 0.1987 0.0001 0.0000 0.0000 0.0003 0.0000 0.0000 0.0011 0.0100 0.0027 0.0000 0.0000 0.0000
0.0021 0.0006 0.0000 0.0000 0.0000 0.0000 0.0270 0.0033 0.0000 0.0000 0.0000 0.0000 0.0003 0.0000 0.0003 0.0003 0.0000 0.0001 0.0009 0.0002 0.0008 0.0000 0.0000 0.0000 0.0000 0.0000 0.0129 0.0000 0.0000 0.0216 0.0211 0.0000 0.0023 0.0011 0.0167 0.0320 0.0895 0.0328 0.0476 0.0373 0.0595 0.0279 0.0298 0.0182 0.0000 0.0000 0.0000 0.0072 0.0000 0.0000 0.0000 0.0000 0.0000 0.0000 0.0193 0.0064 0.0000 0.0000 0.0000 0.0000 0.0000 0.0012 0.0004 0.0298
0.0929 0.0385 0.0003 0.0015 0.0025 0.0004 0.0021 0.0000 0.0035 0.0000 0.0010 0.0000 0.0003 0.0001 0.0018 0.0451 0.0271 0.0084 0.0004 0.0004 0.0004 0.0002 0.0000 0.0000 0.0000 0.0000 0.0000 0.0000 0.0001 0.0359 0.1240 0.1117 0.4290 0.2800 0.0783 0.0378 0.0000 0.0000 0.0072 0.0046 0.0285 0.0074 0.0059 0.0014 0.0000 0.0000 0.0001 0.0032 0.0311 0.1129 0.2925 0.2011 0.0000 0.0998 0.0359 0.0921 0.0000 0.0000 0.0001 0.0000 0.0000 0.0057 0.0008 0.0001
0.0001 0.0000 0.0000 0.0000 0.0002 0.0000 0.0000 0.0000 0.0000 0.0000 0.0000 0.0000 0.0000 0.0001 0.0102 0.0000 0.0122 0.0004 0.0005 0.0000 0.0000 0.0000 0.0000 0.0000 0.0000 0.0000 0.0000 0.0000 0.0000 0.0000 0.0000 0.0000 0.0000 0.0000 0.0206 0.0000 0.0000 0.0000 0.0000 0.0029 0.0291 0.0278 0.0013 0.0073 0.0021 0.0051 0.0005 0.0191 0.0153 0.0040 0.0475 0.0031 0.0890 0.0000 0.0029 0.0019 0.0000 0.0748 0.0686 0.0028 0.0092 0.1102 0.1457 0.0596
0.0000 0.0000 0.0000 0.0000 0.0000 0.0000 0.0000 0.0000 0.0189 0.1444 0.1413 0.0001 0.0006 0.0003 0.0000 0.0000 0.0000 0.0000 0.0000 0.0000 0.0000 0.0000 0.0000 0.0000 0.0000 0.0000 0.0000 0.0000 0.0000 0.0000 0.0000 0.0000 0.0000 0.0000 0.0000 0.0000 0.0000 0.0000 0.0000 0.0000 0.0000 0.0000 0.0000 0.0000 0.0000 0.0000 0.0000 0.0000 0.0000 0.0001 0.0033 0.0003 0.0000 0.0025 0.0010 0.0004 0.0002 0.0030 0.0001 0.0003 0.0000 0.0000 0.0000 0.0000
0.0000 0.0000 0.0000 0.0000 0.0006 0.0000 0.0000 0.0146 0.0000 0.0000 0.0062 0.0006 0.0004 0.0000 0.0000 0.0000 0.0000 0.0000 0.0000 0.0000 0.0000 0.0000 0.0000 0.0000 0.0000 0.0000 0.0000 0.0000 0.0000 0.0000 0.0000 0.0000 0.0000 0.0000 0.0000 0.0000 0.0000 0.0000 0.0000 0.0000 0.0000 0.0000 0.0189 0.0003 0.0000 0.0014 0.0000 0.0000 0.0004 0.0000 0.0008 0.0001 0.0089 0.0000 0.0003 0.0000 0.0000 0.0000 0.0000 0.0000 0.0000 0.0000 0.0000 0.0000
0.0012 0.0005 0.0000 0.0000 0.0000 0.0000 0.0000 0.0137 0.0000 0.0000 0.0000 0.0000 0.0014 0.0000 0.0013 0.0016 0.0001 0.0003 0.0028 0.0005 0.0594 0.3848 0.4436 0.5071 0.4559 0.0617 0.0383 0.0000 0.0000 0.0000 0.0000 0.0000 0.0000 0.0000 0.0000 0.0000 0.0000 0.0000 0.0000 0.0000 0.0010 0.0000 0.0010 0.0008 0.0000 0.0000 0.0000 0.0514 0.0649 0.0455 0.0047 0.0016 0.0004 0.0010 0.0057 0.0012 0.0035 0.0000 0.0184 0.3406 0.3412 0.0080 0.0100 0.0150
0.0000 0.0000 0.0000 0.0000 0.0000 0.0000 0.0011 0.0000 0.0000 0.0002 0.0005 0.0004 0.0000 0.0000 0.0000 0.0000 0.0000 0.0000 0.0000 0.0000 0.0000 0.0000 0.0000 0.0000 0.0000 0.0000 0.0000 0.0000 0.0000 0.0000 0.0034 0.0055 0.0173 0.0003 0.0000 0.0000 0.0000 0.0075 0.0581 0.0014 0.0017 0.0005 0.0000 0.0000 0.0000 0.0000 0.0406 0.0257 0.0048 0.0111 0.0239 0.0035 0.0000 0.0000 0.1253 0.0155 0.0179 0.0042 0.0000 0.0000 0.0000 0.0000 0.0000 0.0000
0.0002 0.0000 0.0000 0.0001 0.0004 0.0009 0.0043 0.0006 0.0000 0.0000 0.0000 0.1406 0.2809 0.0000 0.0866 0.0000 0.0000 0.0000 0.0000 0.0000 0.0000 0.0000 0.0000 0.0000 0.0000 0.0000 0.0000 0.0000 0.0000 0.0000 0.0000 0.0000 0.0000 0.0000 0.0000 0.0000 0.0000 0.0000 0.0000 0.0000 0.0000 0.0000 0.0000 0.0002 0.0001 0.0000 0.0000 0.0000 0.0000 0.0000 0.0000 0.0003 0.0000 0.0000 0.0010 0.0000 0.0030 0.0000 0.0073 0.0000 0.0000 0.0000 0.0000 0.0000
0.0000 0.0000 0.0000 0.0000 0.0000 0.0000 0.0003 0.0000 0.0000 0.0000 0.0000 0.0000 0.0000 0.0004 0.0000 0.0001 0.0000 0.0000 0.0006 0.0000 0.0000 0.0000 0.0000 0.0000 0.0000 0.0000 0.0000 0.0000 0.0000 0.0000 0.0000 0.0000 0.0000 0.0000 0.0000 0.0000 0.0000 0.0000 0.0089 0.0112 0.0000 0.0000 0.0000 0.0003 0.0000 0.0000 0.0000 0.0281 0.0000 0.0157 0.0027 0.0003 0.0000 0.0000 0.0025 0.0005 0.0000 0.0000 0.0001 0.0000 0.0000 0.0000 0.0000 0.0000
0.0011 0.0022 0.0015 0.0089 0.0065 0.0258 0.0341 0.0257 0.0080 0.0112 0.0090 0.0061 0.0126 0.0047 0.0046 0.0350 0.7770 0.7101 0.8213 0.7684 0.6817 0.0493 0.0660 0.0698 0.0009 0.0013 0.0002 0.0000 0.0000 0.0000 0.0000 0.0000 0.0000 0.0000 0.0000 0.0000 0.0000 0.0000 0.0000 0.0000 0.0006 0.0000 0.0000 0.0000 0.0000 0.0000 0.0030 0.0000 0.0000 0.0000 0.0000 0.0005 0.0000 0.0000 0.0002 0.0028 0.0025 0.0490 0.0000 0.0125 0.0000 0.0000 0.0000 0.0000
0.0000 0.0000 0.0002 0.0000 0.0000 0.0000 0.0000 0.0003 0.0002 0.0363 0.0008 0.0000 0.0018 0.0001 0.0013 0.0011 0.0000 0.0000 0.0000 0.0000 0.0057 0.0000 0.0008 0.0002 0.0006 0.0001 0.0329 0.0364 0.0561 0.0544 0.0188 0.0015 0.0008 0.0000 0.0504 0.1072 0.0000 0.0000 0.0000 0.0165 0.0004 0.0021 0.0195 0.0364 0.0000 0.0000 0.0000 0.0000 0.0000 0.0000 0.0000 0.0000 0.0000 0.0000 0.2395 0.2622 0.0921 0.0294 0.0000 0.0000 0.0060 0.0067 0.0000 0.0000
0.0000 0.0000 0.0000 0.0000 0.0000 0.0000 0.0000 0.0000 0.0000 0.0000 0.0000 0.0000 0.0000 0.0000 0.0047 0.0000 0.0000 0.0000 0.0037 0.0017 0.0000 0.0000 0.0008 0.0000 0.0000 0.0000 0.0000 0.0000 0.0000 0.0000 0.0000 0.0000 0.0000 0.0000 0.0000 0.0000 0.0000 0.1204 0.1537 0.0000 0.0000 0.0000 0.0012 0.0000 0.0000 0.0000 0.0000 0.0000 0.0001 0.0000 0.0020 0.0020 0.0002 0.0000 0.0000 0.0001 0.0000 0.0000 0.0000 0.0000 0.0000 0.0000 0.0000 0.0000
0.0000 0.0000 0.0000 0.0000 0.0129 0.0005 0.0018 0.0292 0.0009 0.0001 0.0007 0.0002 0.0002 0.0001 0.0004 0.0003 0.0000 0.0001 0.0001 0.0001 0.0000 0.0000 0.0002 0.0000 0.0000 0.0001 0.0011 0.0000 0.0000 0.0000 0.0000 0.0000 0.0000 0.0000 0.0000 0.0000 0.0000 0.0000 0.0000 0.0008 0.0000 0.0000 0.0000 0.0000 0.0000 0.0000 0.0000 0.0000 0.0000 0.0000 0.0000 0.0000 0.0000 0.0000 0.0000 0.0000 0.0000 0.0000 0.0000 0.0000 0.0000 0.0000 0.0000 0.0000
0.0007 0.0003 0.0002 0.0004 0.0001 0.0001 0.0001 0.0002 0.0004 0.0001 0.0539 0.0005 0.0000 0.0002 0.0010 0.0031 0.0000 0.0000 0.0000 0.0001 0.0000 0.0000 0.0000 0.0000 0.0000 0.0000 0.0000 0.0000 0.0000 0.0000 0.0000 0.0000 0.0000 0.0000 0.0036 0.0043 0.0010 0.0072 0.0085 0.0000 0.0000 0.0000 0.0002 0.0000 0.0000 0.0000 0.0001 0.0008 0.0000 0.0000 0.0000 0.0018 0.0086 0.0000 0.0014 0.2314 0.0000 0.0000 0.0000 0.0000 0.0000 0.0000 0.0000 0.0000
0.0000 0.0000 0.0000 0.0000 0.0321 0.0000 0.0021 0.0000 0.0000 0.0000 0.0089 0.0760 0.0007 0.0007 0.0004 0.0003 0.0000 0.0000 0.0000 0.0000 0.0000 0.0000 0.0000 0.0000 0.0000 0.0021 0.0000 0.0000 0.0000 0.0008 0.0000 0.0000 0.0000 0.0000 0.0000 0.0000 0.0000 0.0000 0.0000 0.0000 0.0000 0.0000 0.0000 0.0000 0.0000 0.0000 0.0000 0.0000 0.0000 0.0000 0.0000 0.0018 0.0065 0.0014 0.0008 0.0012 0.0033 0.0000 0.0006 0.0028 0.0172 0.0024 0.0002 0.0001
0.0000 0.0000 0.0000 0.0609 0.0000 0.0000 0.0000 0.0000 0.0000 0.0000 0.0008 0.0146 0.0025 0.0337 0.0069 0.0172 0.0002 0.0006 0.0000 0.0000 0.0000 0.0000 0.0000 0.0000 0.0000 0.0000 0.0000 0.0000 0.0000 0.0000 0.0000 0.0000 0.0000 0.0399 0.0000 0.0000 0.0000 0.0000 0.0000 0.0000 0.0000 0.0031 0.0000 0.0012 0.0000 0.0000 0.0000 0.0001 0.0000 0.0000 0.0000 0.0000 0.0000 0.0000 0.0000 0.0070 0.0004 0.0000 0.0050 0.0046 0.0061 0.0215 0.0516 0.0155
0.0000 0.0000 0.0000 0.0000 0.0000 0.0000 0.0000 0.0000 0.0000 0.0000 0.0000 0.0000 0.0009 0.0000 0.0000 0.0156 0.0000 0.0000 0.0000 0.0000 0.0006 0.0000 0.0031 0.0001 0.0000 0.0000 0.0000 0.0000 0.0000 0.0000 0.0000 0.0000 0.0000 0.0000 0.0000 0.0000 0.0000 0.0000 0.0059 0.0017 0.0000 0.0029 0.0001 0.0000 0.0000 0.0000 0.0004 0.0001 0.0001 0.0000 0.0006 0.0001 0.0000 0.0056 0.0000 0.0147 0.0002 0.0118 0.0000 0.0137 0.0001 0.0000 0.0000 0.0000
0.0000 0.0000 0.0000 0.0000 0.0000 0.0000 0.0000 0.0000 0.0000 0.0000 0.0000 0.0000 0.0000 0.0000 0.0001 0.0000 0.0000 0.0000 0.0000 0.0000 0.0000 0.0000 0.0000 0.0000 0.0000 0.0002 0.0000 0.0000 0.0000 0.0000 0.0000 0.0000 0.0000 0.0000 0.0000 0.0000 0.0000 0.0000 0.0000 0.0063 0.0174 0.0192 0.0729 0.0000 0.0001 0.0000 0.0000 0.0000 0.0000 0.0000 0.0000 0.0000 0.0000 0.0005 0.0000 0.0021 0.0000 0.0000 0.0333 0.0000 0.0000 0.0000 0.0000 0.0000
0.0000 0.0000 0.0000 0.0000 0.0000 0.0000 0.0000 0.0000 0.0000 0.0000 0.0000 0.0000 0.0000 0.0000 0.0000 0.0000 0.0000 0.0000 0.0000 0.0000 0.0000 0.0000 0.0000 0.0001 0.0000 0.0000 0.0000 0.0000 0.0000 0.0262 0.0000 0.0000 0.0000 0.0000 0.0000 0.0000 0.0000 0.0000 0.0000 0.0000 0.0000 0.0000 0.0000 0.0000 0.0000 0.0000 0.0000 0.0571 0.0000 0.0000 0.0000 0.0004 0.0000 0.0000 0.0000 0.0000 0.0000 0.0000 0.0000 0.0000 0.0000 0.0000 0.0000 0.0002
0.0008 0.0010 0.0002 0.0008 0.0004 0.0000 0.0000 0.0000 0.0018 0.0006 0.0020 0.0008 0.0000 0.0013 0.0485 0.1782 0.0000 0.0800 0.0000 0.0000 0.0000 0.0000 0.0416 0.0001 0.0000 0.0005 0.0000 0.0000 0.0000 0.0000 0.0000 0.0001 0.0023 0.0050 0.0000 0.0000 0.0000 0.0000 0.0000 0.0000 0.0000 0.0000 0.0000 0.0000 0.0000 0.0000 0.0000 0.0000 0.0000 0.0000 0.0000 0.0004 0.0000 0.0010 0.0000 0.0000 0.0000 0.0044 0.0783 0.0000 0.0000 0.0000 0.0000 0.0000
0.0000 0.0000 0.0000 0.0000 0.0015 0.3035 0.0000 0.3087 0.5287 0.6309 0.3715 0.2927 0.0418 0.0003 0.0000 0.0026 0.0000 0.0000 0.0050 0.0002 0.0000 0.0000 0.0000 0.0001 0.0000 0.0000 0.0000 0.0000 0.0000 0.0000 0.0000 0.0179 0.0000 0.0000 0.0100 0.0153 0.0156 0.0069 0.0053 0.0039 0.0181 0.0068 0.0328 0.0084 0.0030 0.0051 0.0036 0.0066 0.0006 0.0002 0.0002 0.0004 0.0000 0.0001 0.0030 0.0032 0.0015 0.0005 0.0018 0.0223 0.0068 0.0008 0.0004 0.0002
0.0000 0.0000 0.0000 0.0056 0.0024 0.0019 0.0003 0.0060 0.0356 0.0299 0.0469 0.0292 0.0247 0.0000 0.0071 0.0000 0.0000 0.0000 0.0000 0.0000 0.0000 0.0000 0.0338 0.0001 0.0000 0.0024 0.0024 0.0000 0.1035 0.0021 0.0001 0.0002 0.0089 0.0379 0.0386 0.0030 0.0116 0.0091 0.0218 0.0000 0.0000 0.0000 0.0000 0.0000 0.0000 0.0000 0.0000 0.0000 0.0000 0.0065 0.0533 0.0323 0.0121 0.0021 0.0379 0.0302 0.0181 0.0000 0.0000 0.0000 0.0000 0.0000 0.0000 0.0000
0.0000 0.0000 0.0000 0.0000 0.0593 0.0000 0.0000 0.0000 0.0000 0.0000 0.0000 0.0000 0.0000 0.0000 0.0000 0.0000 0.0000 0.0000 0.0000 0.0004 0.0001 0.0002 0.0000 0.0000 0.0000 0.0000 0.0000 0.0000 0.0000 0.0000 0.0000 0.0000 0.0007 0.0008 0.0005 0.0015 0.5649 0.0003 0.0003 0.0003 0.0001 0.0001 0.0001 0.0000 0.0000 0.0000 0.0000 0.0002 0.0003 0.0004 0.0003 0.0002 0.0009 0.0015 0.0001 0.0004 0.0001 0.0001 0.0003 0.0002 0.0002 0.0015 0.0012 0.0000
0.0000 0.0000 0.0000 0.0000 0.0000 0.0000 0.0000 0.0000 0.1649 0.0471 0.0000 0.0000 0.0000 0.0000 0.0000 0.0000 0.0001 0.0000 0.0000 0.0000 0.0000 0.0000 0.0000 0.0000 0.0001 0.0009 0.0002 0.0001 0.0000 0.0000 0.0000 0.0000 0.0000 0.0000 0.0000 0.0000 0.0000 0.0000 0.0000 0.0000 0.0000 0.0000 0.0001 0.0300 0.0000 0.0000 0.0000 0.0000 0.0000 0.0000 0.0000 0.0002 0.0000 0.0000 0.0004 0.0027 0.0217 0.0427 0.0000 0.0001 0.0000 0.0000 0.0000 0.0000
0.0000 0.0000 0.0000 0.0000 0.0033 0.0000 0.0139 0.0000 0.0001 0.0000 0.0005 0.0003 0.0018 0.0003 0.0006 0.0001 0.0000 0.0000 0.0001 0.0000 0.0000 0.0000 0.0000 0.0000 0.0000 0.0000 0.0000 0.0000 0.0000 0.0000 0.0000 0.0000 0.0004 0.0002 0.0001 0.0001 0.0001 0.0000 0.0001 0.0001 0.0002 0.0000 0.0004 0.0000 0.0000 0.0000 0.0000 0.0000 0.0001 0.0000 0.0044 0.0004 0.0005 0.0000 0.0020 0.0000 0.0000 0.0000 0.0000 0.0000 0.0000 0.0000 0.0000 0.0000
0.0001 0.0000 0.0000 0.0000 0.0000 0.0000 0.0000 0.0000 0.0000 0.0000 0.0001 0.0000 0.0576 0.0417 0.3624 0.1043 0.0000 0.0000 0.0000 0.0269 0.0076 0.0000 0.0000 0.0000 0.0000 0.0000 0.0000 0.0000 0.0000 0.0000 0.0000 0.0000 0.0006 0.0374 0.0413 0.0000 0.0001 0.0000 0.0009 0.0003 0.0005 0.0002 0.0000 0.0005 0.0000 0.0000 0.0000 0.0000 0.0014 0.0000 0.0064 0.0003 0.0027 0.0018 0.0003 0.0066 0.0000 0.0053 0.0527 0.0000 0.0000 0.0000 0.0000 0.0000
0.0000 0.0000 0.0000 0.0000 0.0000 0.0000 0.0000 0.0000 0.0000 0.0000 0.0000 0.0000 0.0000 0.0000 0.0000 0.0000 0.0000 0.0000 0.0000 0.0000 0.0000 0.0000 0.0000 0.0000 0.0000 0.0000 0.0000 0.0000 0.0000 0.0000 0.0448 0.0000 0.0000 0.0000 0.0488 0.0000 0.0000 0.0000 0.0000 0.0000 0.0000 0.0000 0.0000 0.0000 0.0000 0.0000 0.0000 0.0000 0.0000 0.0000 0.0000 0.0002 0.0000 0.0000 0.0000 0.0044 0.0000 0.0000 0.1261 0.0000 0.0000 0.0000 0.0000 0.0003
0.0000 0.0890 0.0645 0.0021 0.0000 0.0939 0.0000 0.1429 0.0000 0.0000 0.0000 0.0000 0.0000 0.0000 0.0010 0.0140 0.0113 0.0284 0.0449 0.0002 0.0001 0.0000 0.0002 0.0000 0.0002 0.0001 0.0003 0.0002 0.0002 0.0004 0.0312 0.2029 0.0465 0.0008 0.0005 0.0001 0.0002 0.0001 0.0001 0.0001 0.0064 0.0000 0.0000 0.0000 0.0000 0.0000 0.0000 0.0000 0.0000 0.0000 0.0000 0.0020 0.3245 0.2857 0.0830 0.0001 0.0000 0.0000 0.0000 0.0000 0.0000 0.0000 0.0000 0.0000
0.0000 0.0000 0.0000 0.0000 0.0000 0.0000 0.0000 0.0000 0.0000 0.0000 0.0000 0.0000 0.0000 0.0000 0.1543 0.2901 0.0000 0.0000 0.0000 0.0000 0.0000 0.0000 0.0000 0.0000 0.0000 0.0000 0.0000 0.0000 0.0000 0.0000 0.0000 0.0000 0.0000 0.0000 0.0000 0.0000 0.0000 0.0000 0.0000 0.0000 0.0000 0.0000 0.0000 0.0000 0.0000 0.0000 0.0000 0.0000 0.0000 0.0000 0.0000 0.0000 0.0000 0.0000 0.0000 0.0011 0.0029 0.0000 0.0000 0.0040 0.0000 0.0000 0.0000 0.0000
0.0000 0.0000 0.0000 0.0000 0.0031 0.0006 0.0010 0.0384 0.0004 0.0003 0.0448 0.0412 0.0000 0.0000 0.0416 0.0242 0.0012 0.0002 0.0000 0.0000 0.0000 0.0000 0.0000 0.0000 0.0016 0.0000 0.0000 0.0000 0.0000 0.0000 0.0000 0.0000 0.0000 0.0000 0.0001 0.0000 0.0000 0.0000 0.0013 0.0814 0.0002 0.3656 0.3390 0.4137 0.3196 0.4239 0.3609 0.0006 0.0000 0.0001 0.0012 0.0070 0.0000 0.0000 0.0028 0.0205 0.0008 0.0024 0.0001 0.0002 0.0000 0.0069 0.0000 0.0000
0.0000 0.0000 0.0000 0.0000 0.0000 0.0150 0.0000 0.0000 0.0000 0.0000 0.0000 0.0000 0.0000 0.0000 0.0000 0.0000 0.0000 0.0000 0.0000 0.0000 0.0000 0.0000 0.0003 0.0000 0.0000 0.0544 0.0000 0.0000 0.0000 0.0000 0.0000 0.0000 0.0000 0.0000 0.0000 0.0000 0.0000 0.0000 0.0000 0.0000 0.0000 0.0000 0.0000 0.0000 0.0000 0.0001 0.0001 0.0007 0.0002 0.0001 0.0001 0.0004 0.0002 0.0663 0.0005 0.0004 0.0002 0.0006 0.0002 0.0011 0.0000 0.0000 0.0000 0.0000
