0.0002 0.0002 0.0002 0.0002 0.0000 0.0006 0.0000 0.0000 0.0000 0.0000 0.0000 0.0000 0.0000 0.0000 0.0000 0.0000 0.0000 0.0000 0.0000 0.0000 0.0000 0.0000 0.0000 0.0000 0.0000 0.0000 0.0000 0.0000 0.0000 0.0000 0.0000 0.0000 0.0019 0.0007 0.0049 0.0032 0.0021 0.0031 0.1413 0.1935 0.3054 0.0000 0.0005 0.0002 0.0006 0.0000 0.0000 0.0000 0.0001 0.0000 0.0026 0.0000 0.0017 0.0000 0.0018 0.0000 0.0000 0.0000 0.0000 0.0000 0.0000 0.0000 0.0000 0.0000
0.0000 0.0000 0.0000 0.0000 0.0000 0.0000 0.0000 0.0000 0.0001 0.0000 0.0001 0.0001 0.0000 0.0000 0.0000 0.0000 0.0000 0.0000 0.0000 0.0000 0.0000 0.0000 0.0000 0.0000 0.0000 0.0000 0.0000 0.0000 0.0000 0.0000 0.0000 0.0000 0.0000 0.0000 0.0000 0.0000 0.0000 0.0007 0.0000 0.0000 0.0000 0.0000 0.0000 0.0000 0.0000 0.0000 0.0000 0.0000 0.0002 0.0000 0.0000 0.0000 0.0000 0.0000 0.0000 0.0000 0.0000 0.0000 0.0040 0.0001 0.0000 0.0000 0.0000 0.0000
0.0000 0.0000 0.0000 0.0000 0.0000 0.0000 0.0000 0.0000 0.0000 0.0691 0.0002 0.0000 0.0000 0.0000 0.0000 0.0000 0.0000 0.0000 0.0000 0.0090 0.0000 0.0000 0.0000 0.0000 0.0000 0.0000 0.0103 0.0008 0.0027 0.0000 0.0022 0.0027 0.0000 0.0000 0.0000 0.0006 0.0005 0.0000 0.0000 0.0000 0.0000 0.0000 0.0000 0.0000 0.0000 0.0000 0.0000 0.0000 0.0000 0.0000 0.0004 0.0005 0.0005 0.0010 0.0000 0.0000 0.0000 0.0000 0.0000 0.0000 0.0000 0.0000 0.0000 0.0000
0.0000 0.0000 0.2630 0.2514 0.6972 0.0119 0.5350 0.3670 0.6173 0.7793 0.7590 0.8038 0.8466 0.7883 0.7751 0.7688 0.4419 0.3801 0.1196 0.0000 0.0000 0.0000 0.0000 0.0000 0.0000 0.0000 0.0000 0.0000 0.0000 0.0000 0.0019 0.0160 0.0214 0.0161 0.0046 0.0000 0.0041 0.0276 0.0000 0.0000 0.0000 0.0000 0.0000 0.0000 0.0000 0.0000 0.0000 0.0000 0.0000 0.0000 0.0000 0.3406 0.3408 0.4424 0.5380 0.4522 0.3664 0.2894 0.0000 0.1698 0.5160 0.1227 0.0000 0.0000
0.0035 0.0038 0.0014 0.0010 0.0033 0.0078 0.0236 0.0135 0.0026 0.0010 0.0016 0.0004 0.0006 0.0001 0.0001 0.0005 0.0001 0.0000 0.0000 0.0442 0.0006 0.0552 0.0267 0.0685 0.0296 0.0041 0.0015 0.0033 0.0082 0.0059 0.0173 0.0000 0.0116 0.0007 0.0000 0.0000 0.0000 0.0000 0.0000 0.0000 0.0000 0.0000 0.0000 0.0000 0.0000 0.0000 0.0000 0.0000 0.0000 0.0000 0.0001 0.0004 0.0000 0.0000 0.0007 0.0052 0.0000 0.0000 0.0002 0.0000 0.0016 0.0127 0.0049 0.0000
0.0000 0.0000 0.0000 0.0000 0.0000 0.0000 0.0000 0.0000 0.0000 0.0000 0.0000 0.0000 0.0000 0.0000 0.0000 0.0000 0.0000 0.0000 0.0000 0.0000 0.0000 0.0000 0.0000 0.0000 0.0000 0.0000 0.0000 0.0000 0.0000 0.0000 0.0000 0.0000 0.0000 0.0000 0.0000 0.0000 0.0000 0.0000 0.0000 0.0004 0.0000 0.0000 0.0000 0.0000 0.0000 0.0000 0.0000 0.0000 0.0000 0.0000 0.0000 0.0000 0.0000 0.0000 0.0000 0.0000 0.0000 0.0000 0.0000 0.0000 0.0000 0.0000 0.0000 0.0000
0.0000 0.0000 0.0000 0.0013 0.0000 0.0000 0.0000 0.0000 0.0006 0.0000 0.0093 0.0000 0.0000 0.0000 0.0000 0.0000 0.0000 0.0000 0.0000 0.0000 0.0001 0.0000 0.0000 0.0038 0.0198 0.0000 0.0000 0.0007 0.0000 0.0000 0.0000 0.0021 0.0007 0.0001 0.0009 0.0016 0.1218 0.1103 0.1606 0.0061 0.0024 0.0013 0.0000 0.0000 0.0000 0.0000 0.0000 0.0001 0.0002 0.0001 0.0000 0.0000 0.0009 0.0000 0.0000 0.0000 0.0000 0.0000 0.0000 0.0059 0.0069 0.0059 0.0231 0.0040
0.0031 0.0009 0.0003 0.0006 0.0000 0.0000 0.0000 0.0000 0.0000 0.0000 0.0000 0.0001 0.0002 0.0006 0.0000 0.0002 0.0000 0.0000 0.0034 0.1074 0.0003 0.0026 0.0000 0.0000 0.0000 0.0000 0.0000 0.0000 0.0000 0.0000 0.0000 0.0000 0.0000 0.0000 0.0000 0.0000 0.0000 0.0000 0.0000 0.0000 0.0000 0.0000 0.0000 0.0000 0.0000 0.0000 0.0000 0.0000 0.0005 0.0000 0.0000 0.0027 0.0001 0.0000 0.0000 0.0001 0.0000 0.0000 0.0000 0.0000 0.0000 0.0426 0.0627 0.0000
0.0000 0.0011 0.0000 0.0004 0.0004 0.0018 0.0032 0.0117 0.0032 0.0006 0.0000 0.0000 0.0000 0.0000 0.0000 0.0000 0.0000 0.0000 0.0000 0.0000 0.0000 0.0000 0.0000 0.1281 0.0000 0.0750 0.0000 0.0000 0.0000 0.0000 0.0000 0.0000 0.0000 0.0000 0.0000 0.0000 0.0009 0.0004 0.0001 0.0000 0.0000 0.0000 0.0000 0.0000 0.0000 0.0000 0.0000 0.0000 0.0008 0.0017 0.0000 0.0028 0.0027 0.0000 0.0000 0.0176 0.0000 0.0000 0.0001 0.0077 0.0000 0.0232 0.0481 0.0000
0.0000 0.0055 0.0000 0.0711 0.0000 0.0000 0.0000 0.0000 0.0000 0.0000 0.0000 0.0000 0.0000 0.0000 0.0000 0.0000 0.0000 0.0000 0.0000 0.0981 0.0000 0.0463 0.0000 0.0000 0.0180 0.0005 0.0000 0.0000 0.0003 0.0000 0.0001 0.0000 0.0002 0.0000 0.0002 0.0000 0.0000 0.0001 0.0000 0.0000 0.0000 0.0000 0.0000 0.0000 0.0000 0.0000 0.0000 0.0000 0.0000 0.0000 0.0000 0.0000 0.0001 0.0000 0.0000 0.0001 0.0000 0.0000 0.0001 0.0000 0.0000 0.0000 0.0000 0.0000
0.0031 0.0012 0.0017 0.0000 0.0000 0.0060 0.0000 0.0000 0.0000 0.0000 0.0000 0.0000 0.0000 0.0000 0.0000 0.0000 0.0047 0.0056 0.0190 0.0384 0.7275 0.5303 0.3607 0.1433 0.0424 0.0607 0.0586 0.0322 0.0289 0.0000 0.2828 0.0000 0.2985 0.3220 0.2348 0.0000 0.7805 0.0000 0.0000 0.2278 0.0000 0.0000 0.0000 0.0000 0.0000 0.0000 0.0000 0.0000 0.0040 0.0072 0.0042 0.0041 0.0067 0.0099 0.0163 0.0335 0.0164 0.0304 0.0314 0.0248 0.0000 0.3191 0.1377 0.5105
0.0000 0.0000 0.0000 0.0000 0.0000 0.0000 0.0000 0.0005 0.0001 0.0000 0.0000 0.0001 0.0000 0.0000 0.0000 0.0000 0.0000 0.0000 0.0000 0.0000 0.0000 0.0000 0.0000 0.0000 0.0000 0.0000 0.0000 0.0000 0.0000 0.0000 0.0000 0.0000 0.0000 0.0000 0.0000 0.0000 0.0000 0.0000 0.0003 0.0021 0.0003 0.0000 0.0000 0.0000 0.0000 0.0000 0.0000 0.0000 0.0000 0.0000 0.0000 0.0000 0.0001 0.0000 0.0000 0.0000 0.0000 0.0000 0.0000 0.0001 0.0000 0.0000 0.0000 0.0000
0.0000 0.0000 0.0000 0.0000 0.0000 0.0110 0.0000 0.0000 0.0000 0.0000 0.0012 0.0000 0.0000 0.0000 0.0000 0.0000 0.0000 0.0000 0.0000 0.0000 0.0000 0.0000 0.0000 0.0000 0.0000 0.0000 0.0000 0.0000 0.0000 0.0000 0.0000 0.0000 0.0000 0.0000 0.0018 0.0000 0.0000 0.0003 0.0003 0.0045 0.0034 0.0006 0.0008 0.0001 0.0001 0.0000 0.0000 0.0000 0.0000 0.0000 0.0000 0.0000 0.0000 0.0007 0.0000 0.0000 0.0021 0.0005 0.0000 0.0000 0.0000 0.0000 0.0000 0.0000
0.0000 0.0000 0.0005 0.0000 0.0000 0.0000 0.0000 0.0000 0.0000 0.0000 0.0009 0.0000 0.0017 0.0003 0.0000 0.0000 0.0007 0.0017 0.0013 0.0001 0.0005 0.0021 0.0095 0.0000 0.0000 0.0000 0.0000 0.0000 0.0000 0.0000 0.0000 0.0000 0.0000 0.0777 0.0000 0.0000 0.0000 0.0000 0.0000 0.0000 0.0000 0.0000 0.0000 0.0000 0.0000 0.0000 0.0000 0.0000 0.0000 0.0000 0.0000 0.0000 0.0028 0.0108 0.0029 0.0080 0.0225 0.0255 0.0023 0.0000 0.0000 0.0017 0.0013 0.0002
0.0000 0.0000 0.0000 0.0000 0.0000 0.2158 0.0000 0.0000 0.1250 0.0000 0.0000 0.0000 0.0000 0.0383 0.1373 0.1319 0.0717 0.0972 0.0693 0.0002 0.1099 0.0002 0.0003 0.0000 0.0000 0.0000 0.0006 0.0012 0.0000 0.0002 0.0052 0.0324 0.0102 0.0000 0.0034 0.0015 0.0014 0.0006 0.0064 0.0176 0.0000 0.1114 0.0054 0.0014 0.0013 0.0000 0.0000 0.0000 0.0000 0.0000 0.0000 0.0000 0.0007 0.0014 0.0000 0.0006 0.0019 0.0177 0.0053 0.0069 0.0064 0.0000 0.0001 0.0019
0.0000 0.0000 0.0000 0.0000 0.0000 0.0000 0.0000 0.0000 0.0000 0.0000 0.0000 0.0000 0.0923 0.0000 0.0002 0.0001 0.0003 0.1357 0.1174 0.0715 0.0000 0.0070 0.0007 0.0253 0.0284 0.0004 0.0000 0.0013 0.0068 0.0091 0.0054 0.0022 0.0013 0.0007 0.0079 0.0156 0.0072 0.0248 0.0204 0.0026 0.0000 0.0000 0.0001 0.0000 0.0000 0.0000 0.0000 0.0000 0.0003 0.0000 0.1548 0.1687 0.1764 0.2248 0.1605 0.0858 0.0020 0.0012 0.0002 0.0034 0.0028 0.0020 0.0138 0.0293
0.0087 0.0009 0.0001 0.0001 0.0002 0.0002 0.0001 0.0001 0.0000 0.0000 0.0019 0.0011 0.0016 0.0000 0.0000 0.0000 0.0000 0.0000 0.0000 0.0009 0.0025 0.0155 0.0676 0.1499 0.1642 0.1224 0.2685 0.3577 0.3369 0.2320 0.0195 0.2496 0.1731 0.4532 0.3260 0.4102 0.0017 0.0020 0.0020 0.0001 0.0003 0.0341 0.0059 0.0014 0.0001 0.0008 0.0006 0.0047 0.0005 0.0025 0.0032 0.0093 0.0000 0.0000 0.0237 0.0588 0.0234 0.0114 0.0577 0.0987 0.0835 0.0522 0.1703 0.0343
0.0000 0.0000 0.0000 0.0000 0.0002 0.0003 0.0000 0.0000 0.0000 0.0000 0.0000 0.0000 0.0010 0.0000 0.0002 0.0000 0.0000 0.0000 0.0000 0.0000 0.0000 0.0000 0.0000 0.0000 0.0000 0.0000 0.0000 0.0000 0.0000 0.0000 0.0000 0.0000 0.0000 0.0000 0.0000 0.0034 0.0020 0.0001 0.0000 0.0000 0.0000 0.0000 0.0000 0.0000 0.0000 0.0000 0.0000 0.0000 0.0000 0.0000 0.0000 0.0004 0.0010 0.0000 0.0000 0.0000 0.0000 0.0000 0.0000 0.0000 0.0000 0.0000 0.0052 0.0004
0.0000 0.0000 0.0000 0.0000 0.0000 0.0000 0.0000 0.0000 0.0000 0.0000 0.0000 0.0000 0.0009 0.0005 0.0004 0.0007 0.0003 0.0004 0.0003 0.0001 0.0000 0.0000 0.0142 0.0000 0.0000 0.0000 0.0000 0.0000 0.0000 0.0000 0.0000 0.0000 0.0000 0.0000 0.0000 0.0000 0.0000 0.0000 0.0000 0.0001 0.0000 0.0000 0.0000 0.0000 0.0000 0.0000 0.0000 0.0000 0.0000 0.0000 0.0000 0.0000 0.0004 0.0097 0.0000 0.0000 0.0000 0.0000 0.0000 0.0000 0.0000 0.0000 0.0000 0.0000
0.0000 0.0006 0.0000 0.0000 0.0000 0.0000 0.0000 0.0000 0.0000 0.0000 0.0004 0.0000 0.0010 0.0000 0.0001 0.0000 0.0000 0.0000 0.0000 0.0000 0.0004 0.0048 0.0000 0.0000 0.0002 0.0000 0.0000 0.0000 0.0000 0.0000 0.0000 0.0000 0.0001 0.0000 0.0000 0.0026 0.0027 0.0028 0.0008 0.0018 0.0006 0.0004 0.0004 0.0005 0.0005 0.0003 0.0001 0.0000 0.0000 0.0000 0.0000 0.0006 0.0013 0.0005 0.0049 0.0000 0.0061 0.0000 0.0000 0.0000 0.0000 0.0000 0.0000 0.0000
0.0018 0.0047 0.0061 0.0001 0.0025 0.1944 0.0000 0.0000 0.0000 0.0000 0.0000 0.0000 0.0000 0.0000 0.0000 0.0000 0.0000 0.0000 0.0000 0.0000 0.0000 0.0015 0.0003 0.0000 0.0127 0.0246 0.0546 0.0238 0.0170 0.0182 0.0289 0.0519 0.0014 0.0206 0.0542 0.2080 0.0145 0.3276 0.2439 0.2385 0.3138 0.4375 0.9451 0.9860 0.9892 0.9848 0.9856 0.9799 0.9876 0.9780 0.8248 0.4580 0.4464 0.0000 0.0000 0.0000 0.0013 0.0047 0.0074 0.0000 0.0000 0.0000 0.0000 0.0023
0.0000 0.0000 0.0000 0.0000 0.0000 0.0000 0.0000 0.0000 0.0000 0.0000 0.0009 0.0000 0.0000 0.0001 0.0001 0.0000 0.0000 0.0000 0.0000 0.0000 0.0000 0.0000 0.0000 0.0000 0.0000 0.0000 0.0000 0.0000 0.0000 0.0000 0.0000 0.0000 0.0000 0.0000 0.0000 0.0000 0.0000 0.0000 0.0000 0.0000 0.0006 0.0003 0.0002 0.0001 0.0000 0.0000 0.0000 0.0000 0.0000 0.0000 0.0000 0.0000 0.0000 0.0000 0.0000 0.0000 0.0000 0.0000 0.0000 0.0000 0.0000 0.0000 0.0000 0.0000
0.0000 0.0000 0.0000 0.0000 0.0000 0.0000 0.0000 0.0000 0.0000 0.0000 0.0000 0.0000 0.0000 0.0000 0.0000 0.0000 0.0000 0.0000 0.0000 0.0000 0.0000 0.0000 0.0000 0.0000 0.0000 0.0000 0.0000 0.0000 0.0000 0.0000 0.0000 0.0000 0.0007 0.0009 0.0024 0.0016 0.0000 0.0000 0.0000 0.0000 0.0000 0.0000 0.0000 0.0000 0.0000 0.0000 0.0000 0.0000 0.0000 0.0000 0.0000 0.0005 0.0005 0.0004 0.0000 0.0000 0.0000 0.0011 0.0000 0.0000 0.0000 0.0000 0.0000 0.0000
0.0021 0.0016 0.0000 0.0000 0.0052 0.0031 0.0000 0.0000 0.0000 0.0000 0.0000 0.0000 0.0000 0.0000 0.0004 0.0050 0.0040 0.0026 0.0163 0.0273 0.0000 0.1759 0.1379 0.0865 0.0137 0.0000 0.0000 0.0000 0.0024 0.0000 0.0000 0.0000 0.0001 0.0000 0.0003 0.0002 0.0000 0.0000 0.0000 0.0000 0.0000 0.0000 0.0000 0.0000 0.0000 0.0000 0.0000 0.0001 0.0000 0.0000 0.0000 0.0000 0.0000 0.0000 0.0000 0.0000 0.0072 0.0078 0.0001 0.0000 0.0000 0.0000 0.0000 0.0000
0.0000 0.0000 0.0000 0.0000 0.0000 0.0000 0.0000 0.0000 0.0000 0.0000 0.0000 0.0000 0.0000 0.0000 0.0000 0.0000 0.0000 0.0000 0.0000 0.0000 0.0000 0.0000 0.0000 0.0000 0.0000 0.0000 0.0000 0.0000 0.0000 0.0000 0.0000 0.0000 0.0000 0.0000 0.0000 0.0000 0.0000 0.0009 0.0001 0.0000 0.0000 0.0000 0.0000 0.0000 0.0000 0.0000 0.0000 0.0000 0.0001 0.0000 0.0001 0.0003 0.0001 0.0004 0.0000 0.0000 0.0000 0.0000 0.0000 0.0000 0.0000 0.0000 0.0000 0.0000
0.0000 0.0016 0.0034 0.0065 0.0145 0.0358 0.0494 0.1075 0.0201 0.0090 0.0411 0.0384 0.0172 0.0137 0.0150 0.0218 0.0187 0.0233 0.0180 0.2318 0.0478 0.0277 0.0337 0.0001 0.0002 0.0000 0.0011 0.0000 0.0000 0.0012 0.0086 0.0001 0.0001 0.0757 0.0000 0.0000 0.0000 0.2835 0.2707 0.1100 0.0000 0.0000 0.0000 0.0000 0.0007 0.0019 0.0031 0.0000 0.0000 0.0002 0.0000 0.0000 0.0014 0.0040 0.0000 0.0243 0.0334 0.0898 0.0391 0.0326 0.1618 0.1891 0.1406 0.0929
0.0000 0.0000 0.0000 0.0000 0.0000 0.0000 0.0000 0.0015 0.0000 0.0000 0.0000 0.0000 0.0000 0.0000 0.0000 0.0000 0.0000 0.0000 0.0000 0.0000 0.0000 0.0000 0.0000 0.0000 0.0000 0.0000 0.0000 0.0011 0.0027 0.0000 0.0000 0.0000 0.0000 0.0000 0.0000 0.0000 0.0000 0.0000 0.0000 0.0002 0.0000 0.0000 0.0000 0.0000 0.0000 0.0000 0.0000 0.0000 0.0000 0.0000 0.0000 0.0000 0.0001 0.0000 0.0000 0.0000 0.0008 0.0615 0.0034 0.0000 0.0000 0.0003 0.0022 0.0000
0.0066 0.0045 0.0084 0.0386 0.0152 0.0481 0.0066 0.0437 0.0069 0.0058 0.0000 0.0000 0.0000 0.0182 0.0026 0.0049 0.0000 0.0019 0.0178 0.0358 0.0001 0.0483 0.1017 0.1409 0.0992 0.1490 0.1387 0.1092 0.0524 0.1706 0.0083 0.1022 0.1030 0.0000 0.1309 0.1761 0.0000 0.0000 0.0000 0.0000 0.0000 0.0000 0.0000 0.0000 0.0000 0.0000 0.0000 0.0000 0.0000 0.0003 0.0000 0.0000 0.0009 0.0000 0.0003 0.0000 0.0000 0.0000 0.0000 0.0000 0.0775 0.0082 0.1212 0.1378
0.0000 0.0000 0.0000 0.0000 0.0028 0.0046 0.0969 0.0000 0.0000 0.0000 0.0000 0.0000 0.0000 0.0000 0.0000 0.0000 0.0000 0.0000 0.0000 0.0259 0.0117 0.0000 0.0000 0.0000 0.0000 0.0174 0.0000 0.0293 0.0154 0.0137 0.0182 0.0394 0.0343 0.0213 0.0165 0.0308 0.0207 0.0607 0.0206 0.0000 0.0000 0.0000 0.0000 0.0000 0.0000 0.0000 0.0000 0.0000 0.0000 0.0000 0.0000 0.0000 0.0000 0.0000 0.0000 0.0000 0.0009 0.0000 0.0000 0.0000 0.0000 0.0000 0.0000 0.0000
0.0000 0.0002 0.0000 0.0000 0.0000 0.0000 0.0000 0.0000 0.0000 0.0000 0.0000 0.0000 0.0000 0.0000 0.0000 0.0000 0.0000 0.0000 0.0000 0.0029 0.0000 0.0000 0.0001 0.0000 0.0000 0.0000 0.0000 0.0000 0.0001 0.0000 0.0000 0.0000 0.0000 0.0000 0.0000 0.0000 0.0000 0.0000 0.0000 0.0000 0.0000 0.0000 0.0000 0.0000 0.0000 0.0000 0.0000 0.0002 0.0005 0.0002 0.0001 0.0004 0.0000 0.0000 0.0000 0.0000 0.0000 0.0000 0.0000 0.0000 0.0000 0.0000 0.0000 0.0000
0.0000 0.0000 0.0000 0.0000 0.0000 0.0000 0.0000 0.0000 0.0000 0.0000 0.0000 0.0000 0.0000 0.0000 0.0000 0.0000 0.0000 0.0000 0.0000 0.0000 0.0000 0.0000 0.0000 0.0000 0.0000 0.0000 0.0000 0.0000 0.0000 0.0000 0.0000 0.0000 0.0000 0.0000 0.0000 0.0000 0.0000 0.0000 0.0000 0.0000 0.0000 0.0000 0.0000 0.0000 0.0000 0.0000 0.0000 0.0000 0.0000 0.0000 0.0000 0.0000 0.0000 0.0000 0.0000 0.0000 0.0000 0.0000 0.0000 0.0000 0.0000 0.0000 0.0000 0.0000
0.0000 0.0000 0.0000 0.0000 0.0001 0.0003 0.0001 0.0000 0.0000 0.0000 0.0000 0.0000 0.0001 0.0025 0.0002 0.0002 0.0000 0.0000 0.0000 0.0000 0.0000 0.0001 0.0090 0.0000 0.0000 0.0000 0.0000 0.0000 0.0000 0.0000 0.0000 0.0000 0.0000 0.0000 0.0000 0.0000 0.0000 0.0000 0.0001 0.0000 0.0000 0.0000 0.0000 0.0000 0.0000 0.0000 0.0003 0.0004 0.0000 0.0007 0.0000 0.0018 0.0000 0.0000 0.0000 0.0000 0.0000 0.0001 0.0000 0.0000 0.0005 0.0000 0.0000 0.0000
0.0000 0.0000 0.0000 0.0000 0.0000 0.0000 0.0000 0.0000 0.0000 0.0000 0.0000 0.0000 0.0000 0.0000 0.0000 0.0000 0.0000 0.0000 0.0000 0.0000 0.0000 0.0000 0.0000 0.0000 0.0000 0.0000 0.0000 0.0000 0.0000 0.0000 0.0000 0.0000 0.0000 0.0000 0.0000 0.0000 0.0000 0.0001 0.0000 0.0012 0.0002 0.0006 0.0006 0.0001 0.0002 0.0003 0.0003 0.0006 0.0010 0.0020 0.0005 0.0005 0.0000 0.0000 0.0000 0.0000 0.0000 0.0000 0.0005 0.0020 0.0145 0.0000 0.0000 0.0000
0.0001 0.0002 0.0000 0.0000 0.0000 0.0000 0.1177 0.0628 0.1312 0.0000 0.0000 0.1008 0.0007 0.0000 0.0471 0.0466 0.0000 0.0000 0.1101 0.1173 0.0169 0.0000 0.0000 0.0000 0.0000 0.0000 0.0113 0.0000 0.0000 0.0099 0.0105 0.0000 0.0060 0.0057 0.0060 0.0030 0.0037 0.0004 0.0003 0.0449 0.0598 0.0656 0.0145 0.0000 0.0000 0.0000 0.0000 0.0012 0.0000 0.0000 0.0000 0.0000 0.0000 0.0000 0.0000 0.0000 0.0000 0.0000 0.0000 0.0000 0.0000 0.1392 0.0971 0.0028
0.0012 0.0003 0.0000 0.0000 0.0000 0.0000 0.0000 0.0000 0.0000 0.0000 0.0001 0.0000 0.0007 0.0002 0.0002 0.0005 0.0004 0.0000 0.0000 0.0000 0.0000 0.0000 0.0000 0.0000 0.0000 0.0000 0.0000 0.0000 0.0000 0.0017 0.0053 0.0105 0.0007 0.0005 0.0007 0.0002 0.0001 0.0000 0.0000 0.0000 0.0002 0.0000 0.0000 0.0000 0.0000 0.0000 0.0005 0.0060 0.0001 0.0009 0.0005 0.0007 0.0000 0.0012 0.0000 0.0002 0.0000 0.0000 0.0000 0.0000 0.0000 0.0000 0.0000 0.0000
0.0000 0.0000 0.0000 0.0000 0.0000 0.0000 0.0000 0.0000 0.0000 0.0000 0.0000 0.0000 0.0000 0.0000 0.0000 0.0000 0.0004 0.0000 0.0000 0.0000 0.0000 0.0000 0.0000 0.0000 0.0000 0.0000 0.0000 0.0000 0.0000 0.0000 0.0000 0.0000 0.0000 0.0000 0.0027 0.0000 0.0000 0.0000 0.0000 0.0866 0.0877 0.0045 0.0000 0.0000 0.0000 0.0000 0.0000 0.0002 0.0000 0.0000 0.0000 0.0000 0.0003 0.0000 0.0000 0.0002 0.0000 0.0043 0.0045 0.0002 0.0002 0.0005 0.0020 0.0001
0.0000 0.0000 0.0000 0.0000 0.0000 0.0000 0.0000 0.0000 0.0008 0.0019 0.0030 0.0003 0.0009 0.0004 0.0000 0.0000 0.0000 0.0000 0.0000 0.0000 0.0000 0.0000 0.0000 0.0000 0.0000 0.0000 0.0000 0.0000 0.0000 0.0000 0.0000 0.0000 0.0000 0.0000 0.0000 0.0000 0.0000 0.0000 0.0000 0.0000 0.0000 0.0000 0.0000 0.0000 0.0000 0.0000 0.0000 0.0000 0.0000 0.0001 0.0004 0.0007 0.0004 0.0010 0.0006 0.0032 0.0006 0.0008 0.0001 0.0133 0.0000 0.0000 0.0000 0.0000
0.0000 0.0000 0.0015 0.0003 0.0445 0.0000 0.0000 0.0354 0.0000 0.0000 0.0080 0.0000 0.0000 0.0000 0.0000 0.0000 0.0000 0.0000 0.0000 0.0000 0.0000 0.0000 0.0000 0.0000 0.0000 0.0000 0.0000 0.0000 0.0000 0.0000 0.0000 0.0000 0.0000 0.0000 0.0000 0.0000 0.0000 0.0000 0.0000 0.0000 0.0000 0.0000 0.0001 0.0000 0.0000 0.0000 0.0000 0.0000 0.0000 0.0000 0.0000 0.0000 0.0000 0.0000 0.0000 0.0000 0.0000 0.0000 0.0000 0.0000 0.0000 0.0000 0.0000 0.0000
0.0011 0.0021 0.0000 0.0000 0.0003 0.0001 0.0000 0.0511 0.0000 0.0000 0.0000 0.0002 0.0050 0.0000 0.0018 0.0054 0.0035 0.0017 0.0835 0.0251 0.0024 0.0243 0.1335 0.0795 0.0351 0.0037 0.0009 0.0000 0.0000 0.0000 0.0000 0.0084 0.0721 0.0002 0.0000 0.0000 0.0001 0.0000 0.0000 0.0000 0.0000 0.0000 0.0000 0.0000 0.0000 0.0000 0.0000 0.0002 0.0000 0.0001 0.0000 0.0000 0.0039 0.0094 0.0016 0.0254 0.0204 0.0000 0.0005 0.0102 0.0114 0.0000 0.0000 0.0000
0.0000 0.0000 0.0000 0.0000 0.0000 0.0000 0.0001 0.0000 0.0000 0.0000 0.0000 0.0001 0.0000 0.0000 0.0000 0.0000 0.0000 0.0000 0.0000 0.0000 0.0000 0.0000 0.0000 0.0000 0.0000 0.0000 0.0000 0.0000 0.0000 0.0000 0.0007 0.0088 0.0000 0.0000 0.0000 0.0000 0.0000 0.0004 0.0004 0.0001 0.0002 0.0000 0.0000 0.0000 0.0000 0.0000 0.0001 0.0003 0.0000 0.0001 0.0004 0.0000 0.0000 0.0000 0.0007 0.0004 0.0022 0.0006 0.0000 0.0000 0.0000 0.0000 0.0000 0.0000
0.0080 0.0020 0.0016 0.0010 0.0014 0.0023 0.0019 0.0037 0.0000 0.0000 0.0001 0.0008 0.0015 0.0000 0.0010 0.0001 0.0000 0.0000 0.0000 0.0001 0.0000 0.0000 0.0000 0.0033 0.0000 0.0000 0.0000 0.0000 0.0000 0.0000 0.0000 0.0000 0.0000 0.0000 0.0000 0.0000 0.0000 0.0000 0.0000 0.0000 0.0000 0.0000 0.0000 0.0001 0.0001 0.0001 0.0000 0.0000 0.0000 0.0000 0.0000 0.0000 0.0000 0.0000 0.0106 0.0000 0.0199 0.0000 0.0110 0.0000 0.0000 0.0000 0.0000 0.0000
0.0000 0.0000 0.0000 0.0000 0.0000 0.0000 0.0000 0.0000 0.0000 0.0000 0.0000 0.0000 0.0000 0.0000 0.0000 0.0000 0.0000 0.0000 0.1148 0.0000 0.0000 0.0000 0.0000 0.0000 0.0000 0.0000 0.0000 0.0000 0.0000 0.0000 0.0000 0.0000 0.0000 0.0000 0.0000 0.0000 0.0000 0.0000 0.0001 0.0003 0.0000 0.0000 0.0000 0.0000 0.0000 0.0000 0.0000 0.0003 0.0000 0.0000 0.0000 0.0000 0.0000 0.0000 0.0000 0.0002 0.0000 0.0000 0.0000 0.0000 0.0000 0.0000 0.0000 0.0000
0.0059 0.0074 0.0096 0.0118 0.0238 0.0555 0.0448 0.1292 0.0268 0.0154 0.0500 0.0388 0.0218 0.0122 0.0123 0.0090 0.0064 0.0101 0.0128 0.0504 0.0123 0.0116 0.0273 0.1551 0.5325 0.4946 0.3617 0.3086 0.4328 0.4532 0.2404 0.1783 0.2548 0.0000 0.0245 0.1095 0.0000 0.0003 0.0001 0.0000 0.0000 0.0000 0.0000 0.0000 0.0000 0.0000 0.0000 0.0000 0.0000 0.0000 0.0000 0.0000 0.0000 0.0000 0.0006 0.0147 0.0017 0.0005 0.0000 0.0072 0.0000 0.0000 0.0000 0.0000
0.0000 0.0000 0.0003 0.0004 0.0000 0.0000 0.0000 0.0000 0.0000 0.0002 0.0000 0.0000 0.0003 0.0003 0.0003 0.0005 0.0000 0.0001 0.0000 0.0000 0.0001 0.0000 0.0238 0.0001 0.0015 0.0000 0.0002 0.0013 0.0062 0.0048 0.0020 0.0000 0.0000 0.0000 0.0006 0.0083 0.0001 0.1074 0.1139 0.0001 0.0000 0.0000 0.0001 0.0001 0.0000 0.0000 0.0000 0.0000 0.0000 0.0000 0.0000 0.0000 0.0000 0.0000 0.0005 0.0007 0.0015 0.0014 0.0000 0.0000 0.0013 0.0075 0.0147 0.0340
0.0000 0.0000 0.0000 0.0000 0.0000 0.0000 0.0000 0.0000 0.0000 0.0000 0.0000 0.0000 0.0000 0.0000 0.0000 0.0000 0.0000 0.0000 0.0000 0.0000 0.0000 0.0000 0.0000 0.0000 0.0000 0.0000 0.0000 0.0000 0.0000 0.0000 0.0000 0.0000 0.0000 0.0000 0.0000 0.0000 0.0000 0.0002 0.0002 0.0000 0.0000 0.0000 0.0000 0.0000 0.0000 0.0000 0.0000 0.0000 0.0000 0.0000 0.0000 0.0000 0.0000 0.0000 0.0000 0.0000 0.0000 0.0000 0.0000 0.0000 0.0000 0.0000 0.0000 0.0000
0.0000 0.0000 0.0000 0.0000 0.0002 0.0029 0.0012 0.0586 0.0000 0.0000 0.0000 0.0000 0.0000 0.0000 0.0000 0.0000 0.0000 0.0000 0.0000 0.0000 0.0000 0.0000 0.0000 0.0000 0.0000 0.0000 0.0000 0.0000 0.0000 0.0000 0.0000 0.0000 0.0000 0.0000 0.0000 0.0000 0.0000 0.0000 0.0000 0.0000 0.0000 0.0000 0.0000 0.0000 0.0000 0.0000 0.0000 0.0000 0.0000 0.0000 0.0000 0.0000 0.0000 0.0000 0.0000 0.0000 0.0000 0.0000 0.0000 0.0000 0.0000 0.0000 0.0000 0.0000
0.0000 0.0000 0.0000 0.0000 0.0000 0.0000 0.0000 0.0000 0.0000 0.0000 0.0009 0.0002 0.0000 0.0000 0.0000 0.0000 0.0000 0.0000 0.0000 0.0046 0.0000 0.0000 0.0000 0.0000 0.0000 0.0000 0.0000 0.0000 0.0000 0.0000 0.0000 0.0000 0.0000 0.0000 0.0002 0.0000 0.0002 0.0000 0.0000 0.0000 0.0000 0.0000 0.0000 0.0000 0.0000 0.0001 0.0002 0.0004 0.0000 0.0000 0.0006 0.0000 0.0000 0.0001 0.0000 0.0010 0.0000 0.0002 0.0001 0.0001 0.0000 0.0001 0.0007 0.0005
0.1356 0.1354 0.0959 0.0662 0.0038 0.0000 0.0106 0.0000 0.0000 0.0000 0.0002 0.0011 0.0022 0.0015 0.0023 0.0023 0.0000 0.0000 0.0000 0.0000 0.0000 0.0000 0.0000 0.0000 0.0000 0.0462 0.0000 0.0000 0.0000 0.0182 0.0000 0.0000 0.0000 0.0000 0.0000 0.0000 0.0000 0.0000 0.0000 0.0000 0.0000 0.0000 0.0000 0.0000 0.0000 0.0000 0.0000 0.0000 0.0000 0.0000 0.0009 0.0000 0.0000 0.0000 0.0057 0.0221 0.0192 0.0000 0.1567 0.0375 0.0436 0.0377 0.0765 0.0317
0.0000 0.0000 0.0000 0.0007 0.0000 0.0000 0.0000 0.0000 0.0000 0.0000 0.0010 0.0055 0.0017 0.0001 0.0007 0.0003 0.0000 0.0000 0.0000 0.0000 0.0000 0.0000 0.0000 0.0000 0.0000 0.0000 0.0000 0.0000 0.0000 0.0000 0.0000 0.0000 0.0000 0.0001 0.0000 0.0000 0.0000 0.0000 0.0000 0.0000 0.0000 0.0000 0.0000 0.0000 0.0000 0.0000 0.0000 0.0000 0.0000 0.0000 0.0000 0.0000 0.0000 0.0000 0.0000 0.0000 0.0000 0.0000 0.0000 0.0000 0.0000 0.0000 0.0000 0.0000
0.0000 0.0000 0.0000 0.0000 0.0000 0.0000 0.0000 0.0000 0.0000 0.0000 0.0000 0.0000 0.0001 0.0000 0.0000 0.0000 0.0000 0.0000 0.0000 0.0000 0.0000 0.0000 0.0001 0.0000 0.0000 0.0000 0.0000 0.0000 0.0000 0.0000 0.0000 0.0000 0.0000 0.0000 0.0000 0.0000 0.0000 0.0000 0.0001 0.0000 0.0000 0.0000 0.0000 0.0000 0.0000 0.0000 0.0000 0.0000 0.0000 0.0000 0.0000 0.0000 0.0000 0.0009 0.0000 0.0000 0.0000 0.0007 0.0000 0.0001 0.0003 0.0000 0.0000 0.0000
0.0000 0.0000 0.0000 0.0000 0.0000 0.0000 0.0000 0.0000 0.0000 0.0000 0.0000 0.0000 0.0000 0.0000 0.0000 0.0000 0.0000 0.0000 0.0000 0.0000 0.0000 0.0000 0.0000 0.0000 0.0000 0.0000 0.0000 0.0000 0.0000 0.0000 0.0000 0.0000 0.0000 0.0000 0.0000 0.0000 0.0000 0.0000 0.0000 0.0005 0.0006 0.0005 0.0001 0.0000 0.0000 0.0000 0.0000 0.0000 0.0000 0.0000 0.0000 0.0000 0.0000 0.0001 0.0000 0.0001 0.0000 0.0000 0.0022 0.0000 0.0000 0.0000 0.0000 0.0000
0.0000 0.1748 0.0000 0.0000 0.0000 0.0000 0.0000 0.0000 0.0000 0.0000 0.0000 0.0000 0.0000 0.0000 0.0000 0.0000 0.0000 0.0000 0.0000 0.0000 0.0000 0.0000 0.0000 0.0075 0.0000 0.0000 0.0000 0.0000 0.0000 0.0072 0.0000 0.0000 0.0000 0.0000 0.0000 0.0000 0.0000 0.0000 0.0000 0.0000 0.0000 0.0000 0.0000 0.0000 0.0000 0.0000 0.0000 0.0035 0.0000 0.0000 0.0000 0.0000 0.0000 0.0000 0.0000 0.0000 0.0000 0.0000 0.0000 0.0000 0.0000 0.0000 0.0000 0.0524
0.0034 0.0006 0.0016 0.0011 0.0028 0.0001 0.0000 0.0000 0.0114 0.0000 0.0000 0.0061 0.0000 0.0000 0.0003 0.0004 0.0000 0.0015 0.0000 0.0000 0.0000 0.0000 0.0167 0.0000 0.0000 0.0000 0.0668 0.1282 0.0815 0.0528 0.3343 0.1780 0.0000 0.0000 0.0628 0.0000 0.0000 0.0000 0.0000 0.0000 0.0000 0.0000 0.0000 0.0000 0.0000 0.0000 0.0000 0.0000 0.0000 0.0000 0.0000 0.0000 0.0000 0.0000 0.0000 0.0000 0.0000 0.0001 0.0050 0.0000 0.0000 0.0000 0.0000 0.0000
0.6200 0.5138 0.4882 0.5433 0.1637 0.0146 0.0001 0.0742 0.0040 0.0010 0.0061 0.0013 0.0006 0.0000 0.0000 0.0001 0.3010 0.2912 0.2940 0.0885 0.0000 0.0000 0.0000 0.0073 0.0000 0.0000 0.0000 0.0000 0.0000 0.0000 0.0000 0.0247 0.0000 0.0000 0.0075 0.0121 0.0065 0.0104 0.0143 0.0514 0.2222 0.3417 0.0248 0.0093 0.0067 0.0112 0.0087 0.0015 0.0032 0.0055 0.0041 0.0041 0.0023 0.2743 0.0905 0.1885 0.2731 0.4150 0.5322 0.3704 0.0715 0.0350 0.0777 0.0648
0.0000 0.0000 0.0000 0.0001 0.0000 0.0000 0.0000 0.0001 0.0003 0.0003 0.0010 0.0001 0.0006 0.0000 0.0001 0.0000 0.0000 0.0000 0.0000 0.0024 0.0661 0.0466 0.0278 0.0000 0.0001 0.0000 0.0246 0.0000 0.0035 0.0000 0.0000 0.0000 0.0000 0.0005 0.0029 0.0000 0.0000 0.0000 0.0001 0.0000 0.0000 0.0000 0.0000 0.0000 0.0000 0.0000 0.0000 0.0000 0.0000 0.0000 0.0009 0.0008 0.0002 0.0002 0.0002 0.0000 0.0023 0.0000 0.0000 0.0000 0.0000 0.0000 0.0000 0.0000
0.0000 0.0000 0.0000 0.0000 0.0002 0.0000 0.0000 0.0000 0.0000 0.0000 0.0003 0.0000 0.0000 0.0000 0.0000 0.0000 0.0000 0.0000 0.0000 0.0000 0.0000 0.0000 0.0000 0.0000 0.0000 0.0000 0.0000 0.0000 0.0000 0.0000 0.0000 0.0000 0.0000 0.0000 0.0000 0.0000 0.0011 0.0000 0.0000 0.0000 0.0000 0.0000 0.0000 0.0000 0.0000 0.0000 0.0000 0.0000 0.0000 0.0000 0.0000 0.0000 0.0000 0.0000 0.0000 0.0000 0.0000 0.0000 0.0000 0.0000 0.0000 0.0000 0.0000 0.0000
0.0000 0.0000 0.0000 0.0002 0.0000 0.0000 0.0000 0.0000 0.0003 0.0003 0.0000 0.0000 0.0000 0.0000 0.0000 0.0000 0.0415 0.0000 0.0000 0.0000 0.0000 0.0000 0.0000 0.0000 0.0001 0.0001 0.0000 0.0000 0.0000 0.0000 0.0000 0.0000 0.0000 0.0000 0.0000 0.0000 0.0000 0.0000 0.0000 0.0000 0.0000 0.0000 0.0000 0.0001 0.0000 0.0000 0.0000 0.0000 0.0000 0.0000 0.0000 0.0000 0.0000 0.0000 0.0000 0.0001 0.0005 0.0019 0.0000 0.0001 0.0000 0.0000 0.0000 0.0000
0.0830 0.0362 0.0703 0.0027 0.0168 0.0000 0.1086 0.0000 0.0490 0.1161 0.0000 0.0000 0.0000 0.0000 0.0000 0.0000 0.0000 0.0000 0.0000 0.0000 0.0000 0.0000 0.0000 0.0000 0.0000 0.0000 0.0000 0.0000 0.0000 0.0000 0.0000 0.0000 0.0014 0.0000 0.0000 0.0026 0.0028 0.0020 0.0008 0.0020 0.0009 0.0000 0.0001 0.0000 0.0000 0.0000 0.0000 0.0000 0.0000 0.0000 0.0000 0.0000 0.0000 0.0000 0.1371 0.0000 0.0000 0.0000 0.0000 0.0000 0.0000 0.0000 0.0000 0.0000
0.0000 0.0000 0.0000 0.0000 0.0000 0.0000 0.0000 0.0000 0.0000 0.0000 0.0002 0.0000 0.0006 0.0001 0.0009 0.0002 0.0000 0.0000 0.0000 0.0180 0.0002 0.0000 0.0000 0.0000 0.0000 0.0000 0.0000 0.0000 0.0000 0.0000 0.0000 0.0001 0.0016 0.0013 0.0083 0.0026 0.0027 0.0025 0.0011 0.0016 0.0007 0.0005 0.0000 0.0001 0.0000 0.0001 0.0000 0.0000 0.0004 0.0000 0.0001 0.0004 0.0056 0.0040 0.0015 0.0288 0.0005 0.0325 0.0083 0.0000 0.0000 0.0000 0.0000 0.0000
0.0000 0.0000 0.0000 0.0000 0.0000 0.0000 0.0000 0.0000 0.0000 0.0000 0.0000 0.0000 0.0000 0.0000 0.0000 0.0000 0.0000 0.0000 0.0000 0.0000 0.0000 0.0000 0.0000 0.0000 0.0000 0.0000 0.0000 0.0000 0.0000 0.0000 0.0034 0.0000 0.0000 0.0000 0.0002 0.0000 0.0000 0.0000 0.0000 0.0000 0.0000 0.0000 0.0000 0.0000 0.0000 0.0000 0.0000 0.0000 0.0000 0.0000 0.0000 0.0000 0.0000 0.0000 0.0000 0.0000 0.0000 0.0000 0.0076 0.0000 0.0000 0.0000 0.0000 0.0000
0.0000 0.0001 0.0000 0.0000 0.0000 0.0083 0.0000 0.0241 0.0000 0.0000 0.1110 0.0000 0.0000 0.1221 0.0003 0.0002 0.0001 0.0003 0.0022 0.0000 0.0006 0.0000 0.0000 0.0007 0.0022 0.0005 0.0005 0.0013 0.0021 0.0013 0.0050 0.0139 0.0032 0.0018 0.0118 0.0034 0.0016 0.0026 0.0008 0.0012 0.0004 0.0000 0.0000 0.0000 0.0000 0.0000 0.0000 0.0000 0.0000 0.0000 0.0000 0.0000 0.0008 0.0011 0.0002 0.0000 0.0000 0.0000 0.0000 0.0000 0.0000 0.0000 0.0000 0.0000
0.0000 0.0008 0.0010 0.0008 0.0002 0.0000 0.0000 0.0000 0.0000 0.0000 0.0001 0.0000 0.0001 0.0000 0.0005 0.0004 0.0000 0.0000 0.0000 0.0001 0.0000 0.0000 0.0000 0.0000 0.0000 0.0000 0.0000 0.0000 0.0001 0.0000 0.0001 0.0786 0.0017 0.0004 0.0830 0.0030 0.0209 0.0282 0.0001 0.0001 0.0000 0.0000 0.0000 0.0000 0.0000 0.0000 0.0000 0.0000 0.0003 0.0000 0.0003 0.0005 0.0001 0.0000 0.0000 0.0244 0.0259 0.0000 0.0000 0.0287 0.0000 0.0000 0.0000 0.0000
0.0000 0.0002 0.0003 0.0001 0.0006 0.0003 0.0001 0.0137 0.0000 0.0000 0.0013 0.0006 0.0000 0.0002 0.0002 0.0000 0.0000 0.0464 0.0000 0.0000 0.0000 0.0000 0.0000 0.0000 0.0000 0.0000 0.0000 0.0000 0.0000 0.0000 0.0000 0.0000 0.0000 0.0000 0.0000 0.0000 0.0000 0.0000 0.0001 0.0048 0.0000 0.0009 0.0011 0.0003 0.0003 0.0004 0.0004 0.0000 0.0000 0.0000 0.0000 0.0000 0.0000 0.0000 0.0000 0.0002 0.0000 0.0000 0.0000 0.0825 0.0000 0.0003 0.0000 0.0000
0.1123 0.0991 0.0447 0.0000 0.0000 0.3741 0.0000 0.0017 0.0000 0.0000 0.0000 0.0000 0.0000 0.0000 0.0000 0.0000 0.1041 0.0000 0.0000 0.0000 0.0000 0.0000 0.0084 0.0000 0.0000 0.0008 0.0000 0.0000 0.0000 0.0000 0.0000 0.0000 0.0000 0.0000 0.0000 0.0000 0.0000 0.0000 0.0000 0.0000 0.0000 0.0000 0.0000 0.0000 0.0000 0.0000 0.0001 0.0004 0.0002 0.0002 0.0008 0.0013 0.0007 0.0016 0.0010 0.0034 0.1475 0.0007 0.1200 0.0975 0.0000 0.0000 0.0000 0.0000
