0.0207 0.0183 0.0631 0.0287 0.0010 0.0152 0.0008 0.0043 0.0004 0.0000 0.0000 0.0014 0.0006 0.0005 0.0001 0.0005 0.0003 0.0011 0.0003 0.0026 0.0035 0.0042 0.0015 0.0013 0.0006 0.0014 0.0100 0.0058 0.0053 0.0064 0.0042 0.0024 0.0004 0.0001 0.0001 0.0000 0.0000 0.0024 0.0000 0.0000 0.0000 0.0001 0.0000 0.0000 0.0000 0.0029 0.0115 0.0090 0.0270 0.0189 0.0486 0.0493 0.0005 0.0473 0.2333 0.4135 0.4030 0.5671 0.5491 0.5773 0.6662 0.7981 0.7232 0.5978
0.0000 0.0000 0.0000 0.0000 0.0000 0.0000 0.0037 0.0000 0.0010 0.0017 0.0049 0.0035 0.0000 0.0000 0.0000 0.0067 0.0000 0.0000 0.0000 0.0004 0.0179 0.0000 0.0000 0.0021 0.0002 0.0012 0.0000 0.0004 0.0010 0.0037 0.0119 0.0043 0.0026 0.0019 0.0000 0.0034 0.0000 0.0000 0.0000 0.0176 0.0051 0.0131 0.0080 0.0232 0.0288 0.0073 0.0000 0.0002 0.0004 0.0001 0.0078 0.0035 0.0000 0.0000 0.0000 0.0000 0.0000 0.0000 0.0001 0.0027 0.0000 0.0000 0.0067 0.0046
0.0000 0.0000 0.0000 0.0003 0.0000 0.0003 0.0000 0.0000 0.0000 0.0000 0.0000 0.0000 0.0000 0.0282 0.0000 0.0000 0.0000 0.0000 0.0000 0.0003 0.0001 0.0000 0.0036 0.0000 0.0090 0.0061 0.0001 0.0000 0.0000 0.0000 0.0209 0.0000 0.0003 0.0000 0.0000 0.0000 0.0000 0.0000 0.0000 0.0000 0.0000 0.0000 0.0000 0.0000 0.0000 0.0000 0.0000 0.0000 0.0000 0.0000 0.0000 0.0000 0.0000 0.0000 0.0638 0.0608 0.0744 0.0000 0.0000 0.0000 0.0000 0.0000 0.0000 0.0000
0.0000 0.0000 0.0000 0.0000 0.0000 0.0000 0.0000 0.0000 0.0000 0.0000 0.0000 0.0000 0.0000 0.0000 0.0000 0.0000 0.0000 0.0000 0.0000 0.0000 0.0000 0.0000 0.0000 0.0000 0.0000 0.0000 0.0000 0.0000 0.0000 0.0000 0.0000 0.0009 0.0000 0.0000 0.0000 0.0000 0.0012 0.0003 0.0000 0.0000 0.0000 0.0000 0.0000 0.0000 0.0000 0.0000 0.0000 0.0000 0.0000 0.0000 0.0000 0.0000 0.0000 0.0000 0.0000 0.0000 0.0000 0.0000 0.0000 0.0000 0.0000 0.0000 0.0000 0.0000
0.0000 0.0011 0.0001 0.0003 0.0002 0.0001 0.0001 0.0002 0.0004 0.0004 0.0186 0.0634 0.0002 0.0000 0.0043 0.0002 0.0000 0.0107 0.0061 0.0597 0.0314 0.0000 0.0004 0.0000 0.0000 0.0000 0.0000 0.0000 0.0000 0.0004 0.0012 0.0036 0.0004 0.0000 0.0050 0.0061 0.0049 0.0133 0.0126 0.0080 0.0066 0.0162 0.0141 0.0000 0.0000 0.0000 0.0000 0.0000 0.0000 0.0022 0.0047 0.0072 0.0001 0.0007 0.0818 0.0187 0.0001 0.0000 0.0001 0.0002 0.0000 0.0030 0.0000 0.0000
0.0035 0.0025 0.0034 0.0069 0.0106 0.0097 0.0135 0.0075 0.0080 0.0070 0.0071 0.0241 0.0274 0.0001 0.0046 0.0000 0.0043 0.0088 0.0073 0.0044 0.0061 0.0003 0.0000 0.0055 0.0123 0.0096 0.0027 0.0026 0.0000 0.0000 0.0000 0.0006 0.0109 0.0064 0.0013 0.0069 0.0033 0.0042 0.0054 0.0000 0.0002 0.0022 0.0001 0.0003 0.0003 0.0001 0.0004 0.0005 0.0018 0.0013 0.0001 0.0003 0.0001 0.0002 0.0002 0.0002 0.0000 0.0001 0.0001 0.0001 0.0006 0.0029 0.0173 0.0159
0.0000 0.0000 0.0002 0.0000 0.0001 0.0000 0.0000 0.0000 0.0000 0.0000 0.0000 0.0000 0.0000 0.0000 0.0000 0.0017 0.0018 0.0000 0.0002 0.0004 0.0061 0.0012 0.0048 0.0000 0.0000 0.0073 0.0005 0.0000 0.0000 0.0000 0.0000 0.0104 0.0053 0.0039 0.0062 0.0006 0.0000 0.0000 0.0000 0.0000 0.0000 0.0000 0.0000 0.0000 0.0000 0.0774 0.1908 0.1118 0.0238 0.0013 0.0000 0.0000 0.0051 0.0036 0.0037 0.0026 0.0078 0.0051 0.0041 0.0000 0.0000 0.0001 0.0000 0.0000
0.0026 0.0004 0.0014 0.0000 0.0000 0.0000 0.0000 0.0000 0.0000 0.0000 0.0000 0.0000 0.0011 0.0000 0.0000 0.0000 0.0000 0.0000 0.0001 0.0000 0.0365 0.0001 0.2446 0.1288 0.1727 0.1088 0.4524 0.3880 0.3276 0.1743 0.3290 0.3272 0.2579 0.0000 0.0000 0.0000 0.0000 0.0323 0.0000 0.0000 0.0000 0.0000 0.0000 0.0000 0.0000 0.0000 0.0000 0.0000 0.0038 0.0477 0.0008 0.0006 0.0048 0.0069 0.0039 0.0035 0.0048 0.0000 0.0000 0.0000 0.0000 0.0000 0.0000 0.0000
0.0000 0.0007 0.0000 0.0142 0.0061 0.0199 0.0110 0.0124 0.0121 0.0074 0.0000 0.0000 0.0000 0.0000 0.1335 0.1650 0.0008 0.0002 0.0001 0.0001 0.0006 0.0000 0.0000 0.0000 0.0000 0.0000 0.0001 0.0001 0.0003 0.0003 0.0004 0.0001 0.0000 0.0000 0.0000 0.0000 0.0009 0.0061 0.0011 0.0023 0.0010 0.0000 0.0000 0.0000 0.0000 0.0000 0.0000 0.0000 0.0007 0.0001 0.0313 0.0004 0.0007 0.0000 0.0000 0.0007 0.0000 0.0000 0.0000 0.0000 0.0000 0.0000 0.0000 0.0000
0.0000 0.0000 0.0000 0.0000 0.0009 0.0435 0.0030 0.0055 0.0023 0.0048 0.0024 0.0008 0.0004 0.0001 0.0000 0.0000 0.0080 0.0000 0.0000 0.0000 0.0192 0.0000 0.0000 0.0053 0.0000 0.0001 0.0030 0.0058 0.0409 0.0191 0.0319 0.0202 0.0090 0.0029 0.0094 0.0012 0.0015 0.0074 0.0225 0.0017 0.0001 0.0064 0.0011 0.0262 0.0464 0.0147 0.0291 0.0126 0.0312 0.0377 0.0221 0.0355 0.0289 0.0129 0.0098 0.0214 0.0214 0.0296 0.0575 0.0283 0.0235 0.0359 0.0212 0.0103
0.0000 0.0000 0.0000 0.0000 0.0000 0.0000 0.0000 0.0000 0.0000 0.0000 0.0000 0.0000 0.0000 0.0000 0.0000 0.0000 0.0007 0.0003 0.0001 0.0010 0.0000 0.0000 0.0000 0.0000 0.0000 0.0000 0.0000 0.0000 0.0000 0.0000 0.0000 0.0000 0.0000 0.0000 0.0000 0.0000 0.0000 0.0000 0.0000 0.0000 0.0000 0.0000 0.0000 0.0000 0.0000 0.0000 0.0000 0.0000 0.0000 0.0000 0.0000 0.0000 0.0000 0.0000 0.0000 0.0000 0.0000 0.0000 0.0000 0.0000 0.0000 0.0000 0.0000 0.0000
0.0003 0.0006 0.0037 0.0069 0.0035 0.0045 0.0063 0.0980 0.0750 0.0627 0.0986 0.1233 0.0673 0.0000 0.0039 0.0000 0.0015 0.0066 0.0063 0.0025 0.0000 0.0398 0.0000 0.0017 0.0204 0.0124 0.0085 0.0084 0.0600 0.0517 0.0559 0.0289 0.0075 0.0004 0.0118 0.0026 0.0060 0.0038 0.0467 0.0049 0.0064 0.0013 0.0112 0.0215 0.0070 0.0001 0.0004 0.0003 0.0052 0.0001 0.0001 0.0001 0.0002 0.0001 0.0003 0.0003 0.0000 0.0001 0.0001 0.0070 0.0037 0.0009 0.0000 0.0000
0.0000 0.0000 0.0000 0.0000 0.0000 0.0000 0.0001 0.0000 0.0000 0.0000 0.0000 0.0000 0.0000 0.0000 0.0000 0.0000 0.0000 0.0000 0.0000 0.0000 0.0000 0.0000 0.0000 0.0000 0.0000 0.0000 0.0000 0.0000 0.0000 0.0000 0.0000 0.0000 0.0000 0.0000 0.0001 0.0000 0.0000 0.0000 0.0000 0.0000 0.0000 0.0000 0.0000 0.0000 0.0000 0.0000 0.0000 0.0000 0.0000 0.0000 0.0000 0.0000 0.0000 0.0002 0.0000 0.0000 0.0000 0.0000 0.0000 0.0000 0.0000 0.0000 0.0000 0.0000
0.0000 0.0022 0.0000 0.0000 0.0000 0.0000 0.0000 0.0000 0.0000 0.0000 0.0000 0.0001 0.0000 0.0000 0.0000 0.0000 0.0000 0.0000 0.0000 0.0526 0.0002 0.0000 0.0000 0.0000 0.0573 0.0165 0.0000 0.0000 0.0000 0.0000 0.0000 0.0001 0.0000 0.0000 0.0000 0.0000 0.0000 0.0000 0.0000 0.0000 0.0000 0.0001 0.0000 0.0000 0.0000 0.0000 0.0000 0.0000 0.0000 0.0000 0.0000 0.0000 0.0022 0.0001 0.0000 0.0007 0.0001 0.0000 0.0035 0.0000 0.0000 0.0000 0.0000 0.0009
0.0000 0.0000 0.0412 0.0883 0.1048 0.0000 0.0878 0.0862 0.0000 0.0362 0.0585 0.0140 0.0002 0.0000 0.0000 0.0000 0.0000 0.0000 0.0000 0.1033 0.0000 0.0046 0.0014 0.0000 0.0000 0.0002 0.0000 0.0000 0.0041 0.0025 0.0022 0.0003 0.0001 0.0001 0.0000 0.0000 0.0000 0.0000 0.0000 0.0001 0.0000 0.0000 0.0000 0.0000 0.0000 0.0000 0.0035 0.0000 0.0067 0.0047 0.0000 0.0000 0.0052 0.0052 0.0000 0.0002 0.0000 0.0001 0.0000 0.0001 0.0001 0.0000 0.0000 0.0000
0.9273 0.9010 0.8636 0.7883 0.7843 0.7198 0.3382 0.3504 0.1894 0.1007 0.0147 0.0278 0.0000 0.0000 0.0000 0.0007 0.0000 0.0000 0.0000 0.0000 0.0053 0.0000 0.0128 0.0000 0.0000 0.0025 0.0001 0.0000 0.0000 0.0000 0.0000 0.0126 0.0006 0.0016 0.0001 0.0001 0.0010 0.0002 0.0006 0.0025 0.0008 0.0004 0.0007 0.0194 0.0347 0.0031 0.0075 0.0000 0.0023 0.0003 0.0000 0.0000 0.0000 0.0000 0.0000 0.0003 0.0097 0.0112 0.0183 0.0219 0.0244 0.0322 0.0290 0.0195
0.0017 0.0011 0.0010 0.0007 0.0044 0.0019 0.0006 0.0001 0.0004 0.0002 0.0006 0.0017 0.0006 0.0001 0.0003 0.0001 0.0000 0.0000 0.0000 0.0001 0.0006 0.0000 0.0000 0.0000 0.0001 0.0000 0.0000 0.0000 0.0000 0.0000 0.0000 0.0001 0.0020 0.0000 0.0143 0.0002 0.0014 0.0015 0.0025 0.0038 0.0012 0.0000 0.0000 0.0000 0.0011 0.0003 0.0001 0.0339 0.0633 0.0006 0.0503 0.0268 0.0000 0.0000 0.0028 0.0163 0.0000 0.0013 0.0000 0.0000 0.0000 0.0000 0.0000 0.0000
0.0000 0.0001 0.0009 0.0024 0.0079 0.0243 0.0010 0.0007 0.0009 0.0011 0.0017 0.0038 0.0003 0.0039 0.0029 0.0045 0.0056 0.0041 0.0026 0.0018 0.0014 0.0000 0.0000 0.0000 0.0000 0.0000 0.0000 0.0001 0.0340 0.0967 0.0813 0.0528 0.0000 0.0000 0.0000 0.0000 0.0000 0.0010 0.1889 0.0000 0.0000 0.0897 0.0006 0.0000 0.0000 0.0000 0.0000 0.0001 0.0000 0.0001 0.0003 0.0023 0.0018 0.0001 0.0001 0.0003 0.0000 0.0000 0.0000 0.0000 0.0001 0.0005 0.0023 0.0028
0.0000 0.0000 0.0000 0.0009 0.0010 0.0012 0.0004 0.0006 0.0001 0.0005 0.0008 0.0006 0.0001 0.0000 0.0004 0.0000 0.0000 0.0000 0.0003 0.1151 0.0000 0.0688 0.0000 0.0000 0.0000 0.0000 0.0000 0.0000 0.0000 0.0000 0.0000 0.0000 0.0000 0.0000 0.0000 0.0000 0.0000 0.0000 0.0000 0.0000 0.0000 0.0010 0.0099 0.0014 0.0001 0.0000 0.0002 0.0005 0.0004 0.0002 0.0001 0.0004 0.0035 0.0001 0.0001 0.0000 0.0000 0.0018 0.0000 0.0000 0.0000 0.0000 0.0000 0.0000
0.0001 0.0000 0.0002 0.0004 0.0002 0.0004 0.0009 0.0006 0.0002 0.0000 0.0000 0.0000 0.0000 0.0016 0.0038 0.0000 0.0000 0.0001 0.0000 0.0000 0.0002 0.0000 0.0018 0.0000 0.0000 0.0000 0.0000 0.0000 0.0031 0.0028 0.0000 0.0000 0.0000 0.0002 0.0000 0.0000 0.0000 0.0000 0.0001 0.0000 0.0000 0.0000 0.0000 0.0001 0.0001 0.0146 0.0000 0.0000 0.0000 0.0000 0.0000 0.0000 0.0034 0.0034 0.0004 0.0000 0.0000 0.0000 0.0000 0.0000 0.0000 0.0000 0.0000 0.0000
0.0000 0.0000 0.0000 0.0000 0.0002 0.0000 0.4861 0.4025 0.6918 0.7613 0.7212 0.6451 0.8217 0.9092 0.7551 0.7415 0.5226 0.3623 0.2329 0.0000 0.0075 0.2014 0.0093 0.0022 0.0020 0.0001 0.0000 0.0000 0.0000 0.0001 0.0002 0.0009 0.0000 0.0002 0.0015 0.0004 0.0003 0.0004 0.0002 0.0004 0.0001 0.0000 0.0000 0.0000 0.0000 0.0000 0.0000 0.0000 0.0000 0.0000 0.0000 0.0000 0.0000 0.0000 0.0000 0.0000 0.0000 0.0001 0.0023 0.0000 0.0000 0.0000 0.0046 0.0000
0.0000 0.0000 0.0000 0.0000 0.0000 0.0000 0.0000 0.0000 0.0000 0.0000 0.0000 0.0000 0.0000 0.0000 0.0007 0.0000 0.0000 0.0000 0.0000 0.0000 0.0000 0.0000 0.1137 0.1270 0.0000 0.0000 0.0000 0.0000 0.0000 0.0000 0.0000 0.0000 0.0202 0.0000 0.0000 0.0000 0.0000 0.0000 0.0000 0.0000 0.0000 0.0259 0.0062 0.0000 0.0000 0.0000 0.0000 0.0000 0.0000 0.0000 0.0000 0.0000 0.0000 0.0000 0.0000 0.0000 0.0000 0.0000 0.0000 0.0000 0.0000 0.0000 0.0000 0.0000
0.0000 0.0000 0.0000 0.0000 0.0000 0.0000 0.0000 0.0000 0.0000 0.0000 0.0000 0.0000 0.0000 0.0000 0.0000 0.0000 0.0000 0.0000 0.0000 0.0000 0.0000 0.0000 0.0000 0.0008 0.0000 0.0000 0.0000 0.0004 0.0000 0.0017 0.0000 0.0000 0.0000 0.0000 0.0000 0.0000 0.0000 0.0000 0.0000 0.0000 0.0000 0.0000 0.0000 0.0000 0.0000 0.0000 0.0000 0.0000 0.0000 0.0000 0.0000 0.0000 0.0000 0.0000 0.0000 0.0000 0.0000 0.0000 0.0000 0.0000 0.0000 0.0000 0.0000 0.0000
0.0003 0.0001 0.0000 0.0000 0.0000 0.0000 0.0000 0.0000 0.0000 0.0000 0.0000 0.0000 0.0000 0.0000 0.0000 0.0001 0.0009 0.0002 0.0001 0.0020 0.0000 0.0000 0.0000 0.0000 0.0001 0.0000 0.0000 0.0000 0.0000 0.0000 0.0000 0.0000 0.0000 0.0000 0.0000 0.0000 0.0000 0.0000 0.0000 0.0000 0.0000 0.0000 0.0000 0.0000 0.0000 0.0000 0.0000 0.0000 0.0000 0.0000 0.0000 0.0000 0.0000 0.0000 0.0000 0.0000 0.0001 0.0001 0.0000 0.0000 0.0000 0.0000 0.0000 0.0000
0.0000 0.0003 0.0034 0.0023 0.0028 0.0014 0.0011 0.0007 0.0010 0.0011 0.0023 0.0023 0.0016 0.0009 0.0009 0.0012 0.0007 0.0006 0.0007 0.0006 0.0007 0.0006 0.0000 0.0000 0.0000 0.0000 0.0005 0.0014 0.0027 0.0022 0.0021 0.0008 0.0000 0.0000 0.0000 0.0000 0.0000 0.0000 0.0000 0.0000 0.0000 0.0000 0.0000 0.0017 0.0000 0.0000 0.0000 0.0000 0.0002 0.0000 0.0000 0.0000 0.0000 0.0000 0.0000 0.0000 0.0000 0.0000 0.0000 0.0000 0.0000 0.0000 0.0000 0.0000
0.0001 0.0000 0.0000 0.0000 0.0000 0.0000 0.0000 0.0000 0.0000 0.0000 0.0000 0.0000 0.0000 0.0000 0.0000 0.0000 0.0000 0.0000 0.0000 0.0000 0.0000 0.0000 0.0000 0.0000 0.0000 0.0000 0.0001 0.0001 0.0000 0.0000 0.0000 0.0001 0.0000 0.0000 0.0000 0.0000 0.0000 0.0000 0.0000 0.0000 0.0000 0.0000 0.0000 0.0000 0.0000 0.0000 0.0000 0.0000 0.0000 0.0000 0.0000 0.0000 0.0000 0.0000 0.0000 0.0003 0.0001 0.0000 0.0000 0.0000 0.0000 0.0000 0.0000 0.0000
0.0000 0.0000 0.0000 0.0000 0.0000 0.0000 0.0000 0.0021 0.0000 0.0000 0.0000 0.0000 0.0000 0.0000 0.0000 0.0000 0.0000 0.0905 0.0748 0.0921 0.0000 0.0000 0.0000 0.0000 0.0000 0.0000 0.0000 0.0000 0.0000 0.0000 0.0000 0.0008 0.0000 0.0000 0.0000 0.0000 0.0000 0.0000 0.0025 0.0014 0.0029 0.0006 0.0102 0.0106 0.0030 0.0005 0.0000 0.0000 0.0000 0.0000 0.0000 0.0000 0.0016 0.0000 0.0000 0.0000 0.0000 0.0000 0.0000 0.0000 0.0000 0.0000 0.0000 0.0003
0.0000 0.0000 0.0000 0.0001 0.0001 0.0037 0.0049 0.0029 0.0062 0.0001 0.0000 0.0001 0.0000 0.0000 0.0001 0.0000 0.1656 0.0004 0.0001 0.0021 0.0057 0.0001 0.0009 0.0000 0.0001 0.0000 0.0000 0.0000 0.0000 0.0000 0.0003 0.0000 0.0000 0.0000 0.0032 0.0001 0.0762 0.2373 0.3592 0.2675 0.0000 0.7417 0.0011 0.4742 0.5472 0.0028 0.0066 0.0018 0.0034 0.0000 0.0000 0.0010 0.0000 0.0000 0.0000 0.0000 0.0000 0.0000 0.0000 0.0000 0.0000 0.0000 0.0000 0.0000
0.0000 0.0000 0.0000 0.0000 0.0000 0.0000 0.0000 0.0000 0.0000 0.0000 0.0000 0.0000 0.0000 0.0000 0.0000 0.0000 0.0000 0.0000 0.0000 0.0015 0.0020 0.0000 0.0000 0.0000 0.0000 0.0000 0.0000 0.0001 0.0007 0.0005 0.0010 0.0016 0.0004 0.0001 0.0012 0.0001 0.0003 0.0003 0.0003 0.0000 0.0000 0.0000 0.0000 0.0000 0.0000 0.0000 0.0000 0.0000 0.0000 0.0000 0.0000 0.0000 0.0000 0.0000 0.0000 0.0000 0.0000 0.0000 0.0000 0.0000 0.0000 0.0000 0.0000 0.0000
0.0004 0.0424 0.0009 0.0122 0.0229 0.0306 0.0007 0.0001 0.0012 0.0010 0.0036 0.0043 0.0022 0.0007 0.0007 0.0109 0.0000 0.0000 0.0000 0.0000 0.0000 0.0000 0.0011 0.0013 0.0002 0.0013 0.0000 0.0003 0.0000 0.0179 0.0039 0.0078 0.0029 0.0003 0.0012 0.0012 0.0008 0.0002 0.0001 0.0074 0.0010 0.0237 0.0014 0.0661 0.0934 0.0039 0.0096 0.0122 0.0028 0.0000 0.0068 0.0437 0.0248 0.0007 0.0002 0.0003 0.0005 0.0008 0.0005 0.0004 0.0012 0.0080 0.1869 0.3219
0.0000 0.0000 0.0000 0.0000 0.0000 0.0000 0.0000 0.0000 0.0000 0.0000 0.0000 0.0000 0.0000 0.0000 0.0000 0.0000 0.0000 0.0000 0.0000 0.0000 0.0000 0.0000 0.0000 0.0000 0.0000 0.0000 0.0000 0.0000 0.0000 0.0000 0.0000 0.0000 0.1432 0.0060 0.0000 0.0639 0.0000 0.0000 0.0000 0.0000 0.0000 0.0000 0.0000 0.0000 0.0000 0.0000 0.0000 0.0000 0.0000 0.0000 0.0000 0.0000 0.0000 0.0000 0.0000 0.0000 0.0000 0.0000 0.0000 0.0000 0.0000 0.0000 0.0000 0.0000
0.0000 0.0000 0.0000 0.0000 0.0012 0.0000 0.0044 0.0000 0.0000 0.0000 0.0000 0.0000 0.0019 0.0089 0.0049 0.0000 0.0000 0.0000 0.0000 0.0000 0.0000 0.0000 0.0000 0.0000 0.0000 0.0000 0.0000 0.0000 0.0037 0.0000 0.0000 0.0000 0.0000 0.0000 0.0000 0.0657 0.0663 0.0000 0.0000 0.0000 0.0000 0.0000 0.0000 0.0537 0.0000 0.0000 0.0000 0.0005 0.0000 0.0000 0.0000 0.0000 0.0000 0.0000 0.0000 0.0000 0.0000 0.0000 0.0000 0.0000 0.0001 0.0000 0.0000 0.0000
0.0001 0.0000 0.0000 0.0007 0.0003 0.0005 0.0004 0.0004 0.0002 0.0008 0.0016 0.0027 0.0000 0.0000 0.0000 0.0000 0.0000 0.0000 0.0000 0.0000 0.0025 0.0001 0.0000 0.0077 0.0000 0.0102 0.0000 0.0000 0.0000 0.0000 0.0043 0.0000 0.0000 0.0036 0.0000 0.0000 0.0000 0.0000 0.0000 0.0060 0.0000 0.0000 0.0000 0.0000 0.0000 0.0000 0.0000 0.0000 0.0000 0.0000 0.0000 0.0000 0.0000 0.0000 0.0000 0.0000 0.0000 0.0000 0.0002 0.0000 0.0000 0.0000 0.0000 0.0000
0.0025 0.0006 0.0000 0.0005 0.0003 0.0064 0.0000 0.0000 0.0000 0.0013 0.0016 0.0000 0.0002 0.0000 0.0000 0.0000 0.0000 0.0025 0.0000 0.0000 0.0005 0.0000 0.0000 0.0023 0.0010 0.0010 0.0007 0.0061 0.0000 0.0000 0.0000 0.0029 0.0000 0.0000 0.0000 0.0000 0.0000 0.0000 0.0001 0.0001 0.0002 0.0002 0.0001 0.2340 0.2185 0.0000 0.6908 0.7244 0.7083 0.7693 0.6113 0.5754 0.6967 0.7375 0.5406 0.4066 0.4165 0.3157 0.3079 0.2906 0.2202 0.0000 0.0000 0.0000
0.0000 0.0001 0.0002 0.0000 0.0001 0.0000 0.0028 0.0000 0.0052 0.0000 0.0139 0.0000 0.0158 0.0001 0.0000 0.0010 0.0010 0.0000 0.0000 0.0000 0.0000 0.0000 0.0000 0.0000 0.0000 0.0000 0.0000 0.0000 0.0000 0.0000 0.0000 0.0000 0.0000 0.0000 0.0000 0.0000 0.0000 0.0000 0.0010 0.0000 0.0000 0.0002 0.0000 0.0000 0.0000 0.0000 0.0000 0.0000 0.0000 0.0000 0.0000 0.0000 0.0754 0.0002 0.0002 0.0000 0.0000 0.0000 0.0000 0.0000 0.0000 0.0000 0.0000 0.0000
0.0000 0.0000 0.0003 0.0005 0.0000 0.0001 0.0003 0.0001 0.0001 0.0002 0.0004 0.0036 0.0000 0.0160 0.0186 0.0051 0.0002 0.0000 0.0005 0.0001 0.0041 0.0010 0.0042 0.0012 0.0035 0.0025 0.0012 0.0007 0.0033 0.0150 0.0202 0.0008 0.0013 0.0006 0.0000 0.0010 0.0021 0.0021 0.0034 0.0000 0.0000 0.0000 0.0000 0.0000 0.0000 0.0001 0.0064 0.0124 0.0160 0.0053 0.0022 0.0000 0.0056 0.0001 0.0047 0.0036 0.0023 0.0001 0.0005 0.0042 0.0039 0.0000 0.0000 0.0000
0.0000 0.0000 0.0000 0.0000 0.0000 0.0000 0.0000 0.0000 0.0000 0.0053 0.0001 0.0122 0.0150 0.0104 0.0000 0.0000 0.0000 0.0000 0.0000 0.0000 0.0000 0.0000 0.0000 0.0000 0.0513 0.0000 0.0000 0.0000 0.0000 0.0000 0.0000 0.0000 0.3183 0.9218 0.8202 0.7796 0.7821 0.4220 0.0865 0.0000 0.0000 0.0000 0.0081 0.0000 0.0000 0.0000 0.0000 0.0000 0.0000 0.0226 0.0013 0.0208 0.0064 0.0000 0.0138 0.0074 0.0160 0.0003 0.0129 0.0005 0.0000 0.0000 0.0000 0.0000
0.0000 0.0000 0.0000 0.0000 0.0000 0.0172 0.0000 0.0000 0.0000 0.0000 0.0202 0.0000 0.0000 0.0001 0.0000 0.0000 0.0001 0.0001 0.0000 0.0000 0.0014 0.0014 0.0011 0.0005 0.0003 0.0007 0.0008 0.0009 0.0000 0.0027 0.0000 0.0007 0.0005 0.0000 0.0001 0.0001 0.0001 0.0000 0.0002 0.0000 0.0000 0.0024 0.0006 0.0258 0.0000 0.0002 0.0000 0.0008 0.0028 0.0006 0.0068 0.0127 0.0076 0.0125 0.0098 0.0141 0.0091 0.0155 0.0080 0.0000 0.0000 0.0000 0.0000 0.0000
0.0000 0.0001 0.0000 0.0000 0.0000 0.0000 0.0000 0.0000 0.0000 0.0000 0.0017 0.0043 0.0001 0.0000 0.0003 0.0001 0.0008 0.0032 0.0000 0.0020 0.0018 0.0000 0.0000 0.0000 0.0000 0.0000 0.0000 0.0001 0.0000 0.0019 0.0003 0.0000 0.0000 0.0012 0.0000 0.0000 0.0000 0.0000 0.0002 0.0000 0.0000 0.0026 0.0336 0.0143 0.0000 0.0000 0.0015 0.0001 0.0000 0.0000 0.0000 0.0000 0.0003 0.0001 0.0000 0.0003 0.0001 0.0000 0.0000 0.0001 0.0000 0.0000 0.0000 0.0000
0.0000 0.0000 0.0000 0.0000 0.0000 0.0000 0.0000 0.0000 0.0000 0.0009 0.0046 0.0036 0.0000 0.0006 0.0009 0.0008 0.0000 0.0002 0.0000 0.0000 0.0009 0.0000 0.0041 0.0000 0.0000 0.0034 0.0000 0.0000 0.0000 0.0000 0.0000 0.0002 0.0000 0.0000 0.0817 0.0000 0.0000 0.0000 0.0002 0.0000 0.0056 0.0002 0.0000 0.0000 0.0000 0.0000 0.0001 0.0003 0.0001 0.0000 0.0002 0.0006 0.0000 0.0000 0.0026 0.0029 0.0001 0.0007 0.0000 0.0000 0.0000 0.0000 0.0000 0.0029
0.0259 0.0241 0.0099 0.0220 0.0347 0.0472 0.0242 0.0064 0.0010 0.0013 0.0023 0.0342 0.0284 0.0026 0.0049 0.0021 0.0009 0.0007 0.0018 0.0027 0.0030 0.0000 0.0000 0.0002 0.0000 0.4153 0.0000 0.0000 0.0000 0.0000 0.0000 0.0000 0.0000 0.0000 0.0000 0.0000 0.0000 0.0000 0.0000 0.0000 0.0000 0.0000 0.0000 0.0000 0.0133 0.0094 0.0000 0.0000 0.0000 0.0000 0.0000 0.0000 0.0000 0.0000 0.0002 0.0000 0.0001 0.0000 0.0001 0.0000 0.0000 0.0000 0.0000 0.0000
0.0000 0.0000 0.0000 0.0000 0.0000 0.0000 0.0000 0.0000 0.0000 0.0000 0.0000 0.0000 0.0000 0.0008 0.0000 0.0000 0.0000 0.0000 0.0000 0.0000 0.0000 0.0000 0.0000 0.0000 0.0019 0.0031 0.0018 0.0019 0.0000 0.0000 0.0000 0.0000 0.0036 0.0039 0.0000 0.0000 0.0018 0.0000 0.0000 0.0000 0.0000 0.0000 0.0000 0.0029 0.0000 0.0000 0.0000 0.0002 0.0000 0.0000 0.0000 0.0000 0.0000 0.0000 0.0005 0.0002 0.0000 0.0000 0.0000 0.0000 0.0000 0.0000 0.0000 0.0000
0.0003 0.0001 0.0000 0.0001 0.0000 0.0001 0.0000 0.0000 0.0000 0.0000 0.0000 0.0000 0.0000 0.0000 0.0000 0.0000 0.0000 0.0000 0.0000 0.0000 0.0000 0.0000 0.0000 0.0000 0.0000 0.0000 0.0000 0.0000 0.0000 0.0000 0.0000 0.0000 0.0000 0.0000 0.0003 0.0000 0.0000 0.0011 0.0010 0.0024 0.0000 0.0000 0.0000 0.0000 0.0000 0.0000 0.0000 0.0000 0.0000 0.0000 0.0000 0.0000 0.0000 0.0000 0.0000 0.0000 0.0000 0.0000 0.0000 0.0000 0.0000 0.0000 0.0000 0.0000
0.0000 0.0000 0.0000 0.0000 0.0000 0.0000 0.0000 0.0000 0.0000 0.0000 0.0000 0.0000 0.0051 0.0066 0.0066 0.0136 0.0001 0.0000 0.0001 0.0123 0.0001 0.0000 0.0005 0.0000 0.0000 0.0000 0.0000 0.0000 0.0000 0.0000 0.0001 0.0000 0.0000 0.0009 0.0000 0.0000 0.0000 0.0000 0.0000 0.0000 0.0000 0.0000 0.0000 0.0000 0.0000 0.0000 0.0002 0.0001 0.0000 0.0030 0.0529 0.0667 0.0478 0.1268 0.0000 0.0000 0.0005 0.0000 0.0103 0.0053 0.0001 0.0000 0.0000 0.0000
0.0003 0.0003 0.0004 0.0012 0.0003 0.0014 0.0011 0.0011 0.0006 0.0019 0.0016 0.0014 0.0018 0.0009 0.0338 0.0013 0.0005 0.0004 0.0193 0.0239 0.0014 0.0000 0.0000 0.0000 0.0030 0.0050 0.0000 0.0000 0.0000 0.0000 0.0000 0.0007 0.0000 0.0020 0.0000 0.0000 0.0000 0.0000 0.0000 0.0000 0.0000 0.0059 0.0017 0.0076 0.0000 0.0044 0.0077 0.0000 0.0000 0.0000 0.0000 0.0000 0.0000 0.0000 0.0000 0.0000 0.0000 0.0000 0.0000 0.0000 0.0000 0.0000 0.0000 0.0000
0.0000 0.0000 0.0000 0.0000 0.0000 0.0000 0.0000 0.0000 0.0000 0.0000 0.0000 0.0000 0.0000 0.0000 0.0000 0.0000 0.0000 0.0000 0.0000 0.0000 0.0000 0.0000 0.0000 0.0000 0.0000 0.0000 0.0000 0.0000 0.0001 0.0001 0.0001 0.0004 0.0104 0.0000 0.0000 0.0000 0.0000 0.0000 0.0000 0.0000 0.0000 0.0000 0.0000 0.0000 0.0000 0.0000 0.0000 0.0000 0.0000 0.0000 0.0000 0.0000 0.0000 0.0000 0.0000 0.0000 0.0000 0.0000 0.0000 0.0000 0.0000 0.0000 0.0000 0.0000
0.0000 0.0000 0.0000 0.0000 0.0000 0.0000 0.0000 0.0000 0.0000 0.0000 0.0000 0.0111 0.0000 0.0000 0.0000 0.0000 0.0881 0.1033 0.0489 0.1034 0.0000 0.0000 0.0000 0.0000 0.0000 0.0000 0.0000 0.0000 0.0000 0.0000 0.0000 0.0000 0.0000 0.0000 0.0000 0.0000 0.0000 0.0000 0.0000 0.0000 0.0000 0.0000 0.0000 0.0000 0.0000 0.0139 0.0166 0.0278 0.0142 0.0024 0.0202 0.0000 0.0000 0.0013 0.0000 0.0000 0.0010 0.0016 0.0005 0.0007 0.0007 0.0012 0.0013 0.0004
0.0000 0.0000 0.0000 0.0000 0.0000 0.0000 0.0000 0.0000 0.0000 0.0000 0.0062 0.0000 0.0000 0.0000 0.0000 0.0000 0.0000 0.0000 0.0001 0.0024 0.0000 0.0000 0.0000 0.0000 0.0000 0.0000 0.0000 0.0013 0.0031 0.0000 0.0000 0.0000 0.0005 0.0005 0.0005 0.0006 0.0002 0.0002 0.0003 0.0007 0.0004 0.0006 0.0029 0.0007 0.0004 0.0003 0.0007 0.0002 0.0037 0.0189 0.0001 0.0000 0.0000 0.0000 0.0006 0.0004 0.0002 0.0000 0.0000 0.0000 0.0001 0.0000 0.0000 0.0000
0.0123 0.0026 0.0041 0.0000 0.0000 0.0000 0.0000 0.0000 0.0000 0.0000 0.0062 0.0004 0.0000 0.0000 0.0000 0.0002 0.0000 0.0000 0.0000 0.0000 0.0842 0.1451 0.1195 0.1619 0.0818 0.0000 0.0837 0.0598 0.0230 0.2031 0.1113 0.1076 0.0230 0.0000 0.0050 0.0045 0.0010 0.0185 0.0000 0.5446 0.6221 0.0000 0.1672 0.0000 0.0000 0.2119 0.0000 0.0013 0.0000 0.0232 0.0633 0.0654 0.0000 0.0000 0.0000 0.0000 0.0027 0.0000 0.0043 0.0112 0.0054 0.0005 0.0007 0.0000
0.0000 0.0000 0.0000 0.0000 0.0000 0.0000 0.0000 0.0000 0.0000 0.0000 0.0000 0.0000 0.0018 0.0000 0.0000 0.0182 0.0016 0.0000 0.0000 0.0000 0.0149 0.0003 0.0073 0.0013 0.0001 0.0006 0.0045 0.0003 0.0025 0.0057 0.0000 0.0000 0.0034 0.0022 0.0000 0.0045 0.0043 0.0059 0.0105 0.0000 0.0000 0.0000 0.0000 0.0000 0.0000 0.0000 0.0000 0.0001 0.0000 0.0000 0.0000 0.0072 0.0095 0.0002 0.0000 0.0001 0.0001 0.0000 0.0000 0.0002 0.0001 0.0022 0.0000 0.0000
0.0001 0.0002 0.0000 0.0005 0.0002 0.0097 0.0000 0.0000 0.0003 0.0013 0.0016 0.0015 0.0017 0.0010 0.0041 0.0016 0.0004 0.0006 0.0014 0.0027 0.0011 0.0007 0.0004 0.0007 0.0018 0.0011 0.0000 0.0003 0.0031 0.0040 0.0066 0.0000 0.0000 0.0000 0.0003 0.0000 0.0000 0.0000 0.0000 0.0083 0.0000 0.0000 0.0241 0.0000 0.0043 0.0000 0.0000 0.0000 0.0000 0.0000 0.0039 0.0034 0.0000 0.0026 0.0000 0.0007 0.0000 0.0000 0.0001 0.0000 0.0000 0.0000 0.0021 0.0000
0.0000 0.0000 0.0000 0.0000 0.0000 0.0000 0.0000 0.0000 0.0000 0.0000 0.0000 0.0000 0.0000 0.0000 0.0000 0.0000 0.0000 0.0000 0.0000 0.0000 0.0000 0.0000 0.0000 0.0002 0.0000 0.0000 0.0000 0.0000 0.0000 0.0000 0.0000 0.0000 0.0000 0.0000 0.0000 0.0000 0.0000 0.0000 0.0000 0.0000 0.0000 0.0000 0.0000 0.0000 0.0000 0.0000 0.0000 0.0000 0.0000 0.0000 0.0000 0.0000 0.0000 0.0000 0.0000 0.0000 0.0000 0.0000 0.0000 0.0000 0.0000 0.0000 0.0000 0.0000
0.0003 0.0000 0.0000 0.0001 0.0000 0.0000 0.0000 0.0000 0.0000 0.0000 0.0000 0.0035 0.0000 0.0000 0.0000 0.0000 0.0000 0.0000 0.0000 0.0000 0.0000 0.0000 0.0000 0.0000 0.0000 0.0000 0.0000 0.0000 0.0000 0.0000 0.0000 0.0000 0.0000 0.0000 0.0005 0.0000 0.0000 0.0000 0.0000 0.0000 0.0000 0.0000 0.0000 0.0000 0.0000 0.0000 0.0000 0.0000 0.0000 0.0000 0.0000 0.0000 0.0000 0.0000 0.0000 0.0000 0.0000 0.0000 0.0000 0.0000 0.0000 0.0000 0.0000 0.0000
0.0000 0.0000 0.0000 0.0000 0.0000 0.0000 0.0013 0.0005 0.0000 0.0000 0.0000 0.0000 0.0000 0.0050 0.0000 0.0031 0.0000 0.0000 0.0000 0.0000 0.1329 0.0000 0.0910 0.0003 0.0000 0.0000 0.0000 0.0000 0.0000 0.0000 0.0000 0.0000 0.0000 0.0000 0.0000 0.0000 0.0000 0.0000 0.0000 0.0000 0.0000 0.0000 0.0000 0.0000 0.0000 0.0000 0.0001 0.0145 0.0003 0.0001 0.0002 0.0003 0.0006 0.0000 0.0002 0.0001 0.0000 0.0000 0.0000 0.0001 0.0001 0.0000 0.0000 0.0000
0.0011 0.0005 0.0002 0.0185 0.0105 0.0194 0.0000 0.0146 0.0000 0.0000 0.0003 0.0005 0.0001 0.0000 0.0002 0.0016 0.0000 0.0000 0.0000 0.0000 0.0000 0.0000 0.0000 0.0000 0.0047 0.0000 0.0000 0.0000 0.0000 0.0034 0.0036 0.0023 0.0015 0.0006 0.0002 0.0017 0.0013 0.0041 0.0216 0.0004 0.0002 0.0020 0.0001 0.0002 0.0000 0.0000 0.0000 0.0000 0.0000 0.0000 0.0002 0.0000 0.0000 0.0025 0.0006 0.0000 0.0000 0.0000 0.0001 0.0001 0.0000 0.0026 0.0003 0.0000
0.0000 0.0000 0.0001 0.0003 0.0000 0.0002 0.0002 0.0001 0.0000 0.0000 0.0000 0.0000 0.0000 0.0000 0.0000 0.0000 0.0000 0.0000 0.0000 0.0000 0.0069 0.0000 0.0041 0.0000 0.0043 0.0094 0.0000 0.0000 0.0000 0.0000 0.0000 0.0000 0.0000 0.0000 0.0000 0.0000 0.0000 0.0000 0.0000 0.0000 0.0000 0.0000 0.0000 0.0000 0.0000 0.0000 0.0000 0.0000 0.0000 0.0000 0.0000 0.0000 0.0000 0.0000 0.0000 0.0000 0.0000 0.0000 0.0000 0.0000 0.0000 0.0000 0.0000 0.0000
0.0000 0.0000 0.0000 0.0000 0.0000 0.0000 0.0000 0.0000 0.0017 0.0000 0.0000 0.0000 0.0000 0.0000 0.0000 0.0000 0.0000 0.0000 0.0000 0.0000 0.0000 0.0000 0.0000 0.0000 0.0032 0.0023 0.0019 0.0037 0.0000 0.0000 0.0000 0.0000 0.0000 0.0000 0.0000 0.0000 0.0000 0.0000 0.0000 0.0000 0.0000 0.0000 0.0000 0.0000 0.0000 0.0000 0.0000 0.0000 0.0000 0.0000 0.0000 0.0000 0.0000 0.0000 0.0000 0.0000 0.0013 0.0000 0.0000 0.0000 0.0000 0.0000 0.0000 0.0000
0.0001 0.0001 0.0000 0.0000 0.0000 0.0000 0.0000 0.0001 0.0000 0.0000 0.0000 0.0000 0.0000 0.0000 0.0000 0.0000 0.0000 0.0012 0.0005 0.1285 0.1127 0.2464 0.3421 0.3914 0.4882 0.2773 0.2841 0.4221 0.3219 0.3155 0.2169 0.3421 0.0931 0.0000 0.0000 0.0123 0.0175 0.0744 0.0281 0.0557 0.3216 0.0006 0.6924 0.0011 0.0002 0.6283 0.0016 0.0002 0.0000 0.0031 0.0097 0.0219 0.0147 0.0112 0.0001 0.0144 0.0281 0.0339 0.0195 0.0486 0.0495 0.1044 0.0039 0.0226
0.0000 0.0000 0.0000 0.0000 0.0000 0.0000 0.0000 0.0000 0.0000 0.0000 0.0000 0.0040 0.0000 0.0000 0.0000 0.0000 0.1918 0.2590 0.1964 0.0016 0.0008 0.0607 0.0254 0.0954 0.0038 0.0488 0.1082 0.0608 0.1133 0.0446 0.0472 0.0000 0.0282 0.0005 0.0014 0.0258 0.0243 0.1597 0.1764 0.0390 0.0228 0.0576 0.0008 0.0136 0.0001 0.0000 0.0000 0.0000 0.0000 0.0000 0.0000 0.0000 0.0000 0.0000 0.0000 0.0002 0.0000 0.0000 0.0000 0.0000 0.0000 0.0000 0.0000 0.0000
0.0000 0.0000 0.0000 0.0003 0.0003 0.0002 0.0002 0.0001 0.0002 0.0002 0.0002 0.0002 0.0002 0.0001 0.0001 0.0001 0.0000 0.0000 0.0001 0.0001 0.0001 0.0000 0.0000 0.0000 0.0000 0.0000 0.0000 0.0001 0.0000 0.0000 0.0000 0.0000 0.0000 0.0000 0.0000 0.0000 0.0000 0.0000 0.0000 0.0000 0.0000 0.0000 0.0000 0.0000 0.0000 0.0000 0.0000 0.0000 0.0000 0.0000 0.0000 0.0000 0.0000 0.0000 0.0000 0.0000 0.0000 0.0000 0.0000 0.0000 0.0000 0.0000 0.0000 0.0000
0.0000 0.0000 0.0000 0.0000 0.0000 0.0000 0.0000 0.0000 0.0000 0.0000 0.0000 0.0000 0.0000 0.0000 0.0005 0.0000 0.0000 0.0290 0.0159 0.0000 0.4815 0.2214 0.0000 0.0553 0.0724 0.0491 0.0342 0.0274 0.0438 0.0231 0.0404 0.0654 0.0512 0.0358 0.0326 0.0165 0.0000 0.0000 0.0258 0.0218 0.0000 0.0000 0.0000 0.0000 0.0000 0.0000 0.0000 0.0000 0.0000 0.0000 0.0000 0.0010 0.0000 0.0000 0.0000 0.0000 0.0000 0.0000 0.0000 0.0000 0.0000 0.0000 0.0000 0.0000
0.0000 0.0004 0.0015 0.0026 0.0000 0.0000 0.0000 0.0000 0.0005 0.0005 0.0023 0.0000 0.0043 0.0017 0.0125 0.0181 0.0014 0.0010 0.0012 0.0038 0.0041 0.0017 0.0038 0.0056 0.0034 0.0023 0.0009 0.0010 0.0007 0.0007 0.0008 0.0002 0.0010 0.0022 0.0015 0.0010 0.0011 0.0013 0.0016 0.0031 0.0015 0.0049 0.0033 0.0011 0.0011 0.0019 0.0011 0.0016 0.0213 0.0026 0.0027 0.0059 0.0032 0.0006 0.0000 0.0003 0.0001 0.0000 0.0000 0.0000 0.0000 0.0000 0.0000 0.0000
0.0000 0.0000 0.0000 0.0000 0.0010 0.0211 0.0037 0.0000 0.0000 0.0000 0.0000 0.0001 0.0000 0.0000 0.0013 0.0000 0.0000 0.0000 0.0000 0.0000 0.0000 0.0000 0.0000 0.0000 0.0000 0.0000 0.0000 0.0000 0.0018 0.0000 0.0016 0.0000 0.0000 0.0000 0.0002 0.0000 0.0000 0.0000 0.0000 0.0002 0.0000 0.0001 0.0000 0.0000 0.0000 0.0000 0.0000 0.0000 0.0000 0.0000 0.0000 0.0000 0.0002 0.0000 0.0000 0.0000 0.0000 0.0000 0.0000 0.0000 0.0000 0.0074 0.0003 0.0000
0.0000 0.0000 0.0000 0.0000 0.0000 0.0000 0.0012 0.0017 0.0000 0.0000 0.0000 0.0000 0.0000 0.0000 0.0000 0.0000 0.0000 0.1126 0.3814 0.2740 0.0000 0.0000 0.0006 0.0000 0.0000 0.0000 0.0000 0.0000 0.0000 0.0000 0.0000 0.0000 0.0000 0.0000 0.0000 0.0000 0.0000 0.0000 0.0000 0.0000 0.0000 0.0000 0.0000 0.0000 0.0000 0.0019 0.0134 0.0326 0.0602 0.0336 0.0520 0.0476 0.0491 0.0227 0.0254 0.0087 0.0000 0.0144 0.0000 0.0000 0.0000 0.0000 0.0000 0.0000
