0.0763 0.0462 0.0973 0.0880 0.0000 0.0024 0.0000 0.0000 0.0000 0.0001 0.0002 0.0001 0.0001 0.0000 0.0001 0.0000 0.0000 0.0001 0.0000 0.0000 0.0000 0.0000 0.0000 0.0000 0.0000 0.0001 0.0001 0.0002 0.0000 0.0001 0.0001 0.0000 0.0040 0.0024 0.0032 0.0000 0.0000 0.0002 0.0989 0.1157 0.0985 0.0002 0.0028 0.0023 0.0198 0.0000 0.0002 0.0006 0.0026 0.0022 0.0146 0.0045 0.0033 0.0001 0.0032 0.0007 0.0012 0.0004 0.0004 0.0002 0.0001 0.0004 0.0003 0.0001
0.0000 0.0000 0.0000 0.0000 0.0000 0.0000 0.0000 0.0000 0.0350 0.0329 0.0449 0.0121 0.0000 0.0000 0.0000 0.0021 0.0000 0.0000 0.0000 0.0000 0.0018 0.0000 0.0000 0.0039 0.0001 0.0011 0.0000 0.0000 0.0000 0.0000 0.0000 0.0000 0.0000 0.0000 0.0000 0.0000 0.0000 0.0029 0.0003 0.0001 0.0000 0.0000 0.0001 0.0002 0.0000 0.0000 0.0000 0.0000 0.0019 0.0000 0.0000 0.0000 0.0000 0.0000 0.0000 0.0000 0.0000 0.0003 0.0027 0.0000 0.0000 0.0000 0.0000 0.0000
0.0000 0.0000 0.0000 0.0000 0.0000 0.0000 0.0000 0.0000 0.0000 0.0001 0.0000 0.0000 0.0000 0.0078 0.0000 0.0000 0.0000 0.0000 0.0000 0.0001 0.0000 0.0000 0.0000 0.0000 0.0000 0.0000 0.0273 0.0000 0.0157 0.0000 0.0000 0.0028 0.0001 0.0000 0.0000 0.0228 0.0250 0.0000 0.0001 0.0002 0.0001 0.0000 0.0001 0.0000 0.0000 0.0000 0.0000 0.0001 0.0001 0.0001 0.0359 0.0233 0.0232 0.0264 0.0001 0.0002 0.0001 0.0000 0.0001 0.0000 0.0000 0.0000 0.0000 0.0000
0.0000 0.0000 0.1303 0.0825 0.2839 0.0203 0.5154 0.3079 0.2194 0.2904 0.2786 0.3481 0.3119 0.2842 0.3068 0.3230 0.1942 0.1782 0.0538 0.0000 0.0000 0.0000 0.0000 0.0000 0.0000 0.0000 0.0000 0.0000 0.0000 0.0000 0.0000 0.0066 0.1027 0.1723 0.0375 0.0000 0.0001 0.0226 0.0000 0.0000 0.0000 0.0000 0.0000 0.0000 0.0000 0.0000 0.0000 0.0000 0.0000 0.0000 0.0000 0.1546 0.1521 0.1984 0.2371 0.1237 0.1401 0.1202 0.0000 0.0400 0.0670 0.0279 0.0000 0.0000
0.0071 0.0095 0.0114 0.0060 0.0030 0.0030 0.0020 0.0024 0.0042 0.0022 0.0041 0.0031 0.0013 0.0013 0.0000 0.0022 0.0009 0.0000 0.0766 0.1017 0.0124 0.0411 0.0304 0.0659 0.0069 0.0388 0.0451 0.0569 0.0662 0.0442 0.0450 0.0000 0.0556 0.0284 0.0000 0.0000 0.0000 0.0000 0.0001 0.0000 0.0001 0.0001 0.0003 0.0001 0.0002 0.0001 0.0003 0.0002 0.0000 0.0010 0.0718 0.0004 0.0001 0.0002 0.0100 0.0070 0.0001 0.0001 0.0001 0.0002 0.0008 0.0013 0.0676 0.0004
0.0003 0.0005 0.0002 0.0001 0.0001 0.0002 0.0002 0.0001 0.0002 0.0001 0.0001 0.0000 0.0000 0.0001 0.0001 0.0001 0.0000 0.0000 0.0000 0.0000 0.0000 0.0000 0.0000 0.0000 0.0000 0.0000 0.0000 0.0000 0.0000 0.0000 0.0000 0.0000 0.0000 0.0000 0.0000 0.0000 0.0000 0.0000 0.0001 0.0012 0.0000 0.0000 0.0000 0.0000 0.0001 0.0000 0.0000 0.0001 0.0001 0.0002 0.0000 0.0001 0.0001 0.0000 0.0000 0.0000 0.0000 0.0000 0.0000 0.0000 0.0000 0.0001 0.0002 0.0005
0.0001 0.0000 0.0000 0.0595 0.0000 0.0000 0.0000 0.0000 0.0000 0.0000 0.0000 0.0000 0.0000 0.0000 0.0000 0.0156 0.0000 0.0000 0.0001 0.0001 0.0359 0.0000 0.0000 0.0063 0.0125 0.0000 0.0000 0.0014 0.0000 0.0000 0.0001 0.0443 0.0754 0.0579 0.0820 0.0000 0.0491 0.0275 0.0464 0.0056 0.0023 0.0010 0.0000 0.0000 0.0000 0.0001 0.0000 0.0618 0.0412 0.0203 0.0000 0.0000 0.0144 0.0025 0.0043 0.0066 0.0060 0.0069 0.0068 0.0023 0.0033 0.0041 0.0062 0.0030
0.0024 0.0029 0.0021 0.0254 0.0000 0.0000 0.0000 0.0000 0.0000 0.0000 0.0000 0.0000 0.0206 0.0220 0.0000 0.0066 0.0000 0.0000 0.0015 0.0068 0.0031 0.0024 0.0001 0.0000 0.0001 0.0001 0.0001 0.0001 0.0000 0.0000 0.0001 0.0001 0.0001 0.0000 0.0000 0.0000 0.0000 0.0000 0.0000 0.0000 0.0000 0.0000 0.0000 0.0000 0.0000 0.0000 0.0000 0.0000 0.0055 0.0012 0.0052 0.0325 0.0116 0.0042 0.0040 0.0111 0.0028 0.0000 0.0000 0.0000 0.0000 0.0318 0.0276 0.0000
0.0002 0.0041 0.0003 0.0086 0.0045 0.0110 0.0157 0.0252 0.0134 0.0161 0.0000 0.0000 0.0000 0.0000 0.0013 0.0001 0.0012 0.0001 0.0005 0.0069 0.0000 0.0001 0.0004 0.0310 0.0112 0.0413 0.0005 0.0009 0.0002 0.0002 0.0002 0.0003 0.0005 0.0009 0.0026 0.0028 0.0131 0.0038 0.0034 0.0035 0.0003 0.0004 0.0000 0.0000 0.0000 0.0000 0.0000 0.0000 0.0000 0.0105 0.0000 0.0206 0.0133 0.0000 0.0000 0.0003 0.0000 0.0000 0.0000 0.0185 0.0000 0.0375 0.0235 0.0000
0.0000 0.0001 0.0000 0.0672 0.0001 0.0001 0.0000 0.0000 0.0000 0.0000 0.0000 0.0000 0.0000 0.0000 0.0000 0.0000 0.0023 0.0000 0.0000 0.0521 0.0024 0.0237 0.0000 0.0065 0.0241 0.0230 0.0021 0.0055 0.0066 0.0098 0.0105 0.0052 0.0107 0.0095 0.0190 0.0069 0.0107 0.0387 0.0012 0.0015 0.0001 0.0000 0.0000 0.0000 0.0000 0.0000 0.0000 0.0000 0.0001 0.0001 0.0001 0.0001 0.0003 0.0000 0.0000 0.0002 0.0000 0.0000 0.0001 0.0000 0.0000 0.0000 0.0000 0.0000
0.0542 0.0204 0.0311 0.0000 0.0000 0.0369 0.0000 0.0000 0.0000 0.0000 0.0000 0.0000 0.0000 0.0000 0.0000 0.0000 0.0164 0.0281 0.0236 0.0196 0.4887 0.2946 0.1156 0.1374 0.1482 0.1518 0.1087 0.1026 0.0969 0.0000 0.0979 0.0000 0.0966 0.1185 0.1040 0.0000 0.3175 0.0000 0.0000 0.0765 0.0000 0.0000 0.0000 0.0000 0.0000 0.0000 0.0000 0.0000 0.1358 0.1128 0.1944 0.1607 0.1525 0.1298 0.0963 0.0745 0.1114 0.0724 0.0668 0.0706 0.0000 0.0758 0.0277 0.1097
0.0001 0.0001 0.0001 0.0000 0.0000 0.0001 0.0000 0.0048 0.0100 0.0041 0.0072 0.0071 0.0075 0.0001 0.0002 0.0001 0.0004 0.0010 0.0003 0.0001 0.0000 0.0040 0.0001 0.0000 0.0082 0.0050 0.0020 0.0030 0.0002 0.0004 0.0004 0.0018 0.0027 0.0001 0.0003 0.0000 0.0001 0.0001 0.0446 0.0024 0.0038 0.0005 0.0049 0.0053 0.0035 0.0001 0.0001 0.0002 0.0041 0.0000 0.0000 0.0000 0.0002 0.0000 0.0000 0.0001 0.0000 0.0000 0.0001 0.0001 0.0001 0.0000 0.0000 0.0001
0.0000 0.0000 0.0000 0.0000 0.0000 0.0128 0.0000 0.0000 0.0000 0.0000 0.0000 0.0000 0.0008 0.0000 0.0004 0.0000 0.0004 0.0000 0.0000 0.0012 0.0000 0.0000 0.0001 0.0000 0.0000 0.0000 0.0000 0.0000 0.0000 0.0000 0.0000 0.0000 0.0000 0.0000 0.0000 0.0000 0.0000 0.0176 0.0176 0.0531 0.0582 0.0093 0.0164 0.0087 0.0097 0.0000 0.0000 0.0000 0.0000 0.0000 0.0000 0.0000 0.0000 0.0008 0.0000 0.0003 0.0041 0.0006 0.0000 0.0000 0.0000 0.0000 0.0000 0.0000
0.0000 0.0000 0.0000 0.0000 0.0000 0.0000 0.0000 0.0000 0.0000 0.0000 0.0000 0.0013 0.0124 0.0145 0.0000 0.0000 0.0151 0.0001 0.0000 0.0000 0.0008 0.0005 0.0024 0.0000 0.0001 0.0000 0.0000 0.0000 0.0000 0.0000 0.0000 0.0000 0.0000 0.0349 0.0001 0.0001 0.0001 0.0003 0.0006 0.0003 0.0001 0.0002 0.0001 0.0001 0.0001 0.0001 0.0001 0.0000 0.0001 0.0001 0.0001 0.0000 0.0265 0.0236 0.0000 0.0069 0.0217 0.0435 0.0141 0.0000 0.0000 0.0344 0.0253 0.0105
0.0000 0.0000 0.0000 0.0000 0.0001 0.0543 0.0001 0.0001 0.0312 0.0000 0.0001 0.0000 0.0000 0.0272 0.0614 0.0582 0.0364 0.0642 0.0511 0.0001 0.0296 0.0058 0.0161 0.0000 0.0000 0.0045 0.0258 0.0198 0.0149 0.0063 0.0019 0.0317 0.0406 0.0001 0.0247 0.0251 0.0941 0.0275 0.0455 0.0292 0.0000 0.0384 0.0123 0.0243 0.0446 0.0000 0.0595 0.0000 0.0040 0.0056 0.0016 0.0035 0.0167 0.0253 0.0000 0.0009 0.0011 0.0003 0.0019 0.0053 0.0916 0.0013 0.0035 0.0266
0.0004 0.0004 0.0002 0.0001 0.0001 0.0002 0.0012 0.0002 0.0001 0.0002 0.0000 0.0001 0.0565 0.0000 0.0000 0.0000 0.0000 0.0653 0.0598 0.0658 0.0117 0.0001 0.0816 0.0501 0.1144 0.0526 0.0425 0.0131 0.0030 0.0293 0.0084 0.0487 0.0744 0.1537 0.0671 0.0621 0.0490 0.0256 0.0105 0.0000 0.0000 0.0000 0.0004 0.0000 0.0000 0.0000 0.0000 0.0001 0.0043 0.0326 0.0604 0.0605 0.0652 0.0741 0.0671 0.0552 0.0191 0.0101 0.0169 0.0223 0.0289 0.0273 0.0311 0.0543
0.1494 0.0284 0.0094 0.0043 0.0036 0.0044 0.0022 0.0013 0.0036 0.0037 0.0067 0.0039 0.0083 0.0072 0.0035 0.0021 0.0013 0.0021 0.0038 0.0061 0.0053 0.0526 0.0816 0.1881 0.1491 0.1199 0.1869 0.1996 0.1027 0.2067 0.2626 0.2788 0.1064 0.1165 0.1077 0.1047 0.0124 0.0133 0.0257 0.0087 0.0378 0.0310 0.0498 0.0631 0.0141 0.0062 0.0040 0.0903 0.0358 0.0383 0.0217 0.0725 0.0013 0.0005 0.1183 0.1549 0.1466 0.1002 0.2822 0.2085 0.3113 0.2449 0.2726 0.1854
0.0000 0.0001 0.0000 0.0000 0.0639 0.0305 0.0000 0.0000 0.0000 0.0000 0.0000 0.0000 0.0020 0.0000 0.0010 0.0000 0.1027 0.0264 0.0000 0.0000 0.0000 0.0000 0.0000 0.0000 0.0000 0.0000 0.0000 0.0000 0.0000 0.0000 0.0000 0.0000 0.0000 0.0000 0.0000 0.0025 0.0037 0.0521 0.0010 0.0000 0.0000 0.0000 0.0000 0.0000 0.0000 0.0012 0.0002 0.0000 0.0000 0.0000 0.0002 0.0005 0.0012 0.0000 0.0000 0.0001 0.0000 0.0000 0.0000 0.0000 0.0000 0.0001 0.0904 0.1494
0.0000 0.0000 0.0000 0.0000 0.0000 0.0000 0.0000 0.0000 0.0000 0.0000 0.0000 0.0004 0.0015 0.0018 0.0014 0.0014 0.0011 0.0012 0.0005 0.0000 0.0000 0.0000 0.0038 0.0000 0.0000 0.0000 0.0000 0.0000 0.0000 0.0000 0.0000 0.0000 0.0000 0.0000 0.0000 0.0000 0.0000 0.0000 0.0000 0.0000 0.0000 0.0016 0.0029 0.0001 0.0000 0.0001 0.0000 0.0003 0.0001 0.0000 0.0001 0.0005 0.0035 0.0214 0.0000 0.0000 0.0000 0.0000 0.0000 0.0000 0.0000 0.0000 0.0000 0.0000
0.0004 0.0254 0.0001 0.0000 0.0000 0.0001 0.0002 0.0001 0.0000 0.0000 0.0000 0.0000 0.0021 0.0253 0.0619 0.0000 0.0000 0.0001 0.0000 0.0000 0.0010 0.0035 0.0000 0.0000 0.0013 0.0000 0.0000 0.0000 0.0014 0.0186 0.0000 0.0000 0.0004 0.0001 0.0000 0.0025 0.0036 0.0048 0.0025 0.0028 0.0014 0.0006 0.0088 0.0051 0.0061 0.0692 0.0095 0.0000 0.0000 0.0000 0.0000 0.0026 0.0230 0.0559 0.0047 0.0000 0.0011 0.0000 0.0000 0.0000 0.0000 0.0002 0.0001 0.0000
0.0634 0.0631 0.0752 0.0002 0.0063 0.1768 0.0002 0.0001 0.0001 0.0001 0.0001 0.0000 0.0000 0.0000 0.0001 0.0000 0.0001 0.0003 0.0001 0.0002 0.0320 0.1406 0.0552 0.0157 0.0734 0.0702 0.0738 0.0825 0.1454 0.0845 0.1813 0.1422 0.0406 0.0395 0.0847 0.3255 0.0490 0.2848 0.2713 0.2962 0.3851 0.3563 0.6089 0.6194 0.5876 0.5779 0.5330 0.6263 0.6223 0.5681 0.4086 0.2510 0.2197 0.0026 0.0000 0.0000 0.0009 0.0030 0.0088 0.0000 0.0000 0.0000 0.0000 0.0086
0.0000 0.0000 0.0000 0.0000 0.0000 0.0000 0.0000 0.0000 0.0000 0.0000 0.0000 0.0000 0.0000 0.0000 0.0010 0.0000 0.0000 0.0000 0.0000 0.0000 0.0000 0.0000 0.0000 0.0000 0.0000 0.0000 0.0000 0.0000 0.0000 0.0000 0.0000 0.0000 0.0000 0.0000 0.0000 0.0000 0.0000 0.0000 0.0000 0.0000 0.0000 0.0026 0.0000 0.0000 0.0000 0.0000 0.0000 0.0000 0.0000 0.0000 0.0000 0.0000 0.0001 0.0000 0.0000 0.0000 0.0000 0.0000 0.0000 0.0000 0.0000 0.0000 0.0000 0.0000
0.0000 0.0000 0.0000 0.0000 0.0000 0.0000 0.0000 0.0000 0.0000 0.0000 0.0000 0.0000 0.0000 0.0000 0.0000 0.0000 0.0000 0.0000 0.0000 0.0000 0.0000 0.0000 0.0000 0.0000 0.0000 0.0000 0.0000 0.0000 0.0000 0.0000 0.0003 0.0001 0.0031 0.0445 0.0651 0.0416 0.0000 0.0002 0.0002 0.0000 0.0000 0.0000 0.0000 0.0000 0.0000 0.0000 0.0000 0.0000 0.0000 0.0000 0.0000 0.0226 0.0219 0.0141 0.0000 0.0000 0.0001 0.0012 0.0000 0.0019 0.0000 0.0000 0.0000 0.0000
0.0224 0.0241 0.0000 0.0000 0.0000 0.0026 0.0000 0.0000 0.0000 0.0000 0.0000 0.0000 0.0000 0.0000 0.0000 0.0250 0.0167 0.0223 0.0174 0.0153 0.0000 0.1193 0.1255 0.0528 0.0207 0.0000 0.0000 0.0000 0.0070 0.0000 0.0000 0.0006 0.0011 0.0041 0.0042 0.0030 0.0033 0.0028 0.0000 0.0000 0.0000 0.0000 0.0003 0.0007 0.0015 0.0015 0.0010 0.0001 0.0000 0.0000 0.0000 0.0000 0.0000 0.0000 0.0000 0.0015 0.0925 0.0606 0.0000 0.0000 0.0000 0.0000 0.0000 0.0000
0.0000 0.0000 0.0000 0.0000 0.0000 0.0000 0.0000 0.0000 0.0000 0.0000 0.0000 0.0000 0.0000 0.0000 0.0000 0.0000 0.0000 0.0000 0.0000 0.0000 0.0000 0.0000 0.0000 0.0000 0.0000 0.0000 0.0000 0.0000 0.0000 0.0000 0.0000 0.0000 0.0000 0.0000 0.0002 0.0001 0.0002 0.0208 0.0022 0.0000 0.0000 0.0000 0.0000 0.0006 0.0000 0.0000 0.0000 0.0000 0.0016 0.0000 0.0077 0.0116 0.0099 0.0167 0.0011 0.0012 0.0001 0.0001 0.0001 0.0001 0.0001 0.0001 0.0002 0.0003
0.0051 0.0274 0.0690 0.0750 0.0912 0.1055 0.1276 0.1481 0.1731 0.1701 0.2187 0.2096 0.1154 0.1823 0.1618 0.1767 0.1660 0.1540 0.1832 0.4180 0.1199 0.1019 0.0501 0.0028 0.0042 0.0018 0.0069 0.0017 0.0019 0.0052 0.0142 0.0012 0.0014 0.0258 0.0000 0.0000 0.0000 0.0895 0.0733 0.0370 0.0000 0.0000 0.0000 0.0000 0.0233 0.0352 0.0756 0.0000 0.0000 0.0140 0.0001 0.0000 0.0372 0.0660 0.0000 0.0204 0.0256 0.2171 0.1077 0.1083 0.2279 0.3084 0.2334 0.2711
0.0000 0.0000 0.0000 0.0000 0.0000 0.0000 0.0000 0.0000 0.0000 0.0000 0.0000 0.0000 0.0000 0.0000 0.0000 0.0000 0.0000 0.0000 0.0000 0.0000 0.0000 0.0000 0.0000 0.0000 0.0000 0.0000 0.0000 0.0012 0.0002 0.0000 0.0000 0.0001 0.0000 0.0000 0.0000 0.0000 0.0000 0.0000 0.0000 0.0057 0.0050 0.0006 0.0028 0.0025 0.0000 0.0001 0.0000 0.0000 0.0000 0.0000 0.0000 0.0000 0.0000 0.0000 0.0000 0.0000 0.0007 0.0420 0.0000 0.0000 0.0000 0.0105 0.0258 0.0022
0.0892 0.0704 0.1124 0.1762 0.1187 0.1629 0.0593 0.0713 0.0686 0.0711 0.0001 0.0015 0.0000 0.1023 0.0658 0.0556 0.0042 0.0204 0.0203 0.0207 0.0011 0.0258 0.1227 0.1836 0.1527 0.2303 0.2663 0.2359 0.2102 0.1197 0.0358 0.0538 0.1033 0.0024 0.0851 0.1154 0.0008 0.0002 0.0003 0.0002 0.0001 0.0000 0.0000 0.0001 0.0001 0.0000 0.0000 0.0000 0.0000 0.0014 0.0000 0.0000 0.0119 0.0001 0.0142 0.0006 0.0000 0.0001 0.0001 0.0000 0.0173 0.0000 0.0235 0.0482
0.0000 0.0000 0.0000 0.0000 0.0237 0.0000 0.0594 0.0000 0.0000 0.0000 0.0000 0.0000 0.0000 0.0000 0.0000 0.0000 0.0000 0.0000 0.0000 0.0166 0.0055 0.0000 0.0000 0.0000 0.0000 0.0244 0.0000 0.0349 0.0474 0.1295 0.0346 0.0436 0.0711 0.0351 0.0373 0.0432 0.0541 0.0611 0.0124 0.0000 0.0000 0.0000 0.0000 0.0000 0.0000 0.0000 0.0000 0.0000 0.0000 0.0000 0.0000 0.0000 0.0000 0.0000 0.0000 0.0000 0.0008 0.0000 0.0000 0.0000 0.0000 0.0000 0.0000 0.0000
0.0014 0.0098 0.0003 0.0003 0.0008 0.0003 0.0002 0.0000 0.0000 0.0000 0.0000 0.0000 0.0000 0.0000 0.0000 0.0000 0.0000 0.0000 0.0000 0.0000 0.0000 0.0000 0.0015 0.0005 0.0000 0.0014 0.0000 0.0000 0.0000 0.0000 0.0000 0.0000 0.0001 0.0001 0.0003 0.0002 0.0002 0.0001 0.0001 0.0001 0.0001 0.0000 0.0001 0.0000 0.0000 0.0000 0.0000 0.0010 0.0016 0.0019 0.0029 0.0133 0.0021 0.0001 0.0001 0.0003 0.0001 0.0001 0.0001 0.0001 0.0000 0.0001 0.0004 0.0001
0.0000 0.0000 0.0000 0.0000 0.0000 0.0000 0.0000 0.0000 0.0000 0.0000 0.0000 0.0000 0.0000 0.0000 0.0000 0.0000 0.0000 0.0022 0.0026 0.0039 0.0030 0.0005 0.0023 0.0022 0.0040 0.0016 0.0023 0.0036 0.0029 0.0045 0.0041 0.0036 0.0000 0.0000 0.0031 0.0002 0.0090 0.0037 0.0030 0.0013 0.0032 0.0003 0.0021 0.0000 0.0000 0.0000 0.0000 0.0000 0.0000 0.0000 0.0000 0.0000 0.0000 0.0000 0.0000 0.0000 0.0000 0.0000 0.0000 0.0000 0.0000 0.0000 0.0000 0.0000
0.0000 0.0000 0.0000 0.0000 0.0010 0.0000 0.0321 0.0000 0.0000 0.0000 0.0000 0.0000 0.0123 0.0000 0.0364 0.0000 0.0000 0.0000 0.0000 0.0000 0.0000 0.0000 0.0229 0.0000 0.0000 0.0000 0.0000 0.0000 0.0164 0.0000 0.0000 0.0000 0.0000 0.0000 0.0000 0.0000 0.0000 0.0000 0.0009 0.0000 0.0000 0.0000 0.0000 0.0000 0.0000 0.0000 0.0019 0.0016 0.0001 0.0038 0.0001 0.0043 0.0000 0.0000 0.0000 0.0000 0.0000 0.0000 0.0000 0.0000 0.0066 0.0000 0.0000 0.0000
0.0000 0.0001 0.0000 0.0000 0.0000 0.0001 0.0001 0.0000 0.0001 0.0003 0.0009 0.0063 0.0000 0.0000 0.0000 0.0000 0.0000 0.0000 0.0000 0.0000 0.0000 0.0000 0.0000 0.0000 0.0001 0.0000 0.0000 0.0000 0.0000 0.0000 0.0000 0.0000 0.0000 0.0000 0.0000 0.0000 0.0001 0.0035 0.0008 0.0388 0.0014 0.0076 0.0111 0.0084 0.0201 0.0289 0.0373 0.0728 0.0741 0.0739 0.0327 0.0226 0.0003 0.0001 0.0000 0.0003 0.0000 0.0001 0.0149 0.0012 0.0002 0.0000 0.0000 0.0000
0.0113 0.0567 0.0004 0.0001 0.0001 0.0004 0.0471 0.0406 0.0365 0.0000 0.0000 0.0306 0.0509 0.0000 0.0307 0.0312 0.0000 0.0094 0.0312 0.0479 0.0407 0.0000 0.0000 0.0001 0.0000 0.0000 0.0000 0.0000 0.0000 0.0228 0.0224 0.0001 0.0346 0.0774 0.0356 0.0090 0.0154 0.0128 0.0111 0.0306 0.0329 0.1262 0.0163 0.0053 0.0008 0.0001 0.0001 0.0034 0.0003 0.0005 0.0011 0.0004 0.0009 0.0002 0.0007 0.0017 0.0001 0.0000 0.0001 0.0000 0.0000 0.0710 0.0205 0.0017
0.0044 0.0020 0.0000 0.0000 0.0000 0.0000 0.0001 0.0000 0.0001 0.0000 0.0000 0.0000 0.0224 0.0000 0.0000 0.0029 0.0032 0.0003 0.0000 0.0000 0.0000 0.0000 0.0000 0.0000 0.0000 0.0000 0.0000 0.0000 0.0000 0.0048 0.0266 0.0343 0.0309 0.0273 0.0270 0.0035 0.0000 0.0000 0.0001 0.0014 0.0011 0.0002 0.0006 0.0003 0.0000 0.0000 0.0189 0.0239 0.0000 0.0274 0.0355 0.0372 0.0001 0.0487 0.0015 0.0317 0.0000 0.0001 0.0000 0.0000 0.0000 0.0006 0.0000 0.0000
0.0000 0.0000 0.0000 0.0000 0.0000 0.0000 0.0000 0.0000 0.0000 0.0000 0.0001 0.0000 0.0000 0.0001 0.0015 0.0000 0.0001 0.0000 0.0003 0.0001 0.0001 0.0000 0.0000 0.0000 0.0000 0.0000 0.0000 0.0000 0.0000 0.0001 0.0004 0.0001 0.0003 0.0002 0.0029 0.0000 0.0000 0.0000 0.0001 0.0148 0.0645 0.0049 0.0003 0.0002 0.0001 0.0004 0.0062 0.0117 0.0097 0.0092 0.0016 0.0014 0.0097 0.0000 0.0052 0.0142 0.0003 0.0004 0.0007 0.0002 0.0002 0.0174 0.0178 0.0001
0.0000 0.0000 0.0000 0.0000 0.0000 0.0000 0.0000 0.0000 0.0008 0.0104 0.0016 0.0001 0.0053 0.0033 0.0000 0.0000 0.0000 0.0000 0.0000 0.0000 0.0000 0.0000 0.0000 0.0000 0.0000 0.0000 0.0000 0.0000 0.0000 0.0000 0.0000 0.0000 0.0001 0.0001 0.0002 0.0001 0.0002 0.0001 0.0003 0.0000 0.0000 0.0000 0.0034 0.0000 0.0000 0.0000 0.0000 0.0000 0.0000 0.0121 0.0000 0.0081 0.0010 0.0000 0.0033 0.0150 0.0136 0.0000 0.0060 0.0239 0.0000 0.0000 0.0000 0.0000
0.0000 0.0000 0.0001 0.0000 0.0414 0.0000 0.0000 0.0574 0.0000 0.0000 0.0000 0.0000 0.0000 0.0000 0.0000 0.0000 0.0000 0.0000 0.0000 0.0000 0.0000 0.0000 0.0000 0.0001 0.0001 0.0001 0.0001 0.0000 0.0000 0.0001 0.0000 0.0001 0.0001 0.0000 0.0002 0.0001 0.0002 0.0000 0.0003 0.0000 0.0000 0.0000 0.0008 0.0000 0.0000 0.0000 0.0000 0.0000 0.0000 0.0000 0.0000 0.0001 0.0002 0.0000 0.0000 0.0000 0.0000 0.0000 0.0000 0.0000 0.0000 0.0000 0.0000 0.0000
0.0118 0.0199 0.0000 0.0000 0.0000 0.0000 0.0000 0.0000 0.0000 0.0000 0.0060 0.0110 0.0350 0.0000 0.0295 0.0247 0.0144 0.0161 0.0781 0.0168 0.0201 0.0841 0.1846 0.1001 0.0668 0.0016 0.0030 0.0037 0.0102 0.0062 0.0011 0.0124 0.0188 0.0014 0.0000 0.0000 0.0000 0.0000 0.0004 0.0000 0.0000 0.0011 0.0032 0.0002 0.0000 0.0000 0.0004 0.0032 0.0010 0.0018 0.0008 0.0001 0.0227 0.0206 0.0000 0.0196 0.0001 0.0000 0.0018 0.0469 0.1062 0.0014 0.0010 0.0016
0.0000 0.0000 0.0000 0.0000 0.0000 0.0000 0.0000 0.0000 0.0000 0.0581 0.0373 0.0210 0.0000 0.0000 0.0000 0.0000 0.0000 0.0000 0.0000 0.0000 0.0000 0.0000 0.0000 0.0000 0.0000 0.0000 0.0000 0.0000 0.0000 0.0000 0.0000 0.0005 0.0002 0.0006 0.0001 0.0000 0.0000 0.0016 0.0048 0.0010 0.0097 0.0017 0.0010 0.0000 0.0000 0.0001 0.0007 0.0007 0.0003 0.0000 0.0011 0.0000 0.0000 0.0000 0.0019 0.0144 0.0029 0.0440 0.0002 0.0000 0.0000 0.0000 0.0000 0.0000
0.0265 0.0364 0.0123 0.0106 0.0112 0.0117 0.0198 0.0034 0.0038 0.0073 0.0074 0.0690 0.0690 0.0033 0.0254 0.0026 0.0018 0.0017 0.0035 0.0022 0.0021 0.0000 0.0000 0.0102 0.0000 0.0000 0.0000 0.0000 0.0000 0.0000 0.0000 0.0000 0.0000 0.0000 0.0000 0.0000 0.0000 0.0000 0.0000 0.0000 0.0000 0.0000 0.0000 0.0000 0.0044 0.0000 0.0000 0.0000 0.0000 0.0000 0.0000 0.0000 0.0000 0.0000 0.0173 0.0000 0.0254 0.0000 0.0170 0.0000 0.0000 0.0000 0.0000 0.0000
0.0000 0.0000 0.0000 0.0000 0.0000 0.0000 0.0000 0.0000 0.0000 0.0000 0.0000 0.0000 0.0000 0.0800 0.0000 0.0000 0.0000 0.0000 0.0437 0.0000 0.0000 0.0000 0.0000 0.0000 0.0000 0.0000 0.0000 0.0000 0.0000 0.0000 0.0000 0.0000 0.0000 0.0000 0.0000 0.0000 0.0000 0.0000 0.0008 0.0010 0.0000 0.0000 0.0000 0.0191 0.0000 0.0000 0.0000 0.0007 0.0000 0.0000 0.0000 0.0000 0.0000 0.0000 0.0289 0.0234 0.0000 0.0000 0.0000 0.0000 0.0000 0.0000 0.0000 0.0000
0.0377 0.0566 0.0790 0.1105 0.1259 0.1500 0.0927 0.1152 0.1433 0.1790 0.1940 0.1644 0.1692 0.1406 0.1169 0.1572 0.2291 0.2212 0.2046 0.1394 0.1677 0.0694 0.0042 0.0859 0.1243 0.1566 0.1068 0.1320 0.1151 0.1485 0.0908 0.0637 0.0941 0.0000 0.0200 0.0364 0.0000 0.0029 0.0037 0.0024 0.0000 0.0000 0.0000 0.0000 0.0000 0.0000 0.0000 0.0000 0.0000 0.0000 0.0000 0.0000 0.0000 0.0000 0.0191 0.0488 0.0387 0.0080 0.0000 0.0000 0.0000 0.0000 0.0000 0.0000
0.0000 0.0000 0.0001 0.0000 0.0000 0.0000 0.0000 0.0000 0.0000 0.0087 0.0000 0.0000 0.0021 0.0008 0.0000 0.0000 0.0000 0.0000 0.0000 0.0000 0.0001 0.0000 0.0235 0.0002 0.0001 0.0004 0.0026 0.0014 0.0104 0.0292 0.0094 0.0083 0.0028 0.0000 0.0105 0.0573 0.0000 0.0336 0.0357 0.0010 0.0007 0.0002 0.0006 0.0017 0.0000 0.0000 0.0000 0.0000 0.0000 0.0000 0.0001 0.0003 0.0014 0.0001 0.0247 0.0192 0.0074 0.0019 0.0000 0.0001 0.0070 0.0000 0.0221 0.0161
0.0002 0.0002 0.0001 0.0001 0.0000 0.0001 0.0001 0.0001 0.0001 0.0002 0.0001 0.0001 0.0001 0.0001 0.0013 0.0000 0.0000 0.0000 0.0010 0.0015 0.0000 0.0000 0.0000 0.0000 0.0000 0.0000 0.0000 0.0000 0.0000 0.0000 0.0001 0.0000 0.0000 0.0000 0.0000 0.0000 0.0000 0.0097 0.0101 0.0000 0.0000 0.0000 0.0090 0.0000 0.0000 0.0000 0.0000 0.0001 0.0001 0.0001 0.0002 0.0003 0.0002 0.0002 0.0001 0.0002 0.0000 0.0000 0.0001 0.0000 0.0000 0.0001 0.0001 0.0001
0.0000 0.0000 0.0000 0.0000 0.0000 0.0327 0.0010 0.0899 0.0208 0.0034 0.0099 0.0059 0.0030 0.0017 0.0031 0.0045 0.0018 0.0082 0.0056 0.0043 0.0031 0.0044 0.0006 0.0012 0.0001 0.0002 0.0000 0.0000 0.0000 0.0000 0.0000 0.0000 0.0000 0.0000 0.0000 0.0000 0.0000 0.0000 0.0000 0.0000 0.0000 0.0000 0.0000 0.0000 0.0000 0.0000 0.0000 0.0000 0.0000 0.0000 0.0000 0.0000 0.0000 0.0000 0.0000 0.0000 0.0000 0.0000 0.0000 0.0000 0.0000 0.0000 0.0000 0.0000
0.0137 0.0202 0.0110 0.0155 0.0061 0.0074 0.0103 0.0066 0.0042 0.0023 0.0156 0.0002 0.0000 0.0015 0.0000 0.0000 0.0001 0.0000 0.0000 0.0008 0.0020 0.0000 0.0000 0.0000 0.0000 0.0000 0.0000 0.0000 0.0000 0.0000 0.0000 0.0000 0.0000 0.0000 0.0000 0.0000 0.0000 0.0015 0.0007 0.0000 0.0000 0.0000 0.0000 0.0000 0.0000 0.0000 0.0152 0.0202 0.0004 0.0013 0.0074 0.0002 0.0002 0.0036 0.0000 0.0168 0.0021 0.0024 0.0013 0.0018 0.0017 0.0018 0.0023 0.0048
0.0595 0.0586 0.0388 0.0248 0.0000 0.0000 0.0005 0.0000 0.0000 0.0000 0.0000 0.0223 0.0370 0.0239 0.0335 0.0090 0.0002 0.0002 0.0000 0.0009 0.0005 0.0000 0.0000 0.0000 0.0000 0.0188 0.0000 0.0004 0.0110 0.0005 0.0000 0.0000 0.0001 0.0001 0.0002 0.0001 0.0002 0.0002 0.0002 0.0002 0.0001 0.0001 0.0001 0.0001 0.0000 0.0001 0.0001 0.0001 0.0004 0.0023 0.0203 0.0001 0.0001 0.0001 0.0199 0.0239 0.0290 0.0000 0.0666 0.0422 0.0608 0.0628 0.0379 0.0193
0.0000 0.0001 0.0000 0.0109 0.0000 0.0000 0.0000 0.0000 0.0000 0.0000 0.0000 0.0168 0.0001 0.0013 0.0000 0.0015 0.0000 0.0000 0.0000 0.0000 0.0000 0.0000 0.0000 0.0000 0.0000 0.0000 0.0000 0.0000 0.0000 0.0000 0.0000 0.0001 0.0000 0.0055 0.0000 0.0000 0.0000 0.0001 0.0000 0.0006 0.0002 0.0001 0.0003 0.0002 0.0000 0.0001 0.0000 0.0027 0.0000 0.0001 0.0001 0.0001 0.0000 0.0000 0.0000 0.0007 0.0001 0.0000 0.0056 0.0048 0.0058 0.0022 0.0022 0.0003
0.0000 0.0000 0.0000 0.0000 0.0000 0.0000 0.0000 0.0000 0.0000 0.0000 0.0000 0.0000 0.0187 0.0000 0.0000 0.0038 0.0000 0.0000 0.0000 0.0000 0.0015 0.0000 0.0138 0.0002 0.0000 0.0000 0.0000 0.0000 0.0000 0.0002 0.0000 0.0000 0.0000 0.0000 0.0000 0.0000 0.0000 0.0001 0.0008 0.0003 0.0001 0.0001 0.0001 0.0001 0.0001 0.0001 0.0001 0.0004 0.0001 0.0001 0.0005 0.0002 0.0002 0.0010 0.0000 0.0001 0.0101 0.0012 0.0000 0.0016 0.0003 0.0000 0.0000 0.0000
0.0000 0.0001 0.0000 0.0001 0.0000 0.0000 0.0000 0.0000 0.0001 0.0005 0.0005 0.0003 0.0001 0.0001 0.0002 0.0001 0.0000 0.0000 0.0002 0.0002 0.0001 0.0000 0.0001 0.0002 0.0002 0.0000 0.0000 0.0000 0.0002 0.0001 0.0002 0.0000 0.0000 0.0000 0.0001 0.0000 0.0000 0.0000 0.0000 0.0270 0.0017 0.0004 0.0010 0.0000 0.0306 0.0000 0.0000 0.0000 0.0000 0.0000 0.0000 0.0001 0.0000 0.0000 0.0000 0.0392 0.0000 0.0001 0.0028 0.0000 0.0000 0.0000 0.0000 0.0000
0.0000 0.0803 0.0000 0.0000 0.0000 0.0000 0.0000 0.0000 0.0000 0.0000 0.0000 0.0000 0.0000 0.0000 0.0000 0.0000 0.0000 0.0000 0.0000 0.0000 0.0000 0.0000 0.0000 0.0139 0.0000 0.0000 0.0000 0.0000 0.0000 0.0257 0.0000 0.0000 0.0000 0.0000 0.0000 0.0000 0.0000 0.0000 0.0000 0.0000 0.0000 0.0000 0.0000 0.0000 0.0000 0.0000 0.0000 0.0318 0.0000 0.0000 0.0000 0.0000 0.0000 0.0000 0.0000 0.0000 0.0000 0.0000 0.0000 0.0000 0.0000 0.0000 0.0000 0.0340
0.0273 0.0001 0.0296 0.0018 0.0293 0.0000 0.0000 0.0000 0.0000 0.0000 0.0000 0.0000 0.0000 0.0000 0.0000 0.0053 0.0000 0.0000 0.0000 0.0000 0.0000 0.0000 0.0000 0.0000 0.0000 0.0000 0.0203 0.0442 0.0275 0.0248 0.0700 0.0553 0.0000 0.0000 0.0144 0.0000 0.0000 0.0000 0.0000 0.0000 0.0000 0.0000 0.0000 0.0000 0.0000 0.0000 0.0000 0.0000 0.0000 0.0000 0.0000 0.0000 0.0000 0.0000 0.0000 0.0000 0.0000 0.0000 0.0134 0.0000 0.0000 0.0000 0.0000 0.0000
0.2566 0.2321 0.2053 0.1931 0.1790 0.0328 0.0024 0.1207 0.1164 0.0534 0.0816 0.0357 0.0116 0.0000 0.0000 0.0264 0.1030 0.1149 0.1193 0.0441 0.0000 0.0000 0.0000 0.0115 0.0000 0.0000 0.0000 0.0000 0.0000 0.0000 0.0000 0.0195 0.0000 0.0000 0.0584 0.0826 0.1552 0.1536 0.1697 0.1785 0.2498 0.3819 0.1767 0.1630 0.2000 0.2152 0.1978 0.0142 0.0241 0.0239 0.0328 0.0191 0.0053 0.0987 0.1278 0.1649 0.2009 0.1838 0.2609 0.3045 0.0583 0.0334 0.0343 0.0477
0.0001 0.0000 0.0001 0.0022 0.0017 0.0023 0.0001 0.0003 0.0005 0.0034 0.0013 0.0021 0.0009 0.0000 0.0000 0.0000 0.0000 0.0000 0.0000 0.0000 0.0004 0.0225 0.0417 0.0001 0.0006 0.0000 0.0245 0.0000 0.0314 0.0083 0.0008 0.0000 0.0046 0.0032 0.0031 0.0052 0.0117 0.0168 0.0154 0.0001 0.0001 0.0000 0.0000 0.0000 0.0000 0.0000 0.0000 0.0000 0.0000 0.0000 0.0021 0.0028 0.0018 0.0297 0.0004 0.0001 0.0017 0.0000 0.0002 0.0002 0.0000 0.0000 0.0000 0.0000
0.0000 0.0001 0.0000 0.0000 0.0040 0.0000 0.0000 0.0000 0.0000 0.0000 0.0000 0.0000 0.0000 0.0000 0.0000 0.0000 0.0000 0.0000 0.0000 0.0000 0.0000 0.0000 0.0000 0.0000 0.0000 0.0000 0.0011 0.0009 0.0021 0.0029 0.0024 0.0015 0.0047 0.0018 0.0034 0.0012 0.0633 0.0073 0.0038 0.0062 0.0044 0.0017 0.0036 0.0035 0.0030 0.0028 0.0036 0.0062 0.0045 0.0113 0.0074 0.0099 0.0128 0.0068 0.0028 0.0053 0.0039 0.0046 0.0050 0.0039 0.0041 0.0028 0.0022 0.0000
0.0000 0.0000 0.0000 0.0000 0.0000 0.0000 0.0000 0.0000 0.0845 0.0137 0.0000 0.0000 0.0000 0.0000 0.0000 0.0000 0.0302 0.0000 0.0000 0.0000 0.0000 0.0000 0.0000 0.0000 0.0251 0.0225 0.0242 0.0192 0.0000 0.0000 0.0000 0.0000 0.0000 0.0000 0.0000 0.0000 0.0000 0.0000 0.0000 0.0000 0.0000 0.0000 0.0000 0.0012 0.0000 0.0000 0.0000 0.0000 0.0000 0.0000 0.0000 0.0000 0.0000 0.0000 0.0000 0.0000 0.0043 0.0022 0.0000 0.0000 0.0000 0.0000 0.0000 0.0000
0.0337 0.0545 0.0483 0.0296 0.0000 0.0000 0.0080 0.0000 0.0273 0.0651 0.0106 0.0050 0.0079 0.0068 0.0014 0.0001 0.0021 0.0016 0.0017 0.0003 0.0001 0.0001 0.0002 0.0001 0.0001 0.0001 0.0001 0.0002 0.0002 0.0003 0.0002 0.0005 0.0009 0.0004 0.0009 0.0000 0.0002 0.0091 0.0220 0.0120 0.0010 0.0005 0.0006 0.0001 0.0000 0.0004 0.0002 0.0001 0.0000 0.0000 0.0001 0.0024 0.0041 0.0001 0.1225 0.0002 0.0000 0.0001 0.0001 0.0000 0.0000 0.0000 0.0000 0.0000
0.0001 0.0000 0.0000 0.0000 0.0000 0.0000 0.0000 0.0000 0.0000 0.0000 0.0000 0.0016 0.0054 0.0114 0.0106 0.0035 0.0000 0.0000 0.0000 0.0029 0.0009 0.0001 0.0000 0.0000 0.0001 0.0000 0.0000 0.0000 0.0000 0.0000 0.0000 0.0000 0.0000 0.0043 0.0084 0.0215 0.0332 0.0150 0.0505 0.0343 0.0305 0.0100 0.0002 0.0149 0.0000 0.0000 0.0000 0.0000 0.0000 0.0000 0.0025 0.0211 0.0434 0.0793 0.0231 0.0568 0.0000 0.0543 0.0430 0.0000 0.0000 0.0000 0.0000 0.0000
0.0000 0.0001 0.0000 0.0000 0.0000 0.0000 0.0000 0.0000 0.0001 0.0001 0.0001 0.0000 0.0000 0.0001 0.0001 0.0000 0.0000 0.0000 0.0000 0.0000 0.0000 0.0000 0.0000 0.0000 0.0001 0.0000 0.0000 0.0000 0.0000 0.0000 0.0080 0.0000 0.0000 0.0000 0.0120 0.0000 0.0000 0.0000 0.0000 0.0000 0.0000 0.0000 0.0000 0.0000 0.0000 0.0000 0.0000 0.0000 0.0000 0.0000 0.0000 0.0000 0.0000 0.0000 0.0000 0.0000 0.0000 0.0000 0.0235 0.0000 0.0000 0.0000 0.0000 0.0036
0.0000 0.0101 0.0086 0.0000 0.0000 0.0158 0.0000 0.0029 0.0000 0.0000 0.0400 0.0000 0.0000 0.0477 0.0001 0.0010 0.0005 0.0101 0.0129 0.0000 0.0010 0.0000 0.0003 0.0267 0.0458 0.0288 0.0244 0.0323 0.0492 0.0623 0.0664 0.1069 0.0132 0.0267 0.0494 0.0172 0.0000 0.0000 0.0000 0.0000 0.0000 0.0000 0.0000 0.0000 0.0000 0.0000 0.0000 0.0000 0.0000 0.0000 0.0000 0.0000 0.0371 0.0316 0.0128 0.0000 0.0000 0.0000 0.0000 0.0000 0.0000 0.0000 0.0000 0.0000
0.0000 0.0030 0.0038 0.0071 0.0000 0.0000 0.0000 0.0000 0.0024 0.0027 0.0106 0.0000 0.0082 0.0012 0.0397 0.0574 0.0028 0.0026 0.0023 0.0027 0.0051 0.0027 0.0040 0.0024 0.0047 0.0027 0.0022 0.0025 0.0031 0.0039 0.0036 0.0309 0.0035 0.0040 0.0247 0.0067 0.0247 0.0313 0.0056 0.0042 0.0048 0.0019 0.0050 0.0056 0.0038 0.0040 0.0044 0.0063 0.0048 0.0019 0.0039 0.0033 0.0016 0.0018 0.0000 0.0222 0.0263 0.0000 0.0000 0.0312 0.0000 0.0000 0.0000 0.0000
0.0000 0.0000 0.0000 0.0000 0.0000 0.0000 0.0001 0.0000 0.0000 0.0000 0.0214 0.0203 0.0000 0.0000 0.0028 0.0000 0.0000 0.0472 0.0000 0.0000 0.0000 0.0000 0.0001 0.0001 0.0002 0.0001 0.0000 0.0001 0.0000 0.0001 0.0001 0.0002 0.0001 0.0001 0.0003 0.0001 0.0002 0.0003 0.0007 0.0044 0.0006 0.0181 0.0526 0.0431 0.0262 0.0558 0.0294 0.0002 0.0000 0.0001 0.0001 0.0007 0.0003 0.0000 0.0000 0.0009 0.0000 0.0001 0.0000 0.0141 0.0000 0.0001 0.0000 0.0000
0.0446 0.0359 0.0227 0.0000 0.0000 0.1220 0.0016 0.0012 0.0000 0.0000 0.0000 0.0000 0.0000 0.0000 0.0000 0.0000 0.0512 0.0000 0.0000 0.0001 0.0000 0.0000 0.0141 0.0000 0.0000 0.0000 0.0000 0.0000 0.0000 0.0000 0.0000 0.0000 0.0000 0.0000 0.0000 0.0000 0.0000 0.0000 0.0000 0.0000 0.0000 0.0000 0.0000 0.0000 0.0000 0.0000 0.0000 0.0184 0.0188 0.0199 0.0241 0.0295 0.0451 0.0144 0.0270 0.0135 0.0567 0.0174 0.0278 0.0450 0.0000 0.0000 0.0000 0.0000
