0.0039 0.0012 0.0043 0.0017 0.0000 0.0000 0.0000 0.0000 0.0000 0.0000 0.0000 0.0000 0.0000 0.0000 0.0000 0.0000 0.0000 0.0000 0.0000 0.0000 0.0000 0.0000 0.0000 0.0000 0.0000 0.0000 0.0000 0.0000 0.0000 0.0000 0.0000 0.0000 0.0010 0.0009 0.0004 0.0000 0.0000 0.0000 0.0277 0.0906 0.1044 0.0000 0.0000 0.0000 0.0000 0.0000 0.0002 0.0003 0.0022 0.0031 0.0018 0.0049 0.0075 0.0002 0.0014 0.0034 0.0193 0.0073 0.0065 0.0031 0.0016 0.0030 0.0062 0.0016
0.0000 0.0000 0.0000 0.0000 0.0000 0.0000 0.0000 0.0000 0.0001 0.0001 0.0004 0.0000 0.0000 0.0000 0.0000 0.0001 0.0000 0.0000 0.0000 0.0000 0.0004 0.0000 0.0000 0.0012 0.0000 0.0000 0.0000 0.0007 0.0004 0.0005 0.0019 0.0006 0.0004 0.0003 0.0000 0.0000 0.0000 0.0001 0.0000 0.0053 0.0039 0.0038 0.0009 0.0023 0.0016 0.0010 0.0000 0.0000 0.0014 0.0000 0.0020 0.0012 0.0000 0.0000 0.0000 0.0000 0.0000 0.0009 0.0027 0.0000 0.0000 0.0000 0.0029 0.0016
0.0000 0.0000 0.0000 0.0000 0.0000 0.0000 0.0000 0.0000 0.0000 0.0000 0.0000 0.0000 0.0000 0.0027 0.0000 0.0000 0.0000 0.0000 0.0000 0.0000 0.0000 0.0000 0.0000 0.0000 0.0000 0.0000 0.0081 0.0000 0.0001 0.0000 0.0000 0.0000 0.0000 0.0000 0.0000 0.0001 0.0001 0.0000 0.0000 0.0001 0.0001 0.0002 0.0002 0.0001 0.0001 0.0001 0.0001 0.0003 0.0003 0.0006 0.0004 0.0012 0.0007 0.0003 0.0005 0.0018 0.0015 0.0000 0.0000 0.0000 0.0000 0.0000 0.0000 0.0000
0.0000 0.0000 0.1888 0.2020 0.4031 0.0002 0.0229 0.0929 0.4028 0.4346 0.5478 0.7564 0.6832 0.5307 0.5718 0.6535 0.2873 0.2229 0.0404 0.0000 0.0000 0.0000 0.0000 0.0000 0.0000 0.0000 0.0000 0.0000 0.0000 0.0000 0.0000 0.0000 0.0000 0.0001 0.0000 0.0000 0.0000 0.0009 0.0000 0.0000 0.0000 0.0000 0.0000 0.0000 0.0000 0.0000 0.0000 0.0000 0.0000 0.0000 0.0000 0.2180 0.2289 0.2964 0.4888 0.2662 0.2676 0.2698 0.0000 0.0773 0.3472 0.1053 0.0000 0.0000
0.0050 0.0014 0.0019 0.0037 0.0056 0.0047 0.0032 0.0056 0.0022 0.0014 0.0026 0.0004 0.0009 0.0005 0.0000 0.0045 0.0001 0.0010 0.0010 0.1168 0.0000 0.0198 0.0226 0.0008 0.0008 0.0009 0.0012 0.0004 0.0002 0.0040 0.0025 0.0000 0.0024 0.0002 0.0000 0.0000 0.0000 0.0000 0.0000 0.0000 0.0000 0.0000 0.0000 0.0000 0.0000 0.0000 0.0000 0.0000 0.0000 0.0078 0.0014 0.0000 0.0000 0.0000 0.0053 0.0416 0.0000 0.0000 0.0000 0.0000 0.0000 0.0002 0.0315 0.0000
0.0050 0.0066 0.0034 0.0032 0.0063 0.0052 0.0073 0.0074 0.0036 0.0036 0.0042 0.0044 0.0024 0.0015 0.0029 0.0009 0.0030 0.0021 0.0031 0.0049 0.0014 0.0008 0.0000 0.0099 0.0049 0.0035 0.0046 0.0026 0.0001 0.0000 0.0001 0.0001 0.0022 0.0015 0.0001 0.0008 0.0010 0.0008 0.0002 0.0001 0.0000 0.0000 0.0000 0.0000 0.0000 0.0000 0.0000 0.0000 0.0000 0.0000 0.0000 0.0000 0.0000 0.0000 0.0000 0.0000 0.0000 0.0000 0.0000 0.0000 0.0000 0.0000 0.0000 0.0001
0.0000 0.0000 0.0000 0.0017 0.0006 0.0001 0.0002 0.0001 0.0000 0.0000 0.0000 0.0004 0.0002 0.0000 0.0000 0.0003 0.0000 0.0000 0.0000 0.0001 0.0136 0.0031 0.0021 0.0405 0.0015 0.0037 0.0006 0.0040 0.0000 0.0000 0.0001 0.0004 0.0006 0.0005 0.0091 0.0000 0.0262 0.0348 0.1036 0.0060 0.0035 0.0014 0.0000 0.0000 0.0000 0.0000 0.0003 0.0036 0.0052 0.0010 0.0000 0.0000 0.0130 0.0001 0.0010 0.0018 0.0040 0.0028 0.0042 0.0028 0.0075 0.0079 0.0110 0.0026
0.0002 0.0997 0.0638 0.0004 0.0000 0.0000 0.0000 0.0000 0.0000 0.0000 0.0000 0.0000 0.0001 0.0003 0.0000 0.0002 0.0000 0.0000 0.0007 0.0076 0.0009 0.0018 0.0005 0.0008 0.0019 0.0005 0.0006 0.0006 0.0002 0.0002 0.0002 0.0001 0.0002 0.0000 0.0000 0.0000 0.0000 0.0000 0.0000 0.0000 0.0000 0.0000 0.0000 0.0000 0.0000 0.0000 0.0000 0.0000 0.0001 0.0015 0.0004 0.0099 0.0073 0.0008 0.0009 0.0034 0.0007 0.0000 0.0000 0.0000 0.0000 0.0169 0.0158 0.0000
0.0000 0.0648 0.0000 0.0000 0.1118 0.0192 0.0000 0.0002 0.0517 0.0002 0.0000 0.0000 0.0000 0.0000 0.0117 0.0057 0.0476 0.0000 0.0000 0.0014 0.0000 0.0000 0.0000 0.0569 0.0140 0.0560 0.0001 0.0014 0.0000 0.0001 0.0001 0.0001 0.0000 0.0001 0.0000 0.0001 0.0254 0.0165 0.0348 0.0770 0.0000 0.0000 0.0000 0.0000 0.0000 0.0000 0.0000 0.0000 0.0000 0.0001 0.0000 0.0112 0.0001 0.0000 0.0000 0.0001 0.0000 0.0000 0.0000 0.0004 0.0000 0.0129 0.0005 0.0000
0.0000 0.0000 0.0000 0.0052 0.0000 0.0000 0.0000 0.0000 0.0000 0.0000 0.0000 0.0000 0.0000 0.0000 0.0000 0.0000 0.0003 0.0000 0.0000 0.0376 0.0003 0.0005 0.0000 0.0046 0.0176 0.0008 0.0007 0.0021 0.0012 0.0017 0.0012 0.0004 0.0009 0.0013 0.0005 0.0006 0.0002 0.0008 0.0011 0.0003 0.0001 0.0016 0.0000 0.0005 0.0000 0.0004 0.0008 0.0014 0.0031 0.0043 0.0022 0.0046 0.0099 0.0040 0.0044 0.0151 0.0123 0.0090 0.0179 0.0088 0.0064 0.0069 0.0035 0.0035
0.0000 0.0000 0.0000 0.0000 0.0000 0.0000 0.0000 0.0000 0.0000 0.0000 0.0000 0.0000 0.0000 0.0000 0.0000 0.0000 0.0072 0.0135 0.0086 0.0134 0.5425 0.3590 0.2535 0.0004 0.0001 0.0008 0.0002 0.0002 0.0001 0.0000 0.0977 0.0000 0.0682 0.0758 0.0176 0.0000 0.2516 0.0000 0.0000 0.0743 0.0000 0.0000 0.0000 0.0000 0.0000 0.0000 0.0000 0.0000 0.0001 0.0001 0.0000 0.0001 0.0001 0.0000 0.0001 0.0001 0.0001 0.0001 0.0001 0.0000 0.0000 0.2133 0.0735 0.1909
0.0006 0.0007 0.0008 0.0010 0.0016 0.0021 0.0018 0.0053 0.0041 0.0045 0.0076 0.0061 0.0038 0.0004 0.0023 0.0003 0.0004 0.0012 0.0022 0.0017 0.0005 0.0009 0.0001 0.0033 0.0053 0.0027 0.0003 0.0006 0.0008 0.0003 0.0009 0.0004 0.0011 0.0003 0.0009 0.0003 0.0008 0.0016 0.0050 0.0000 0.0000 0.0000 0.0001 0.0016 0.0002 0.0000 0.0000 0.0000 0.0001 0.0000 0.0000 0.0000 0.0000 0.0000 0.0000 0.0000 0.0000 0.0000 0.0000 0.0000 0.0000 0.0000 0.0002 0.0001
0.0000 0.0000 0.0000 0.0000 0.0000 0.0002 0.0000 0.0000 0.0000 0.0000 0.0000 0.0000 0.0000 0.0000 0.0000 0.0000 0.0000 0.0000 0.0000 0.0000 0.0000 0.0000 0.0000 0.0000 0.0000 0.0000 0.0000 0.0000 0.0000 0.0000 0.0000 0.0000 0.0000 0.0000 0.0000 0.0000 0.0000 0.0001 0.0002 0.0010 0.0018 0.0006 0.0002 0.0001 0.0000 0.0000 0.0000 0.0000 0.0000 0.0000 0.0000 0.0000 0.0000 0.0001 0.0000 0.0000 0.0008 0.0000 0.0000 0.0000 0.0000 0.0000 0.0000 0.0000
0.0000 0.0000 0.0000 0.0000 0.0000 0.0000 0.0000 0.0000 0.0000 0.0000 0.0000 0.0004 0.0001 0.0002 0.0000 0.0000 0.0001 0.0000 0.0000 0.0000 0.0006 0.0003 0.0001 0.0000 0.0000 0.0000 0.0000 0.0000 0.0000 0.0000 0.0000 0.0000 0.0000 0.0179 0.0000 0.0000 0.0000 0.0000 0.0000 0.0000 0.0000 0.0001 0.0000 0.0000 0.0000 0.0000 0.0000 0.0000 0.0000 0.0000 0.0000 0.0000 0.0369 0.0157 0.0000 0.0296 0.0021 0.0099 0.0083 0.0000 0.0000 0.0011 0.0011 0.0010
0.0000 0.0000 0.0000 0.0001 0.0002 0.1640 0.0002 0.0003 0.0447 0.0000 0.0000 0.0000 0.0000 0.0140 0.0739 0.0520 0.0267 0.0387 0.0405 0.0004 0.0392 0.0000 0.0001 0.0000 0.0000 0.0000 0.0003 0.0003 0.0000 0.0003 0.0000 0.0008 0.0002 0.0000 0.0000 0.0000 0.0001 0.0000 0.0001 0.0000 0.0000 0.0516 0.0005 0.0001 0.0000 0.0000 0.0026 0.0000 0.0002 0.0009 0.0000 0.0000 0.0011 0.0072 0.0000 0.0004 0.0011 0.0000 0.0017 0.0037 0.0010 0.0000 0.0000 0.0002
0.0018 0.0028 0.0012 0.0011 0.0015 0.0011 0.0102 0.0016 0.0002 0.0001 0.0000 0.0000 0.0366 0.0000 0.0000 0.0000 0.0000 0.1090 0.0493 0.0356 0.0002 0.0000 0.0014 0.0008 0.0010 0.0004 0.0001 0.0007 0.0001 0.0000 0.0000 0.0001 0.0000 0.0002 0.0001 0.0002 0.0020 0.0018 0.0000 0.0000 0.0000 0.0000 0.0002 0.0000 0.0000 0.0000 0.0000 0.0000 0.0020 0.0004 0.0444 0.0897 0.1575 0.1676 0.1869 0.2134 0.0922 0.0580 0.0162 0.1162 0.0977 0.1409 0.1304 0.1491
0.0006 0.0000 0.0000 0.0000 0.0001 0.0000 0.0000 0.0000 0.0000 0.0000 0.0001 0.0001 0.0001 0.0000 0.0000 0.0000 0.0000 0.0000 0.0000 0.0000 0.0000 0.0015 0.0049 0.0222 0.0562 0.1073 0.1417 0.2112 0.1455 0.3282 0.3497 0.1934 0.2039 0.5760 0.3291 0.5853 0.1134 0.1376 0.2998 0.0684 0.2584 0.0001 0.0000 0.0001 0.0044 0.0002 0.0001 0.0042 0.0126 0.0195 0.0130 0.0638 0.0003 0.0000 0.0552 0.1055 0.0007 0.0036 0.0070 0.0134 0.0055 0.0004 0.0022 0.0001
0.0000 0.0001 0.0008 0.0016 0.0051 0.0021 0.0016 0.0021 0.0011 0.0009 0.0015 0.0021 0.0050 0.0047 0.0095 0.0020 0.0014 0.0014 0.0012 0.0000 0.0002 0.0000 0.0000 0.0000 0.0000 0.0000 0.0000 0.0000 0.0003 0.0001 0.0002 0.0000 0.0000 0.0000 0.0000 0.0004 0.0009 0.0002 0.0009 0.0000 0.0000 0.0001 0.0000 0.0000 0.0000 0.0000 0.0000 0.0000 0.0000 0.0000 0.0000 0.0000 0.0001 0.0000 0.0000 0.0000 0.0000 0.0000 0.0000 0.0000 0.0000 0.0000 0.0003 0.0008
0.0000 0.0000 0.0000 0.0003 0.0013 0.0010 0.0003 0.0010 0.0004 0.0000 0.0010 0.0000 0.0025 0.0016 0.0024 0.0023 0.0005 0.0005 0.0005 0.0006 0.0000 0.0001 0.0003 0.0000 0.0000 0.0000 0.0000 0.0000 0.0000 0.0000 0.0000 0.0000 0.0000 0.0000 0.0000 0.0000 0.0000 0.0000 0.0000 0.0000 0.0000 0.0003 0.0003 0.0000 0.0000 0.0000 0.0000 0.0000 0.0000 0.0000 0.0000 0.0000 0.0002 0.0079 0.0000 0.0000 0.0000 0.0000 0.0000 0.0000 0.0000 0.0000 0.0000 0.0000
0.0001 0.0000 0.0002 0.0001 0.0002 0.0001 0.0002 0.0002 0.0000 0.0000 0.0000 0.0000 0.0000 0.0007 0.0009 0.0000 0.0000 0.0000 0.0000 0.0001 0.0006 0.0004 0.0030 0.0000 0.0000 0.0000 0.0000 0.0000 0.0002 0.0001 0.0000 0.0000 0.0000 0.0000 0.0000 0.0005 0.0009 0.0011 0.0007 0.0012 0.0003 0.0008 0.0000 0.0016 0.0014 0.0026 0.0001 0.0000 0.0000 0.0000 0.0000 0.0006 0.0267 0.0065 0.0000 0.0000 0.0000 0.0002 0.0008 0.0004 0.0006 0.0007 0.0006 0.0002
0.0001 0.0002 0.0004 0.0000 0.0003 0.0429 0.0005 0.0026 0.0006 0.0007 0.0006 0.0005 0.0005 0.0010 0.0008 0.0008 0.0010 0.0021 0.0006 0.0000 0.0005 0.0135 0.0029 0.0008 0.0248 0.0027 0.0044 0.0007 0.0019 0.0042 0.0023 0.0017 0.0003 0.0088 0.0098 0.0209 0.0045 0.0713 0.1386 0.1237 0.2442 0.3792 0.5944 0.7034 0.6881 0.7204 0.7038 0.5494 0.5843 0.5547 0.4935 0.3267 0.2472 0.0000 0.0000 0.0000 0.0006 0.0033 0.0067 0.0000 0.0000 0.0000 0.0015 0.0001
0.0000 0.0000 0.0000 0.0000 0.0000 0.0000 0.0000 0.0000 0.0000 0.0000 0.0000 0.0000 0.0000 0.0000 0.0001 0.0000 0.0000 0.0000 0.0000 0.0000 0.0000 0.0000 0.0001 0.0004 0.0000 0.0000 0.0000 0.0000 0.0000 0.0000 0.0000 0.0000 0.0000 0.0000 0.0000 0.0000 0.0000 0.0000 0.0000 0.0000 0.0000 0.0000 0.0000 0.0000 0.0000 0.0000 0.0000 0.0000 0.0000 0.0000 0.0000 0.0000 0.0000 0.0000 0.0000 0.0000 0.0000 0.0000 0.0000 0.0000 0.0000 0.0000 0.0000 0.0000
0.0000 0.0000 0.0000 0.0000 0.0000 0.0000 0.0000 0.0000 0.0000 0.0000 0.0000 0.0000 0.0000 0.0000 0.0000 0.0000 0.0000 0.0000 0.0000 0.0000 0.0000 0.0000 0.0000 0.0000 0.0000 0.0000 0.0000 0.0000 0.0000 0.0000 0.0000 0.0000 0.0000 0.0001 0.0001 0.0002 0.0000 0.0000 0.0000 0.0000 0.0000 0.0000 0.0000 0.0000 0.0000 0.0000 0.0000 0.0000 0.0000 0.0000 0.0000 0.0006 0.0010 0.0005 0.0000 0.0000 0.0000 0.0010 0.0000 0.0000 0.0000 0.0000 0.0000 0.0000
0.0000 0.0000 0.0000 0.0000 0.0000 0.0000 0.0000 0.0000 0.0000 0.0000 0.0000 0.0000 0.0000 0.0000 0.0000 0.0047 0.0076 0.0088 0.0067 0.0002 0.0000 0.0201 0.0005 0.0042 0.0039 0.0000 0.0000 0.0000 0.0000 0.0000 0.0000 0.0000 0.0000 0.0000 0.0000 0.0000 0.0000 0.0000 0.0000 0.0000 0.0000 0.0000 0.0000 0.0000 0.0000 0.0000 0.0000 0.0000 0.0000 0.0000 0.0000 0.0000 0.0000 0.0000 0.0000 0.0000 0.0016 0.0008 0.0000 0.0000 0.0000 0.0000 0.0000 0.0000
0.0000 0.0000 0.0000 0.0000 0.0000 0.0000 0.0000 0.0000 0.0000 0.0000 0.0000 0.0000 0.0000 0.0000 0.0000 0.0000 0.0000 0.0000 0.0000 0.0000 0.0000 0.0000 0.0000 0.0000 0.0000 0.0000 0.0000 0.0000 0.0000 0.0000 0.0000 0.0000 0.0000 0.0000 0.0000 0.0000 0.0000 0.0000 0.0000 0.0000 0.0000 0.0000 0.0000 0.0000 0.0000 0.0000 0.0000 0.0000 0.0004 0.0000 0.0000 0.0003 0.0035 0.0005 0.0000 0.0005 0.0000 0.0000 0.0000 0.0000 0.0000 0.0000 0.0000 0.0000
0.0000 0.0000 0.0000 0.0000 0.0001 0.0000 0.0001 0.0001 0.0000 0.0000 0.0001 0.0002 0.0000 0.0002 0.0004 0.0005 0.0003 0.0001 0.0001 0.0122 0.0001 0.0001 0.0000 0.0000 0.0000 0.0000 0.0002 0.0000 0.0000 0.0000 0.0000 0.0000 0.0000 0.0243 0.0000 0.0000 0.0000 0.0546 0.0489 0.0421 0.0000 0.0000 0.0000 0.0000 0.0000 0.0000 0.0000 0.0000 0.0000 0.0000 0.0000 0.0000 0.0002 0.0000 0.0000 0.0189 0.0135 0.0016 0.0021 0.0001 0.0002 0.0009 0.0001 0.0002
0.0000 0.0000 0.0000 0.0000 0.0000 0.0000 0.0000 0.0000 0.0000 0.0000 0.0000 0.0000 0.0000 0.0000 0.0000 0.0000 0.0000 0.0000 0.0001 0.0001 0.0000 0.0000 0.0000 0.0000 0.0000 0.0000 0.0000 0.0008 0.0001 0.0000 0.0000 0.0000 0.0000 0.0000 0.0000 0.0000 0.0000 0.0000 0.0000 0.0000 0.0004 0.0000 0.0002 0.0002 0.0000 0.0000 0.0000 0.0000 0.0000 0.0000 0.0000 0.0000 0.0000 0.0000 0.0000 0.0000 0.0006 0.0441 0.0000 0.0000 0.0000 0.0007 0.0004 0.0001
0.0002 0.0001 0.0020 0.0059 0.0107 0.0388 0.0077 0.0090 0.0074 0.0103 0.0000 0.0000 0.0000 0.0125 0.0056 0.0025 0.0016 0.0021 0.0063 0.0026 0.0000 0.0111 0.0533 0.0044 0.0638 0.0097 0.0019 0.0028 0.0004 0.0514 0.0002 0.0000 0.0174 0.0000 0.0422 0.0804 0.0021 0.0007 0.0009 0.0007 0.0000 0.0019 0.0000 0.0003 0.0003 0.0000 0.0000 0.0000 0.0000 0.0006 0.0000 0.0000 0.0001 0.0000 0.0000 0.0000 0.0000 0.0000 0.0000 0.0000 0.0604 0.0000 0.1390 0.1237
0.0000 0.0000 0.0000 0.0000 0.0007 0.0000 0.0327 0.0000 0.0000 0.0000 0.0000 0.0000 0.0000 0.0000 0.0000 0.0000 0.0000 0.0000 0.0000 0.0061 0.0015 0.0000 0.0000 0.0000 0.0000 0.0074 0.0000 0.0229 0.0169 0.0022 0.0151 0.0102 0.0084 0.0069 0.0010 0.0041 0.0084 0.0098 0.0000 0.0000 0.0000 0.0000 0.0000 0.0000 0.0000 0.0000 0.0000 0.0000 0.0000 0.0000 0.0000 0.0000 0.0000 0.0000 0.0000 0.0000 0.0005 0.0000 0.0000 0.0000 0.0000 0.0000 0.0000 0.0000
0.0000 0.0001 0.0000 0.0000 0.0001 0.0000 0.0004 0.0000 0.0000 0.0000 0.0000 0.0000 0.0000 0.0000 0.0000 0.0000 0.0000 0.0000 0.0000 0.0000 0.0000 0.0000 0.0000 0.0004 0.0000 0.0010 0.0000 0.0000 0.0000 0.0000 0.0000 0.0000 0.0000 0.0000 0.0000 0.0000 0.0000 0.0000 0.0000 0.0000 0.0000 0.0000 0.0001 0.0000 0.0001 0.0000 0.0000 0.0003 0.0008 0.0003 0.0001 0.0012 0.0036 0.0005 0.0007 0.0011 0.0010 0.0015 0.0013 0.0012 0.0004 0.0005 0.0066 0.0005
0.0000 0.0000 0.0000 0.0000 0.0000 0.0000 0.0000 0.0000 0.0000 0.0000 0.0000 0.0000 0.0000 0.0000 0.0000 0.0000 0.0000 0.0000 0.0000 0.0000 0.0000 0.0000 0.0000 0.0003 0.0001 0.0001 0.0001 0.0000 0.0001 0.0001 0.0001 0.0001 0.0002 0.0000 0.0001 0.0001 0.0001 0.0000 0.0000 0.0000 0.0000 0.0000 0.0000 0.0000 0.0000 0.0000 0.0000 0.0000 0.0000 0.0000 0.0000 0.0000 0.0000 0.0000 0.0000 0.0000 0.0000 0.0000 0.0000 0.0000 0.0000 0.0000 0.0000 0.0000
0.0000 0.0000 0.0000 0.0000 0.0001 0.0000 0.0000 0.0000 0.0000 0.0000 0.0000 0.0000 0.0000 0.0000 0.0000 0.0000 0.0000 0.0000 0.0000 0.0000 0.0000 0.0000 0.0002 0.0000 0.0000 0.0000 0.0000 0.0000 0.0000 0.0000 0.0000 0.0000 0.0000 0.0000 0.0000 0.0000 0.0000 0.0000 0.0001 0.0000 0.0000 0.0000 0.0000 0.0000 0.0000 0.0000 0.0009 0.0004 0.0000 0.0006 0.0000 0.0024 0.0000 0.0000 0.0000 0.0000 0.0000 0.0000 0.0000 0.0000 0.0000 0.0000 0.0000 0.0000
0.0000 0.0000 0.0000 0.0000 0.0001 0.0001 0.0000 0.0000 0.0000 0.0001 0.0001 0.0001 0.0000 0.0000 0.0000 0.0000 0.0000 0.0000 0.0001 0.0001 0.0000 0.0000 0.0000 0.0001 0.0000 0.0000 0.0000 0.0000 0.0000 0.0000 0.0000 0.0000 0.0000 0.0000 0.0000 0.0000 0.0000 0.0000 0.0000 0.0011 0.0001 0.0008 0.0002 0.0002 0.0002 0.0002 0.0004 0.0010 0.0010 0.0017 0.0005 0.0013 0.0016 0.0002 0.0001 0.0012 0.0004 0.0004 0.0069 0.0006 0.0001 0.0001 0.0002 0.0002
0.0344 0.0455 0.0000 0.0000 0.0000 0.0004 0.0030 0.0639 0.0429 0.0000 0.0000 0.0615 0.0001 0.0000 0.0335 0.0190 0.0000 0.0000 0.0577 0.0659 0.0127 0.0000 0.0000 0.0000 0.0000 0.0000 0.0000 0.0000 0.0000 0.0001 0.0000 0.0000 0.0000 0.0001 0.0000 0.0000 0.0000 0.0000 0.0000 0.0002 0.0004 0.0819 0.0001 0.0004 0.0003 0.0000 0.0007 0.0034 0.0034 0.0054 0.0034 0.0056 0.0212 0.0023 0.0008 0.0048 0.0018 0.0014 0.0026 0.0013 0.0026 0.0456 0.0079 0.0009
0.0008 0.0003 0.0000 0.0000 0.0000 0.0000 0.0000 0.0000 0.0000 0.0000 0.0000 0.0000 0.0020 0.0000 0.0000 0.0023 0.0006 0.0000 0.0000 0.0000 0.0000 0.0000 0.0000 0.0000 0.0000 0.0000 0.0000 0.0000 0.0000 0.0002 0.0002 0.0001 0.0003 0.0003 0.0001 0.0000 0.0000 0.0000 0.0000 0.0000 0.0000 0.0000 0.0000 0.0000 0.0000 0.0000 0.0017 0.0114 0.0000 0.0005 0.0004 0.0011 0.0010 0.0006 0.0000 0.0000 0.0000 0.0003 0.0000 0.0000 0.0000 0.0000 0.0000 0.0000
0.0000 0.0000 0.0009 0.0004 0.0000 0.0007 0.0004 0.0007 0.0017 0.0010 0.0035 0.0010 0.0000 0.0033 0.0020 0.0023 0.0006 0.0001 0.0005 0.0006 0.0012 0.0022 0.0040 0.0042 0.0041 0.0015 0.0012 0.0019 0.0010 0.0009 0.0019 0.0001 0.0011 0.0009 0.0003 0.0002 0.0004 0.0006 0.0009 0.0125 0.0235 0.0023 0.0000 0.0000 0.0000 0.0000 0.0001 0.0012 0.0020 0.0022 0.0000 0.0000 0.0029 0.0000 0.0003 0.0002 0.0000 0.0000 0.0001 0.0000 0.0000 0.0004 0.0000 0.0000
0.0000 0.0000 0.0000 0.0000 0.0000 0.0000 0.0000 0.0000 0.0003 0.0047 0.0012 0.0000 0.0000 0.0000 0.0000 0.0000 0.0000 0.0000 0.0000 0.0000 0.0000 0.0000 0.0000 0.0000 0.0000 0.0000 0.0000 0.0000 0.0000 0.0000 0.0000 0.0000 0.0003 0.0010 0.0003 0.0004 0.0007 0.0004 0.0002 0.0000 0.0000 0.0000 0.0003 0.0000 0.0000 0.0000 0.0000 0.0000 0.0000 0.0003 0.0000 0.0001 0.0001 0.0000 0.0286 0.0002 0.0004 0.0000 0.0001 0.0631 0.0000 0.0000 0.0000 0.0000
0.0000 0.0000 0.0000 0.0000 0.0001 0.0000 0.0000 0.0186 0.0000 0.0000 0.0000 0.0000 0.0000 0.0000 0.0000 0.0000 0.0000 0.0000 0.0000 0.0001 0.0000 0.0000 0.0000 0.0007 0.0000 0.0011 0.0008 0.0004 0.0000 0.0002 0.0000 0.0001 0.0001 0.0000 0.0000 0.0000 0.0000 0.0000 0.0000 0.0000 0.0000 0.0001 0.0004 0.0000 0.0000 0.0000 0.0000 0.0001 0.0000 0.0000 0.0000 0.0000 0.0000 0.0000 0.0000 0.0000 0.0000 0.0000 0.0000 0.0000 0.0000 0.0000 0.0000 0.0000
0.0000 0.0004 0.0000 0.0000 0.0000 0.0000 0.0000 0.0000 0.0000 0.0000 0.1075 0.0455 0.0061 0.0000 0.0000 0.0056 0.0086 0.0293 0.0412 0.0005 0.0016 0.0019 0.0026 0.0070 0.0046 0.0028 0.0004 0.0389 0.1241 0.0208 0.0403 0.0419 0.1688 0.0489 0.0000 0.0000 0.0000 0.0000 0.0000 0.0000 0.0000 0.0207 0.0001 0.0000 0.0000 0.0000 0.0000 0.0000 0.0000 0.0000 0.0000 0.0000 0.0414 0.0156 0.0000 0.0163 0.0000 0.0000 0.0000 0.0006 0.0003 0.0000 0.0000 0.0000
0.0000 0.0000 0.0000 0.0000 0.0000 0.0000 0.0000 0.0000 0.0000 0.0001 0.0001 0.0002 0.0000 0.0000 0.0000 0.0000 0.0000 0.0000 0.0000 0.0000 0.0000 0.0000 0.0000 0.0000 0.0000 0.0000 0.0000 0.0000 0.0000 0.0000 0.0000 0.0000 0.0000 0.0000 0.0000 0.0000 0.0000 0.0001 0.0003 0.0006 0.0035 0.0012 0.0006 0.0001 0.0001 0.0001 0.0003 0.0001 0.0001 0.0000 0.0003 0.0000 0.0000 0.0000 0.0011 0.0011 0.0038 0.0214 0.0021 0.0003 0.0001 0.0000 0.0000 0.0011
0.1789 0.1420 0.2134 0.2804 0.4091 0.4707 0.0003 0.3278 0.2935 0.3080 0.2246 0.1103 0.1512 0.3571 0.2227 0.1662 0.1511 0.1785 0.2974 0.2874 0.0024 0.0000 0.0000 0.0072 0.0000 0.0008 0.0000 0.0000 0.0000 0.0000 0.0000 0.0000 0.0000 0.0000 0.0000 0.0000 0.0000 0.0000 0.0000 0.0000 0.0000 0.0000 0.0000 0.0000 0.0000 0.0000 0.0000 0.0000 0.0000 0.0000 0.0000 0.0000 0.0000 0.0000 0.0138 0.0000 0.0001 0.0000 0.0022 0.0000 0.0000 0.0000 0.0000 0.0000
0.0000 0.0000 0.0000 0.0000 0.0000 0.0000 0.0000 0.0000 0.0000 0.0000 0.0001 0.0000 0.0000 0.0000 0.0000 0.0002 0.0000 0.0000 0.0399 0.0000 0.0000 0.0002 0.0000 0.0000 0.0004 0.0013 0.0013 0.0017 0.0001 0.0000 0.0000 0.0000 0.0006 0.0007 0.0000 0.0000 0.0000 0.0000 0.0001 0.0001 0.0000 0.0000 0.0000 0.0000 0.0000 0.0000 0.0000 0.0001 0.0000 0.0000 0.0000 0.0000 0.0000 0.0000 0.0005 0.0124 0.0000 0.0000 0.0000 0.0000 0.0000 0.0000 0.0000 0.0000
0.0051 0.0031 0.0067 0.0015 0.0042 0.0075 0.0057 0.0084 0.0030 0.0068 0.0028 0.0032 0.0026 0.0012 0.0005 0.0008 0.0003 0.0003 0.0008 0.0006 0.0004 0.0005 0.0008 0.0497 0.2087 0.2455 0.2970 0.2928 0.4579 0.2588 0.0875 0.1061 0.3089 0.0000 0.0025 0.0236 0.0000 0.0001 0.1204 0.1858 0.0000 0.0000 0.0000 0.0000 0.0000 0.0000 0.0000 0.0000 0.0000 0.0000 0.0000 0.0000 0.0000 0.0000 0.0000 0.0005 0.0001 0.0000 0.0000 0.0000 0.0000 0.0000 0.0000 0.0000
0.0000 0.0000 0.0000 0.0000 0.0000 0.0000 0.0000 0.0000 0.0000 0.0000 0.0000 0.0000 0.0000 0.0000 0.0000 0.0000 0.0000 0.0000 0.0000 0.0000 0.0000 0.0000 0.0066 0.0002 0.0001 0.0000 0.0005 0.0009 0.0002 0.0001 0.0001 0.0000 0.0001 0.0000 0.0001 0.0024 0.0000 0.0174 0.0173 0.0000 0.0000 0.0000 0.0000 0.0001 0.0000 0.0000 0.0000 0.0000 0.0000 0.0000 0.0000 0.0003 0.0056 0.0007 0.0005 0.0010 0.0057 0.0015 0.0000 0.0000 0.0000 0.0000 0.0417 0.1090
0.0006 0.0008 0.0006 0.0007 0.0010 0.0009 0.0010 0.0009 0.0004 0.0006 0.0006 0.0006 0.0002 0.0002 0.0003 0.0000 0.0000 0.0000 0.0000 0.0001 0.0000 0.0000 0.0000 0.0000 0.0000 0.0000 0.0000 0.0000 0.0001 0.0001 0.0001 0.0002 0.0000 0.0000 0.0000 0.0000 0.0000 0.0001 0.0001 0.0000 0.0000 0.0002 0.0000 0.0002 0.0000 0.0004 0.0007 0.0007 0.0008 0.0010 0.0002 0.0009 0.0013 0.0005 0.0004 0.0010 0.0007 0.0004 0.0013 0.0006 0.0007 0.0008 0.0007 0.0002
0.0000 0.0000 0.0000 0.0000 0.0000 0.0000 0.0000 0.0108 0.0001 0.0000 0.0010 0.0014 0.0001 0.0000 0.0004 0.0002 0.0000 0.0002 0.0002 0.0001 0.0000 0.0000 0.0000 0.0000 0.0000 0.0000 0.0000 0.0000 0.0000 0.0000 0.0000 0.0000 0.0000 0.0000 0.0000 0.0000 0.0000 0.0000 0.0000 0.0000 0.0000 0.0000 0.0000 0.0000 0.0000 0.0000 0.0000 0.0000 0.0000 0.0000 0.0000 0.0000 0.0000 0.0000 0.0000 0.0000 0.0000 0.0000 0.0000 0.0000 0.0000 0.0000 0.0000 0.0000
0.0001 0.0001 0.0001 0.0006 0.0010 0.0003 0.1298 0.1710 0.0000 0.0000 0.0001 0.0000 0.0000 0.0000 0.0000 0.0000 0.0001 0.0001 0.0000 0.0002 0.0000 0.0000 0.0000 0.0000 0.0000 0.0000 0.0000 0.0000 0.0000 0.0000 0.0000 0.0000 0.0000 0.0000 0.0000 0.0000 0.0000 0.0000 0.0000 0.0000 0.0000 0.0000 0.0000 0.0000 0.0000 0.0000 0.0000 0.0001 0.0000 0.0759 0.0791 0.0000 0.0000 0.1943 0.0000 0.0016 0.1934 0.2236 0.3356 0.3834 0.4013 0.4023 0.4815 0.3880
0.0785 0.0730 0.0415 0.0214 0.0000 0.0000 0.0000 0.0000 0.0000 0.0000 0.0000 0.0001 0.0000 0.0000 0.0000 0.0000 0.0000 0.0000 0.0000 0.0000 0.0000 0.0000 0.0000 0.0000 0.0000 0.0006 0.0000 0.0000 0.0000 0.0000 0.0000 0.0000 0.0001 0.0002 0.0002 0.0002 0.0002 0.0003 0.0004 0.0005 0.0005 0.0006 0.0001 0.0002 0.0001 0.0001 0.0003 0.0002 0.0002 0.0009 0.0012 0.0000 0.0000 0.0000 0.0212 0.0195 0.0002 0.0000 0.0821 0.0127 0.0183 0.0228 0.0221 0.0000
0.0001 0.0001 0.0000 0.0000 0.0002 0.0000 0.0000 0.0000 0.0000 0.0000 0.0000 0.0000 0.0000 0.0003 0.0000 0.0011 0.0000 0.0000 0.0000 0.0000 0.0002 0.0003 0.0002 0.0004 0.0002 0.0000 0.0000 0.0001 0.0000 0.0000 0.0000 0.0000 0.0000 0.0000 0.0000 0.0000 0.0000 0.0000 0.0000 0.0012 0.0008 0.0000 0.0008 0.0000 0.0000 0.0002 0.0000 0.0000 0.0000 0.0004 0.0001 0.0004 0.0000 0.0000 0.0000 0.0000 0.0000 0.0000 0.0044 0.0028 0.0019 0.0000 0.0001 0.0000
0.0000 0.0000 0.0000 0.0000 0.0000 0.0000 0.0000 0.0000 0.0000 0.0000 0.0000 0.0000 0.0001 0.0000 0.0000 0.0014 0.0007 0.0000 0.0000 0.0000 0.0004 0.0008 0.0028 0.0003 0.0000 0.0000 0.0000 0.0001 0.0000 0.0000 0.0000 0.0000 0.0005 0.0006 0.0000 0.0006 0.0011 0.0010 0.0021 0.0002 0.0004 0.0002 0.0002 0.0004 0.0001 0.0001 0.0004 0.0010 0.0006 0.0013 0.0003 0.0019 0.0049 0.0011 0.0000 0.0000 0.0000 0.0005 0.0000 0.0003 0.0002 0.0000 0.0000 0.0000
0.0000 0.0000 0.0000 0.0001 0.0002 0.0000 0.0000 0.0000 0.0001 0.0001 0.0004 0.0005 0.0004 0.0005 0.0006 0.0010 0.0002 0.0002 0.0005 0.0009 0.0004 0.0004 0.0007 0.0005 0.0008 0.0000 0.0000 0.0001 0.0004 0.0003 0.0004 0.0000 0.0000 0.0000 0.0000 0.0000 0.0000 0.0000 0.0000 0.0012 0.0010 0.0003 0.0058 0.0000 0.0016 0.0000 0.0000 0.0000 0.0000 0.0000 0.0009 0.0010 0.0000 0.0000 0.0001 0.0029 0.0002 0.0010 0.0014 0.0000 0.0000 0.0000 0.0008 0.0002
0.0000 0.0815 0.0000 0.0000 0.0000 0.0000 0.0000 0.0000 0.0000 0.0000 0.0000 0.0000 0.0000 0.0000 0.0000 0.0000 0.0000 0.0000 0.0000 0.0000 0.0000 0.0000 0.0000 0.0388 0.0000 0.0000 0.0000 0.0000 0.0000 0.0000 0.0000 0.0000 0.0000 0.0000 0.0000 0.0000 0.0000 0.0000 0.0000 0.0000 0.0000 0.0000 0.0000 0.0000 0.0000 0.0000 0.0000 0.0000 0.0000 0.0000 0.0000 0.0000 0.0000 0.0000 0.0000 0.0000 0.0000 0.0000 0.0000 0.0000 0.0000 0.0000 0.0000 0.0107
0.0044 0.0000 0.0000 0.0000 0.0001 0.0000 0.0000 0.0000 0.0000 0.0000 0.0000 0.0000 0.0000 0.0000 0.0000 0.0002 0.0000 0.0000 0.0000 0.0000 0.0000 0.0000 0.0000 0.0000 0.0000 0.0000 0.0564 0.0679 0.0317 0.0192 0.0558 0.0244 0.0000 0.0000 0.0192 0.0000 0.0000 0.0000 0.0000 0.0000 0.0000 0.0000 0.0000 0.0000 0.0000 0.0000 0.0000 0.0000 0.0000 0.0000 0.0000 0.0000 0.0000 0.0000 0.0000 0.0000 0.0000 0.0000 0.0001 0.0000 0.0000 0.0000 0.0000 0.0000
0.5529 0.2702 0.2884 0.3845 0.0324 0.0002 0.3856 0.0677 0.0010 0.0008 0.0018 0.0009 0.0000 0.0000 0.0000 0.0002 0.1459 0.1327 0.1466 0.0373 0.0001 0.0000 0.0001 0.0153 0.0000 0.0000 0.0000 0.0000 0.0000 0.0000 0.0000 0.0000 0.0000 0.0000 0.0000 0.0000 0.0000 0.0000 0.0001 0.0002 0.0005 0.0157 0.0007 0.0016 0.0036 0.0047 0.0067 0.0097 0.0210 0.0302 0.0127 0.0154 0.0519 0.1937 0.0774 0.2125 0.2177 0.3274 0.3859 0.2265 0.0452 0.0151 0.0171 0.0132
0.0044 0.0035 0.0007 0.0005 0.0024 0.0003 0.0000 0.0000 0.0000 0.0000 0.0006 0.0022 0.0003 0.0000 0.0000 0.0000 0.0000 0.0000 0.0000 0.0000 0.0001 0.0132 0.0006 0.0000 0.0002 0.0000 0.0000 0.0000 0.0001 0.0007 0.0000 0.0000 0.0000 0.0006 0.0005 0.0002 0.0000 0.0002 0.0001 0.0000 0.0000 0.0000 0.0000 0.0000 0.0000 0.0000 0.0000 0.0000 0.0000 0.0000 0.0005 0.0009 0.0014 0.0070 0.0003 0.0000 0.0018 0.0000 0.0001 0.0001 0.0000 0.0001 0.0001 0.0000
0.0000 0.0000 0.0000 0.0000 0.0000 0.0000 0.0000 0.0000 0.0000 0.0000 0.0000 0.0000 0.0000 0.0000 0.0000 0.0000 0.0000 0.0000 0.0000 0.0000 0.0000 0.0000 0.0000 0.0000 0.0000 0.0000 0.0000 0.0000 0.0000 0.0000 0.0000 0.0000 0.0000 0.0000 0.0000 0.0000 0.0003 0.0000 0.0001 0.0003 0.0005 0.0002 0.0001 0.0001 0.0001 0.0000 0.0001 0.0004 0.0003 0.0014 0.0002 0.0013 0.0034 0.0008 0.0006 0.0007 0.0013 0.0009 0.0012 0.0002 0.0004 0.0009 0.0001 0.0000
0.0000 0.0000 0.0000 0.0000 0.0000 0.0000 0.0000 0.0000 0.0005 0.0001 0.0000 0.0000 0.0000 0.0000 0.0000 0.0000 0.0107 0.0000 0.0000 0.0000 0.0000 0.0000 0.0000 0.0000 0.0002 0.0005 0.0012 0.0001 0.0000 0.0000 0.0000 0.0000 0.0000 0.0000 0.0000 0.0000 0.0000 0.0000 0.0000 0.0000 0.0000 0.0000 0.0000 0.0004 0.0000 0.0000 0.0000 0.0000 0.0000 0.0000 0.0000 0.0000 0.0000 0.0000 0.0000 0.0000 0.0031 0.0029 0.0000 0.0000 0.0000 0.0000 0.0000 0.0000
0.0652 0.0771 0.0943 0.0158 0.0000 0.0000 0.0390 0.0000 0.0002 0.0542 0.0001 0.0010 0.0005 0.0000 0.0000 0.0000 0.0000 0.0002 0.0001 0.0001 0.0001 0.0003 0.0004 0.0018 0.0012 0.0004 0.0002 0.0007 0.0001 0.0001 0.0000 0.0001 0.0001 0.0000 0.0000 0.0000 0.0000 0.0002 0.0000 0.0004 0.0012 0.0013 0.0011 0.0003 0.0001 0.0018 0.0004 0.0002 0.0000 0.0000 0.0000 0.0013 0.0040 0.0001 0.0827 0.0006 0.0001 0.0000 0.0005 0.0000 0.0000 0.0001 0.0000 0.0000
0.0000 0.0000 0.0000 0.0000 0.0000 0.0000 0.0000 0.0000 0.0000 0.0000 0.0000 0.0000 0.0000 0.0001 0.0001 0.0000 0.0001 0.0003 0.0003 0.0014 0.0006 0.0002 0.0000 0.0004 0.0001 0.0000 0.0002 0.0001 0.0002 0.0000 0.0000 0.0000 0.0000 0.0017 0.0011 0.0000 0.0000 0.0005 0.0021 0.0002 0.0001 0.0006 0.0000 0.0000 0.0000 0.0000 0.0000 0.0000 0.0000 0.0000 0.0000 0.0001 0.0010 0.0002 0.0000 0.0015 0.0000 0.0041 0.0001 0.0000 0.0000 0.0000 0.0000 0.0000
0.0000 0.0000 0.0000 0.0000 0.0000 0.0000 0.0000 0.0000 0.0000 0.0000 0.0000 0.0000 0.0000 0.0000 0.0000 0.0000 0.0000 0.0000 0.0000 0.0000 0.0000 0.0000 0.0000 0.0001 0.0000 0.0000 0.0000 0.0000 0.0000 0.0000 0.0000 0.0000 0.0000 0.0000 0.0000 0.0000 0.0000 0.0000 0.0000 0.0000 0.0000 0.0000 0.0000 0.0000 0.0000 0.0000 0.0000 0.0000 0.0000 0.0000 0.0000 0.0000 0.0000 0.0000 0.0000 0.0000 0.0000 0.0000 0.0004 0.0000 0.0000 0.0000 0.0000 0.0001
0.0000 0.0002 0.0003 0.0000 0.0000 0.0001 0.0000 0.0001 0.0000 0.0000 0.0534 0.0000 0.0000 0.0524 0.0000 0.0007 0.0000 0.0007 0.0006 0.0000 0.0004 0.0002 0.0000 0.0065 0.0023 0.0011 0.0017 0.0013 0.0033 0.0004 0.0036 0.0021 0.0013 0.0001 0.0001 0.0000 0.0000 0.0000 0.0000 0.0000 0.0000 0.0000 0.0000 0.0000 0.0000 0.0000 0.0000 0.0000 0.0000 0.0000 0.0000 0.0000 0.0017 0.0006 0.0002 0.0000 0.0000 0.0000 0.0000 0.0000 0.0000 0.0000 0.0000 0.0000
0.0000 0.0897 0.0652 0.0661 0.0000 0.0000 0.0000 0.0000 0.1373 0.1668 0.0361 0.0000 0.1009 0.0137 0.0574 0.0685 0.2460 0.2533 0.2521 0.3628 0.3767 0.5466 0.6352 0.7142 0.5807 0.5462 0.4738 0.3404 0.2117 0.3045 0.3377 0.6160 0.2097 0.2292 0.5638 0.2779 0.5593 0.6459 0.1926 0.3025 0.3492 0.4302 0.3912 0.2851 0.2969 0.2666 0.2781 0.4043 0.3118 0.2528 0.1606 0.1408 0.0946 0.0685 0.0000 0.0182 0.0004 0.0000 0.0000 0.0002 0.0000 0.0000 0.0000 0.0000
0.0000 0.0000 0.0000 0.0000 0.0000 0.0000 0.0000 0.0000 0.0000 0.0000 0.0001 0.0001 0.0000 0.0000 0.0000 0.0000 0.0000 0.0002 0.0000 0.0000 0.0000 0.0001 0.0003 0.0007 0.0002 0.0004 0.0003 0.0005 0.0004 0.0002 0.0000 0.0003 0.0003 0.0004 0.0007 0.0004 0.0003 0.0002 0.0006 0.0022 0.0013 0.0020 0.0007 0.0005 0.0005 0.0009 0.0013 0.0004 0.0002 0.0002 0.0000 0.0005 0.0011 0.0000 0.0000 0.0003 0.0000 0.0000 0.0000 0.0343 0.0000 0.0000 0.0000 0.0000
0.0569 0.0345 0.0200 0.0000 0.0000 0.2366 0.3457 0.2016 0.0000 0.0000 0.0000 0.0000 0.0000 0.0000 0.0000 0.0000 0.0497 0.0000 0.0004 0.0004 0.0000 0.0000 0.0000 0.0000 0.0000 0.0000 0.0000 0.0000 0.0000 0.0000 0.0000 0.0000 0.0000 0.0000 0.0000 0.0000 0.0000 0.0000 0.0000 0.0000 0.0000 0.0000 0.0000 0.0000 0.0000 0.0000 0.0000 0.0059 0.0456 0.0302 0.1799 0.0904 0.0149 0.0051 0.0259 0.0002 0.1483 0.0001 0.0975 0.0454 0.0000 0.0000 0.0000 0.0000
